======================
   8      33 sdc1 193727344 1762237 10605768102 324075322 256313520 462321536 138204468880 319535105 0 129503231 644950591
======================
   8      33 sdc1 193727360 1762237 10605768230 324078663 256313651 462323405 138206746256 319601307 16 129507561 645024779
======================
   8      33 sdc1 193727370 1762237 10605768310 324082144 256313810 462325279 138209209848 319670957 11 129512266 645098405
======================
   8      33 sdc1 193727381 1762237 10605768398 324087209 256313967 462327730 138211850360 319740083 34 129517267 645170697
======================
   8      33 sdc1 193727391 1762237 10605768478 324090261 256314139 462329589 138214392856 319801560 12 129522098 645236264
======================
   8      33 sdc1 193727402 1762237 10605768566 324094643 256314291 462331523 138217034848 319857835 10 129527101 645294963
======================
   8      33 sdc1 193727412 1762237 10605768646 324098900 256314434 462333468 138219515936 319907450 18 129531849 645348738
======================
   8      33 sdc1 193727423 1762237 10605768734 324103175 256314584 462335297 138222115744 319957923 9 129536768 645402718
======================
   8      33 sdc1 193727434 1762237 10605768822 324107173 256314734 462337345 138224690856 320015685 21 129541671 645464309
======================
   8      33 sdc1 193727444 1762237 10605768902 324111784 256314888 462339132 138227345192 320079570 6 129546674 645533269
======================
   8      33 sdc1 193727454 1762237 10605768982 324115248 256315039 462341039 138229928360 320139802 6 129551581 645598587
======================
   8      33 sdc1 193727465 1762237 10605769070 324119527 256315273 462343284 138232448168 320211168 21 129556360 645674566
======================
   8      33 sdc1 193727475 1762237 10605769150 324123631 256315564 462345088 138235078136 320297288 19 129561361 645764066
======================
   8      33 sdc1 193727486 1762237 10605769238 324128283 256315849 462346858 138237703744 320372506 12 129566364 645843474
======================
   8      33 sdc1 193727497 1762237 10605769326 324132557 256316136 462348703 138240259776 320459326 25 129571242 645934054
======================
   8      33 sdc1 193727507 1762237 10605769406 324136581 256316411 462350517 138242838912 320550077 32 129576137 646031952
======================
   8      33 sdc1 193727517 1762237 10605769486 324140302 256316685 462352148 138245338832 320643828 15 129580882 646131136
======================
   8      33 sdc1 193727528 1762237 10605769574 324144864 256316956 462353966 138247900480 320749785 22 129585750 646237837
======================
   8      33 sdc1 193727538 1762237 10605769654 324149113 256317231 462355777 138250452480 320830242 32 129590626 646323270
======================
   8      33 sdc1 193727549 1762237 10605769742 324153552 256317529 462357640 138253086896 320925051 29 129595628 646430554
======================
   8      33 sdc1 193727558 1762237 10605769814 324158012 256317819 462359247 138255537648 321026670 20 129600245 646528583
======================
   8      33 sdc1 193727568 1762237 10605769894 324162147 256318131 462361018 138258186480 321115920 17 129605247 646623291
======================
   8      33 sdc1 193727581 1762237 10605769998 324165883 256318837 462362736 138260829816 321539445 106 129610249 647110168
======================
   8      33 sdc1 193727591 1762237 10605770078 324169281 256319198 462364330 138263481488 321782869 42 129615252 647296336
======================
   8      33 sdc1 193727600 1762237 10605770150 324173272 256319514 462365907 138265981632 321872474 22 129619988 647389360
======================
   8      33 sdc1 193727611 1762237 10605770238 324177893 256319834 462367684 138268619584 321978294 21 129624989 647501979
======================
   8      33 sdc1 193727621 1762237 10605770318 324182276 256320142 462369338 138271062776 322089713 10 129629640 647615396
======================
   8      33 sdc1 193727631 1762237 10605770398 324186207 256320445 462371115 138273554384 322178679 27 129634333 647710758
======================
   8      33 sdc1 193727642 1762237 10605770486 324190398 256320773 462372886 138276196608 322286987 24 129639335 647820693
======================
   8      33 sdc1 193727652 1762237 10605770566 324194696 256321083 462374665 138278743232 322367770 31 129644220 647904677
======================
   8      33 sdc1 193727663 1762237 10605770654 324198888 256321391 462376437 138281315648 322471822 47 129649081 648012799
======================
   8      33 sdc1 193727673 1762237 10605770734 324203115 256321731 462378026 138283942592 322577919 6 129654080 648124527
======================
   8      33 sdc1 193727683 1762237 10605770814 324207511 256322055 462379860 138286493816 322664946 15 129658948 648218486
======================
   8      33 sdc1 193727695 1762237 10605770910 324211822 256322543 462381472 138289075640 322845102 134 129663816 648426424
======================
   8      33 sdc1 193727705 1762237 10605770990 324214577 256323080 462383027 138291726048 323230913 15 129668819 648791991
======================
   8      33 sdc1 193727715 1762237 10605771070 324219063 256323407 462384758 138294178384 323353515 38 129673445 648913659
======================
   8      33 sdc1 193727726 1762237 10605771158 324223565 256323754 462386497 138296825752 323461098 26 129678447 649027841
======================
   8      33 sdc1 193727737 1762237 10605771246 324227686 256324103 462388265 138299462360 323551093 28 129683430 649126023
======================
   8      33 sdc1 193727747 1762237 10605771326 324232010 256324445 462390023 138302104360 323663084 26 129688432 649239210
======================
   8      33 sdc1 193727757 1762237 10605771406 324236050 256324777 462391595 138304589480 323750715 10 129693161 649330358
======================
   8      33 sdc1 193727768 1762237 10605771494 324240461 256325114 462393409 138307068216 323847461 29 129697877 649433869
======================
   8      33 sdc1 193727777 1762237 10605771566 324244633 256325418 462394998 138309457720 323944154 24 129702427 649530617
======================
   8      33 sdc1 193727788 1762237 10605771654 324249115 256325765 462396749 138312101040 324068502 21 129707429 649664352
======================
   8      33 sdc1 193727799 1762237 10605771742 324253409 256326116 462398495 138314722616 324164571 21 129712430 649762524
======================
   8      33 sdc1 193727809 1762237 10605771822 324257542 256326445 462400252 138317288312 324259232 31 129717272 649862628
======================
   8      33 sdc1 193727820 1762237 10605771910 324261006 256327111 462401680 138319934344 324542515 35 129722275 650146887
======================
   8      33 sdc1 193727829 1762237 10605771982 324264767 256327481 462403227 138322473864 324662466 4 129727072 650270174
======================
   8      33 sdc1 193727838 1762237 10605772054 324268906 256327833 462405013 138324922896 324765419 24 129731698 650376415
======================
   8      33 sdc1 193727850 1762237 10605772150 324273406 256328197 462406908 138327571856 324895042 59 129736714 650516709
======================
   8      33 sdc1 193727860 1762237 10605772230 324277490 256328561 462408474 138330201608 325006208 15 129741714 650626330
started
======================
   8      33 sdc1 193728074 1762237 10605780392 324278017 256328596 462408490 138330308520 325010373 2 129742044 650628451
======================
   8      33 sdc1 193738742 1762237 10608511400 324287031 256328596 462408490 138330308520 325010373 2 129747046 650637458
======================
   8      33 sdc1 193749517 1762239 10611270312 324295801 256328598 462408492 138330308552 325010380 2 129752047 650646222
======================
   8      33 sdc1 193760298 1762239 10614030248 324304569 256328598 462408492 138330308552 325010380 2 129757050 650654984
======================
   8      33 sdc1 193771093 1762239 10616793768 324313331 256328598 462408492 138330308552 325010380 2 129762052 650663734
======================
   8      33 sdc1 193781888 1762239 10619557288 324322090 256328598 462408492 138330308552 325010380 1 129767056 650672483
======================
   8      33 sdc1 193792676 1762239 10622319016 324330845 256328600 462408492 138330308568 325010380 2 129772058 650681224
======================
   8      33 sdc1 193803471 1762239 10625082536 324339622 256328600 462408492 138330308568 325010380 2 129777061 650689991
======================
   8      33 sdc1 193814263 1762239 10627845288 324348405 256328600 462408492 138330308568 325010380 2 129782063 650698760
======================
   8      33 sdc1 193825055 1762239 10630608040 324357187 256328600 462408492 138330308568 325010380 2 129787065 650707529
======================
   8      33 sdc1 193835848 1762239 10633371048 324365972 256328600 462408492 138330308568 325010380 1 129792068 650716303
======================
   8      33 sdc1 193846643 1762239 10636134568 324374767 256328600 462408492 138330308568 325010380 2 129797071 650725081
======================
   8      33 sdc1 193857433 1762239 10638896808 324383564 256328600 462408492 138330308568 325010380 1 129802073 650733861
======================
   8      33 sdc1 193868226 1762239 10641659816 324392371 256328600 462408492 138330308568 325010380 1 129807076 650742657
======================
   8      33 sdc1 193879020 1762239 10644423080 324401142 256328600 462408492 138330308568 325010380 2 129812078 650751422
======================
   8      33 sdc1 193889813 1762239 10647186088 324409944 256328600 462408492 138330308568 325010380 2 129817080 650760206
======================
   8      33 sdc1 193900607 1762239 10649949352 324418719 256328600 462408492 138330308568 325010380 2 129822083 650768978
======================
   8      33 sdc1 193911401 1762239 10652712616 324427506 256328600 462408492 138330308568 325010380 2 129827085 650777756
======================
   8      33 sdc1 193922190 1762239 10655474600 324436285 256328600 462408492 138330308568 325010380 1 129832087 650786520
======================
   8      33 sdc1 193932982 1762239 10658237352 324445070 256328600 462408492 138330308568 325010380 2 129837089 650795291
======================
   8      33 sdc1 193943775 1762239 10661000360 324453847 256328600 462408492 138330308568 325010380 2 129842092 650804063
======================
   8      33 sdc1 193954569 1762239 10663763624 324462637 256328600 462408492 138330308568 325010380 2 129847094 650812845
======================
   8      33 sdc1 193965357 1762239 10666525352 324471434 256328600 462408492 138330308568 325010380 2 129852096 650821631
======================
   8      33 sdc1 193976149 1762239 10669288104 324480227 256328600 462408492 138330308568 325010380 2 129857098 650830412
======================
   8      33 sdc1 193986943 1762239 10672051368 324489042 256328600 462408492 138330308568 325010380 2 129862100 650839223
======================
   8      33 sdc1 193997735 1762239 10674814120 324497822 256328600 462408492 138330308568 325010380 1 129867102 650847992
======================
   8      33 sdc1 194008529 1762239 10677577384 324506611 256328600 462408492 138330308568 325010380 2 129872105 650856770
======================
   8      33 sdc1 194019321 1762239 10680340136 324515408 256328600 462408492 138330308568 325010380 2 129877108 650865556
======================
   8      33 sdc1 194030116 1762239 10683103656 324524196 256328600 462408492 138330308568 325010380 2 129882110 650874330
======================
   8      33 sdc1 194040907 1762239 10685866152 324533000 256328600 462408492 138330308568 325010380 2 129887112 650883124
======================
   8      33 sdc1 194051699 1762239 10688628904 324541780 256328600 462408492 138330308568 325010380 2 129892114 650891891
======================
   8      33 sdc1 194062492 1762239 10691391912 324550581 256328600 462408492 138330308568 325010380 2 129897117 650900674
======================
   8      33 sdc1 194073285 1762239 10694154920 324559367 256328600 462408492 138330308568 325010380 2 129902120 650909442
======================
   8      33 sdc1 194084075 1762239 10696916912 324568151 256328600 462408492 138330308568 325010380 2 129907122 650918223
======================
   8      33 sdc1 194094869 1762239 10699680176 324576935 256328600 462408492 138330308568 325010380 1 129912124 650926995
======================
   8      33 sdc1 194105660 1762239 10702442672 324585717 256328600 462408492 138330308568 325010380 2 129917126 650935761
======================
   8      33 sdc1 194116452 1762239 10705205424 324594513 256328600 462408492 138330308568 325010380 2 129922128 650944541
======================
   8      33 sdc1 194127243 1762239 10707967920 324603302 256328600 462408492 138330308568 325010380 2 129927130 650953319
======================
   8      33 sdc1 194138037 1762239 10710731184 324612105 256328600 462408492 138330308568 325010380 2 129932132 650962114
======================
   8      33 sdc1 194148828 1762239 10713493680 324620892 256328600 462408492 138330308568 325010380 2 129937134 650970895
======================
   8      33 sdc1 194159620 1762239 10716256432 324629677 256328600 462408492 138330308568 325010380 1 129942136 650979666
======================
   8      33 sdc1 194170414 1762239 10719019696 324638470 256328600 462408492 138330308568 325010380 2 129947138 650988443
======================
   8      33 sdc1 194181205 1762239 10721782192 324647252 256328600 462408492 138330308568 325010380 2 129952140 650997207
======================
   8      33 sdc1 194191999 1762239 10724545456 324656057 256328600 462408492 138330308568 325010380 1 129957143 651005998
======================
   8      33 sdc1 194202794 1762239 10727308976 324664869 256328600 462408492 138330308568 325010380 2 129962146 651014796
======================
   8      33 sdc1 194213586 1762239 10730071728 324673647 256328600 462408492 138330308568 325010380 1 129967148 651023565
======================
   8      33 sdc1 194219567 1762239 10731602864 324678512 256328600 462408492 138330308568 325010380 0 129969921 651028422
