======================
   8      33 sdc1 166411126 1741454 8393534694 261865108 211440269 376510453 108957270472 3675430117 0 110744442 3938659904
======================
   8      33 sdc1 166411130 1741454 8393534726 261865109 211440269 376510453 108957270472 3675430117 0 110744443 3938659905
======================
   8      33 sdc1 166411130 1741454 8393534726 261865109 211440272 376510467 108957270608 3675430126 0 110744452 3938659914
======================
   8      33 sdc1 166411130 1741454 8393534726 261865109 211440272 376510467 108957270608 3675430126 0 110744452 3938659914
started
======================
   8      33 sdc1 166411208 1741454 8393535350 261866870 211440411 376511143 108958227712 3675472392 8 110746248 3938706678
======================
   8      33 sdc1 166411219 1741454 8393535438 261870861 211440728 376513005 108960793520 3675562601 25 110751099 3938801864
======================
   8      33 sdc1 166411229 1741454 8393535518 261875160 211441018 376514655 108963398712 3675647047 0 110756037 3938886878
======================
   8      33 sdc1 166411240 1741454 8393535606 261879339 211441280 376516505 108965807288 3675728065 29 110760641 3938977212
======================
   8      33 sdc1 166411249 1741454 8393535678 261883123 211441546 376518149 108968292152 3675811017 15 110765344 3939063234
======================
   8      33 sdc1 166411260 1741454 8393535766 261887343 211441831 376520000 108970912704 3675901299 16 110770347 3939161165
======================
   8      33 sdc1 166411271 1741454 8393535854 261889710 211442817 376520986 108973279184 3676319648 139 110774829 3939633591
======================
   8      33 sdc1 166411281 1741454 8393535934 261891619 211443873 376521969 108975912928 3676916957 132 110779833 3940213183
======================
   8      33 sdc1 166411293 1741454 8393536030 261893827 211444974 376523167 108978553648 3677504404 153 110784841 3940822333
======================
   8      33 sdc1 166411303 1741454 8393536110 261896311 211445806 376524383 108981191608 3678074419 95 110789843 3941380016
======================
   8      33 sdc1 166411314 1741454 8393536198 261898714 211446626 376525784 108983840656 3678667730 156 110794852 3941986017
======================
   8      33 sdc1 166411324 1741454 8393536278 261900680 211447646 376526735 108986473312 3679277015 115 110799854 3942576340
======================
   8      33 sdc1 166411335 1741454 8393536366 261902553 211448808 376527662 108989110000 3679874399 119 110804856 3943180182
======================
   8      33 sdc1 166411345 1741454 8393536446 261904260 211450036 376528562 108991754760 3680503959 100 110809858 3943805587
======================
   8      33 sdc1 166411356 1741454 8393536534 261906081 211451210 376529539 108994391464 3681131751 142 110814860 3944437919
======================
   8      33 sdc1 166411367 1741454 8393536622 261908198 211452318 376530581 108997029496 3681728709 144 110819869 3945042628
======================
   8      33 sdc1 166411377 1741454 8393536702 261910261 211453372 376531567 108999671560 3682339151 154 110824878 3945656670
======================
   8      33 sdc1 166411388 1741454 8393536790 261911845 211454697 376532388 109002323288 3682985562 134 110829880 3946294277
======================
   8      33 sdc1 166411399 1741454 8393536878 261913224 211455932 376533275 109004966696 3683615673 136 110834881 3946934421
======================
   8      33 sdc1 166411409 1741454 8393536958 261914643 211457239 376534136 109007610360 3684265724 141 110839883 3947583714
======================
   8      33 sdc1 166411420 1741454 8393537046 261916530 211458464 376535040 109010257808 3684885807 133 110844884 3948202200
======================
   8      33 sdc1 166411431 1741454 8393537134 261918382 211459570 376536049 109012909544 3685497449 124 110849885 3948820770
======================
   8      33 sdc1 166411441 1741454 8393537214 261920119 211460774 376536949 109015557240 3686137240 116 110854887 3949463111
======================
   8      33 sdc1 166411452 1741454 8393537302 261921901 211462059 376537785 109018203336 3686750866 98 110859889 3950070498
======================
   8      33 sdc1 166411463 1741454 8393537390 261923683 211463283 376538668 109020855080 3687368971 89 110864891 3950692431
======================
   8      33 sdc1 166411474 1741454 8393537478 261925598 211464537 376539580 109023504136 3687994125 156 110869896 3951311990
======================
   8      33 sdc1 166411485 1741454 8393537566 261927207 211465686 376540625 109026159896 3688623371 151 110874902 3951949402
======================
   8      33 sdc1 166411496 1741454 8393537654 261929262 211466772 376541644 109028812968 3689253666 152 110879904 3952574537
======================
   8      33 sdc1 166411506 1741454 8393537734 261930845 211468026 376542473 109031464704 3689899353 136 110884906 3953224615
======================
   8      33 sdc1 166411517 1741454 8393537822 261932506 211469365 376543239 109034110800 3690548846 139 110889908 3953861141
======================
   8      33 sdc1 166411528 1741454 8393537910 261933933 211470725 376544014 109036759840 3691194604 148 110894909 3954512089
======================
   8      33 sdc1 166411539 1741454 8393537998 261935217 211472076 376544802 109039410224 3691859098 115 110899911 3955165856
======================
   8      33 sdc1 166411549 1741454 8393538078 261936908 211473265 376545688 109042067200 3692487406 41 110904914 3955811430
======================
   8      33 sdc1 166411561 1741454 8393538174 261938754 211474528 376546593 109044705376 3693105944 151 110909917 3956422834
======================
   8      33 sdc1 166411570 1741454 8393538246 261940134 211475939 376547266 109047363696 3693760913 29 110914919 3957078332
======================
   8      33 sdc1 166411582 1741454 8393538342 261941936 211477276 376548075 109050015440 3694388816 56 110919922 3957719126
======================
   8      33 sdc1 166411593 1741454 8393538430 261943637 211478610 376548872 109052664240 3695018892 85 110924925 3958358149
======================
   8      33 sdc1 166411604 1741454 8393538518 261945308 211479932 376549718 109055310608 3695658055 115 110929928 3959001601
======================
   8      33 sdc1 166411614 1741454 8393538598 261947015 211481178 376550615 109057966368 3696285096 131 110934930 3959631578
======================
   8      33 sdc1 166411625 1741454 8393538686 261948582 211482551 376551341 109060615416 3696922289 124 110939932 3960272213
======================
   8      33 sdc1 166411636 1741454 8393538774 261950195 211483940 376552073 109063261512 3697562251 109 110944934 3960905614
======================
   8      33 sdc1 166411646 1741454 8393538854 261951692 211485327 376552792 109065914584 3698188541 109 110949936 3961538828
======================
   8      33 sdc1 166411658 1741454 8393538950 261953193 211486747 376553523 109068562280 3698826836 152 110954938 3962177649
======================
   8      33 sdc1 166411669 1741454 8393539038 261954579 211488130 376554289 109071214008 3699467374 148 110959942 3962821765
======================
   8      33 sdc1 166411679 1741454 8393539118 261956117 211489502 376555027 109073860120 3700109155 147 110964944 3963464569
======================
   8      33 sdc1 166411690 1741454 8393539206 261957450 211491008 376555658 109076511848 3700770490 133 110969946 3964124876
