======================
   8      17 sdb1 9408040 1936529 2517741398 43737556 18274335 329881846 11636159792 2044948572 0 16586824 2088685984
======================
   8      17 sdb1 9408043 1936529 2517741422 43737556 18274335 329881846 11636159792 2044948572 0 16586824 2088685984
======================
   8      17 sdb1 9408043 1936529 2517741422 43737556 18274338 329881855 11636159888 2044948584 0 16586836 2088685996
======================
   8      17 sdb1 9408043 1936529 2517741422 43737556 18274340 329881856 11636159912 2044948592 0 16586844 2088686004
======================
   8      17 sdb1 9408043 1936529 2517741422 43737556 18274342 329881857 11636159936 2044948604 0 16586856 2088686016
======================
   8      17 sdb1 9408046 1936529 2517741446 43737596 18274582 329881860 11636569624 2044983552 0 16587264 2088721004
======================
   8      17 sdb1 9408058 1936529 2517741542 43738580 18275811 329881864 11639082568 2045266684 150 16589720 2089023880
======================
   8      17 sdb1 9408079 1936529 2517741710 43740300 18278322 329881881 11644221152 2045896076 105 16594724 2089654512
======================
   8      17 sdb1 9408098 1936529 2517741862 43742176 18280515 329881934 11648698560 2046519008 139 16599732 2090284928
======================
   8      17 sdb1 9408114 1936529 2517741990 43743928 18282497 329881955 11652753784 2047143592 139 16604736 2090911952
======================
   8      17 sdb1 9408131 1936529 2517742126 43745800 18284481 329881975 11656813096 2047781004 122 16609740 2091548056
======================
   8      17 sdb1 9408147 1936529 2517742254 43747448 18286467 329881994 11660876496 2048420468 149 16614744 2092189860
======================
   8      17 sdb1 9408164 1936529 2517742390 43749300 18288452 329882014 11664937856 2049051412 133 16619748 2092825056
======================
   8      17 sdb1 9408180 1936529 2517742518 43751064 18290436 329882033 11668997160 2049692600 144 16624756 2093465000
======================
   8      17 sdb1 9408197 1936529 2517742654 43752928 18292422 329882053 11673060568 2050321572 145 16629760 2094096908
======================
   8      17 sdb1 9408213 1936529 2517742782 43754688 18294408 329882073 11677123976 2050964008 128 16634764 2094742816
======================
   8      17 sdb1 9408230 1936529 2517742918 43756500 18296393 329882092 11681185328 2051603816 147 16639768 2095382616
======================
   8      17 sdb1 9408246 1936529 2517743046 43758272 18298379 329882112 11685248736 2052242216 145 16644772 2096022436
======================
   8      17 sdb1 9408263 1936529 2517743182 43760140 18300366 329882131 11689314184 2052885448 145 16649780 2096667740
======================
   8      17 sdb1 9408279 1936529 2517743310 43761908 18302351 329882150 11693377584 2053518864 145 16654784 2097302916
======================
   8      17 sdb1 9408296 1936529 2517743446 43763764 18304339 329882170 11697443040 2054149084 136 16659788 2097935732
======================
   8      17 sdb1 9408312 1936529 2517743574 43765436 18306325 329882189 11701506440 2054787400 135 16664792 2098576820
======================
   8      17 sdb1 9408329 1936529 2517743710 43767316 18308312 329882210 11705571904 2055421996 136 16669796 2099211228
======================
   8      17 sdb1 9408345 1936529 2517743838 43769080 18310296 329882230 11709631216 2056055088 128 16674804 2099847612
======================
   8      17 sdb1 9408362 1936529 2517743974 43770968 18312285 329882249 11713700760 2056696020 148 16679808 2100491056
======================
   8      17 sdb1 9408378 1936529 2517744102 43772620 18314269 329882268 11717762112 2057333440 135 16684812 2101128332
======================
   8      17 sdb1 9408395 1936529 2517744238 43774500 18316249 329882288 11721811184 2057977776 148 16689816 2101776740
======================
   8      17 sdb1 9408411 1936529 2517744366 43776276 18318231 329882308 11725866400 2058620840 129 16694820 2102417648
======================
   8      17 sdb1 9408428 1936529 2517744502 43778040 18320219 329882328 11729933904 2059257992 143 16699824 2103059992
======================
   8      17 sdb1 9408444 1936529 2517744630 43779812 18322202 329882349 11733991176 2059892252 130 16704828 2103695368
======================
   8      17 sdb1 9408461 1936529 2517744766 43781704 18324183 329882368 11738044336 2060534108 71 16709836 2104334832
======================
   8      17 sdb1 9408478 1936529 2517744902 43783588 18326168 329882387 11742105688 2061172496 136 16714840 2104972844
======================
   8      17 sdb1 9408495 1936529 2517745038 43785472 18328154 329882406 11746169088 2061811720 137 16719844 2105616980
======================
   8      17 sdb1 9408511 1936529 2517745166 43787264 18330140 329882425 11750232488 2062436428 136 16724848 2106245760
======================
   8      17 sdb1 9408528 1936529 2517745302 43789136 18332127 329882445 11754297944 2063073796 150 16729852 2106887228
======================
   8      17 sdb1 9408544 1936529 2517745430 43790848 18334112 329882464 11758359296 2063710452 136 16734860 2107525344
======================
   8      17 sdb1 9408558 1936529 2517745542 43792404 18335928 329882918 11761998456 2064284352 0 16739380 2108076552
======================
   8      17 sdb1 9408558 1936529 2517745542 43792404 18335928 329882918 11761998456 2064284352 0 16739380 2108076552
======================
   8      17 sdb1 9424239 1936529 2521725312 43799080 18335961 329882918 11761998720 2064284432 2 16743272 2108083296
started
======================
   8      17 sdb1 9441470 1936529 2526135680 43806372 18335964 329882920 11761998760 2064286956 0 16747500 2108093104
======================
   8      17 sdb1 9683865 1936529 2528075296 43918004 18335964 329882920 11761998760 2064286956 0 16751144 2108205292
