======================
cpu  2064714 0 701393 113385222 1822181 0 4662 0 0 0
cpu0 53532 0 74546 2083096 231645 0 1305 0 0 0
cpu1 45478 0 51710 2154054 194416 0 1070 0 0 0
cpu2 43327 0 13736 2385570 15656 0 159 0 0 0
cpu3 43652 0 11806 2401282 2250 0 61 0 0 0
cpu4 41124 0 9249 2401882 6803 0 46 0 0 0
cpu5 41854 0 9598 2407417 269 0 3 0 0 0
cpu6 41956 0 9230 2406649 1265 0 5 0 0 0
cpu7 41284 0 9776 2407024 1012 0 4 0 0 0
cpu8 41741 0 9966 2407316 275 0 25 0 0 0
cpu9 40978 0 10597 2398549 8458 0 44 0 0 0
cpu10 42156 0 11476 2395528 9353 0 40 0 0 0
cpu11 46320 0 22459 2333652 53148 0 313 0 0 0
cpu12 48535 0 20111 2333543 53919 0 67 0 0 0
cpu13 44827 0 23444 2287862 100678 0 54 0 0 0
cpu14 44553 0 25654 2283796 102607 0 145 0 0 0
cpu15 42260 0 19281 2296440 98598 0 202 0 0 0
cpu16 42629 0 20984 2298937 94308 0 131 0 0 0
cpu17 42059 0 21966 2301947 91592 0 89 0 0 0
cpu18 43179 0 22978 2299264 91768 0 127 0 0 0
cpu19 44018 0 19858 2302444 91134 0 70 0 0 0
cpu20 42049 0 21128 2305761 88638 0 52 0 0 0
cpu21 43340 0 15642 2309342 89016 0 50 0 0 0
cpu22 43626 0 19416 2322198 70125 0 302 0 0 0
cpu23 43901 0 21156 2291538 99968 0 96 0 0 0
cpu24 41788 0 7686 2409671 4 0 1 0 0 0
cpu25 42252 0 8851 2407892 151 0 0 0 0 0
cpu26 42539 0 9121 2407476 6 0 0 0 0 0
cpu27 43357 0 7764 2408016 12 0 2 0 0 0
cpu28 43204 0 8390 2407560 3 0 0 0 0 0
cpu29 42444 0 8044 2408620 2 0 0 0 0 0
cpu30 42078 0 8419 2408664 0 0 0 0 0 0
cpu31 41724 0 7605 2409840 2 0 0 0 0 0
cpu32 40596 0 7843 2410810 2 0 0 0 0 0
cpu33 43390 0 8428 2407318 3 0 0 0 0 0
cpu34 41297 0 7946 2409913 0 0 0 0 0 0
cpu35 42297 0 8232 2408597 11 0 0 0 0 0
cpu36 41747 0 8050 2371450 37772 0 3 0 0 0
cpu37 43438 0 8422 2403700 3596 0 0 0 0 0
cpu38 42386 0 8378 2384964 22865 0 55 0 0 0
cpu39 42225 0 9775 2392922 14179 0 0 0 0 0
cpu40 42252 0 8492 2384498 23781 0 10 0 0 0
cpu41 42447 0 8630 2395263 12570 0 28 0 0 0
cpu42 43938 0 8756 2376803 29378 0 31 0 0 0
cpu43 41364 0 6924 2396279 14543 0 2 0 0 0
cpu44 42338 0 8559 2407851 358 0 4 0 0 0
cpu45 42601 0 9186 2383990 23190 0 6 0 0 0
cpu46 42591 0 13484 2382820 19713 0 42 0 0 0
cpu47 42024 0 8622 2385193 23120 0 2 0 0 0
intr 28446729 116 0 0 0 0 0 0 0 1 7 0 0 0 0 0 0 0 0 56 49 0 0 0 0 0 0 0 0 0 0 0 0 0 0 0 0 0 0 0 0 0 0 0 0 0 0 0 0 0 0 0 0 139494 0 0 0 0 0 0 0 0 0 1615 10611938 0 1 179417 24402 16798 33949 39077 26460 0 0 60986 27636 0 0 0 0 0 0 0 0 0 0 0 0 0 0 0 0 0 0 0 0 0 0 0 0 0 0 0 0 0 0 0 0 0 0 0 0 0 0 0 0 0 0 0 0 0 0 0 0 0 0 0 0 0 0 0 0 0 0 0 0 0 0 0 0 0 0 0 0 0 0 0 0 0 0 0 0 0 0 0 0 0 0 0 0 0 0 0 0 0 0 0 0 0 0 0 0 0 0 0 0 0 0 0 2 0 2 2 2 2 2 2 2 0 2 0 2 2 2 2 2 2 2 0 0 0 0 0 0 0 0 0 0 0 0 0 0 0 0 0 0 0 0 0 0 0 0 0 0 0 0 0 0 0 0 0 0 0 0 0 0 0 0 0 0 0 0 0 0 0 0 0 0 0 0 0 0 0 0 0 0 0 0 0 0 0 0 0 0 0 0 0 0 0 0 0 0 0 0 0 0 0 0 0 0 0 0 0 0 0 0 0 0 0 0 0 0 0 0 0 0 0 0 0 0 0 0 0 0 0 0 0 0 0 0 0 0 0 0 0 0 0 0 0 0 0 0 0 0 0 0 0 0 0 0 0 0 0 0 0 0 0 0 0 0 0 0 0 0 0 0 0 0 0 0 0 0 0 0 0 0 0 0 0 0 0 0 0 0 0 0 0 0 0 0 0 0 0 0 0 0 0 0 0 0 0 0 0 0 0 0 0 0 0 0 0 0 0 0 0 0 0 0 0 0 0 0 0 0 0 0 0 0 0 0 0 0 0 0 0 0 0 0 0 0 0 0 0 0 0 0 0 0 0 0 0 0 0 0 0 0 0 0 0 0 0 0 0 0 0 0 0 0 0 0 0 0 0 0 0 0 0 0 0 0 0 0 0 0 0 0 0 0 0 0 0 0 0 0 0 0 0 0 0 0 0 0 0 0 0 0 0 0 0 0 0 0 0 0 0 0 0 0 0 0 0 0 0 0 0 0 0 0 0 0 0 0 0 0 0 0 0 0 0 0 0 0 0 0 0 0 0 0 0 0 0 0 0 0 0 0 0 0 0 0 0 0 0 0 0 0 0 0 0 0 0 0 0 0 0 0 0 0 0 0 0 0 0 0 0 0 0 0 0 0 0 0 0 0 0 0 0 0 0 0 0 0 0 0 0 0 0 0 0 0 0 0 0 0 0 0 0 0 0 0 0 0 0 0 0 0 0 0 0 0 0 0 0 0 0 0 0 0 0 0 0 0 0 0 0 0 0 0 0 0 0 0 0 0 0 0 0 0 0 0 0 0 0 0 0 0 0 0 0 0 0 0 0 0 0 0 0 0 0 0 0 0 0 0 0 0 0 0 0 0 0 0 0 0 0 0 0 0 0 0 0 0 0 0 0 0 0 0 0 0 0 0 0 0 0 0 0 0 0 0 0 0 0 0 0 0 0 0 0 0 0 0 0 0 0 0 0 0 0 0 0 0 0 0 0 0 0 0 0 0 0 0 0 0 0 0 0 0 0 0 0 0 0 0 0 0 0 0 0 0 0 0 0 0 0 0 0 0 0 0 0 0 0 0 0 0 0 0 0 0 0 0 0 0 0 0 0 0 0 0 0 0 0 0 0 0 0 0 0 0 0 0 0 0 0 0 0 0 0 0 0 0 0 0 0 0 0 0 0 0 0 0 0 0 0 0 0 0 0 0 0 0 0 0 0 0 0 0 0 0 0 0 0 0 0 0 0 0 0 0 0 0 0 0 0 0 0 0 0 0 0 0 0 0 0 0 0 0 0 0 0 0 0 0 0 0 0 0 0 0 0 0 0 0 0 0 0 0 0 0 0 0 0 0 0 0 0 0 0 0 0 0 0 0 0 0 0 0 0 0 0 0 0 0 0 0 0 0 0 0 0 0 0 0 0 0 0 0 0 0 0 0 0 0 0 0 0 0 0 0 0 0 0 0 0 0 0 0 0 0 0 0 0 0 0 0 0 0 0 0 0 0 0 0 0 0 0 0 0 0 0 0 0 0 0 0 0 0 0 0 0 0 0 0 0 0 0 0 0 0 0 0 0 0 0 0 0 0 0 0 0 0 0 0 0 0 0 0 0 0 0 0 0 0 0 0 0 0 0 0 0 0 0 0 0 0 0 0 0 0 0 0 0 0 0 0 0 0 0 0 0 0 0 0 0 0 0 0 0 0 0 0 0 0 0 0 0 0 0 0 0 0 0 0 0 0 0 0 0 0 0 0 0 0 0 0 0 0 0 0 0 0 0 0 0 0 0 0 0 0 0 0 0 0 0 0 0 0 0 0 0 0 0 0 0 0 0 0 0 0 0 0 0 0 0 0 0 0 0 0 0 0 0 0 0 0 0 0 0 0 0 0 0 0 0 0 0 0 0 0 0 0 0 0 0 0 0 0 0 0 0 0 0 0 0 0 0 0 0 0 0 0 0 0 0 0 0 0 0 0 0 0 0 0 0 0 0 0 0 0 0 0 0 0 0 0 0 0 0 0 0 0 0 0 0 0 0 0 0 0 0 0 0 0 0 0 0 0 0 0 0 0 0 0 0 0 0 0 0 0 0 0 0 0 0 0 0 0 0 0 0 0 0 0 0 0 0 0 0 0 0 0 0 0 0 0 0 0 0 0 0 0 0 0 0 0 0 0 0 0 0 0 0 0 0 0 0 0 0 0 0 0 0 0 0 0 0 0 0 0 0 0 0 0 0 0 0 0 0 0 0 0 0 0 0 0 0 0 0 0 0 0 0 0 0 0 0 0 0 0 0 0 0 0 0 0 0 0 0 0 0 0 0 0 0 0 0 0 0 0 0 0 0 0 0 0 0 0 0 0 0 0 0 0 0 0 0 0 0 0 0 0 0 0 0 0 0 0 0 0 0 0 0 0 0 0 0 0 0 0 0 0 0 0 0 0 0 0 0 0 0 0 0 0 0 0 0 0 0 0 0 0 0 0 0 0 0 0 0 0 0 0 0 0 0 0 0 0 0 0 0 0 0 0 0 0 0 0 0 0 0 0 0 0 0 0 0 0 0 0 0 0 0 0 0 0 0 0 0 0 0 0 0 0 0 0 0 0 0 0 0 0 0 0 0 0 0 0 0 0 0 0 0 0 0 0 0 0 0 0 0 0 0 0 0 0 0 0 0 0 0 0 0 0 0 0 0 0 0 0 0 0 0 0 0 0 0 0 0 0 0 0 0 0 0 0 0 0 0 0 0 0 0 0 0 0 0 0 0 0 0 0 0 0 0 0 0 0 0 0 0 0 0 0 0 0 0 0 0 0 0 0 0 0 0 0 0 0 0 0 0 0 0 0 0 0 0 0 0 0 0 0 0 0 0 0 0 0 0 0 0 0 0 0 0 0 0 0 0 0 0 0 0 0 0 0 0 0 0 0 0 0 0 0 0 0 0 0 0 0 0 0 0 0 0 0 0 0 0 0 0 0 0 0 0 0 0 0 0 0 0 0 0 0 0 0 0 0 0 0 0 0 0 0
ctxt 33823342
btime 1494099034
processes 75324
procs_running 4
procs_blocked 0
softirq 31130277 5 8925555 4953 408547 10747693 0 2205 2825540 0 8215779
