======================
   8      33 sdc1 93971693 969844 5015338344 131386426 103848601 117989855 65445443328 2008429965 0 44127868 2139756830
======================
   8      33 sdc1 93971711 969844 5015338488 131387572 103850563 117989855 65447910336 2009039533 139 44132501 2140387023
======================
   8      33 sdc1 93971722 969844 5015338576 131388850 103852280 117990365 65450570376 2009690014 150 44137504 2141048037
======================
   8      33 sdc1 93971733 969844 5015338664 131390678 103853749 117991251 65453222104 2010290655 120 44142506 2141680930
======================
   8      33 sdc1 93971744 969844 5015338752 131393693 103854396 117992795 65455891592 2010796571 139 44147509 2142199951
======================
   8      33 sdc1 93971751 969844 5015338808 131396190 103854814 117994296 65458543336 2011154579 16 44152512 2142494937
======================
   8      33 sdc1 93971763 969844 5015338904 131400871 103855209 117996094 65461194968 2011313078 131 44157514 2142693250
======================
   8      33 sdc1 93971773 969844 5015338984 131402855 103856125 117997290 65463850656 2011892107 121 44162516 2143286838
======================
   8      33 sdc1 93971785 969844 5015339080 131405621 103857075 117998539 65466509272 2012491146 152 44167519 2143880673
======================
   8      33 sdc1 93971796 969844 5015339168 131407456 103858117 117999589 65469165160 2013108263 158 44172522 2144492076
======================
   8      33 sdc1 93971805 969844 5015339240 131408414 103860011 117999701 65471822136 2013787010 144 44177525 2145162142
======================
   8      33 sdc1 93971816 969844 5015339328 131409516 103862047 117999803 65474482184 2014450302 130 44182527 2145824848
======================
   8      33 sdc1 93971828 969844 5015339424 131410659 103864110 117999871 65477135256 2015112335 144 44187530 2146486878
======================
   8      33 sdc1 93971838 969844 5015339504 131411640 103866136 118000031 65479795064 2015770297 130 44192532 2147147841
======================
   8      33 sdc1 93971849 969844 5015339592 131412980 103867864 118000435 65482450840 2016420618 134 44197535 2147800381
======================
   8      33 sdc1 93971861 969844 5015339688 131414905 103868948 118001743 65485101240 2016948778 141 44202538 2148370778
======================
   8      33 sdc1 93971872 969844 5015339776 131417140 103869629 118003410 65487758344 2017533530 120 44207540 2148956638
======================
   8      33 sdc1 93971881 969844 5015339848 131421597 103870017 118004800 65490412688 2017850917 27 44212543 2149216273
======================
   8      33 sdc1 93971893 969844 5015339944 131424997 103870745 118006251 65493078040 2018184917 151 44217544 2149592288
======================
   8      33 sdc1 93971903 969844 5015340024 131427380 103871664 118007478 65495732376 2018768300 146 44222546 2150183514
======================
   8      33 sdc1 93971914 969844 5015340112 131429640 103872640 118008631 65498403432 2019355215 128 44227549 2150769094
======================
   8      33 sdc1 93971925 969844 5015340200 131431392 103873944 118009328 65501071288 2020001561 131 44232551 2151396905
======================
   8      33 sdc1 93971935 969844 5015340280 131432354 103875965 118009450 65503738056 2020672037 148 44237554 2152068463
======================
   8      33 sdc1 93971946 969844 5015340368 131433423 103878002 118009556 65506403480 2021328876 142 44242557 2152727829
======================
   8      33 sdc1 93971957 969844 5015340456 131434505 103880110 118009590 65509070248 2021981126 129 44247559 2153379592
======================
   8      33 sdc1 93971968 969844 5015340544 131435747 103881970 118009916 65511738392 2022634867 143 44252562 2154036729
======================
   8      33 sdc1 93971980 969844 5015340640 131437349 103883624 118010650 65514403560 2023260176 153 44257565 2154686361
======================
   8      33 sdc1 93971991 969844 5015340728 131440608 103884342 118012070 65517075720 2023779656 129 44262568 2155214220
======================
   8      33 sdc1 93972000 969844 5015340800 131444006 103884908 118013542 65519750824 2024241442 39 44267569 2155628984
======================
   8      33 sdc1 93972012 969844 5015340896 131448411 103885409 118015224 65522399520 2024404373 142 44272570 2155846021
======================
   8      33 sdc1 93972023 969844 5015340984 131450676 103886400 118016344 65525075880 2025016956 149 44277572 2156452693
======================
   8      33 sdc1 93972034 969844 5015341072 131452652 103887435 118017434 65527745160 2025640982 128 44282574 2157066984
======================
   8      33 sdc1 93972044 969844 5015341152 131454676 103888522 118018499 65530417312 2026249800 109 44287576 2157684903
======================
   8      33 sdc1 93972055 969844 5015341240 131456059 103890338 118018710 65533084080 2026923280 152 44292579 2158343758
======================
   8      33 sdc1 93972066 969844 5015341328 131457238 103892351 118018842 65535749512 2027578120 147 44297582 2158999904
======================
   8      33 sdc1 93972076 969844 5015341408 131458164 103894422 118018913 65538418976 2028249608 116 44302584 2159671283
======================
   8      33 sdc1 93972088 969844 5015341504 131459317 103896490 118019026 65541082808 2028907456 146 44307586 2160331425
======================
   8      33 sdc1 93972099 969844 5015341592 131460598 103898224 118019443 65543750928 2029561439 131 44312589 2160989228
======================
   8      33 sdc1 93972109 969844 5015341672 131462582 103899387 118020525 65546417712 2030148912 74 44317591 2161568527
======================
   8      33 sdc1 93972120 969844 5015341760 131465825 103900101 118021951 65549089872 2030709796 47 44322594 2162120033
======================
   8      33 sdc1 93972131 969844 5015341848 131470209 103900548 118023638 65551760672 2031012364 24 44327597 2162427915
======================
   8      33 sdc1 93972142 969844 5015341936 131473473 103901324 118025056 65554438376 2031471106 141 44332600 2162900937
======================
   8      33 sdc1 93972153 969844 5015342024 131475773 103902297 118026165 65557106152 2032074203 74 44337603 2163493933
======================
   8      33 sdc1 93972164 969844 5015342112 131477794 103903319 118027323 65559779800 2032674499 110 44342605 2164100617
======================
   8      33 sdc1 93972174 969844 5015342192 131479455 103904636 118028044 65562442536 2033300434 130 44347608 2164743007
======================
   8      33 sdc1 93972185 969844 5015342280 131480649 103906655 118028170 65565110648 2033944743 129 44352610 2165387643
======================
   8      33 sdc1 93972197 969844 5015342376 131481810 103908694 118028284 65567777448 2034600501 150 44357613 2166046227
======================
   8      33 sdc1 93972207 969844 5015342456 131482836 103910805 118028307 65570448176 2035271803 154 44362616 2166716714
started
======================
   8      33 sdc1 93972330 969844 5015343434 131483417 103911486 118028345 65571282856 2035477479 0 44364234 2166901306
======================
   8      33 sdc1 93988555 969844 5016381938 131486930 103911486 118028345 65571282856 2035477479 1 44367740 2166904812
======================
   8      33 sdc1 94009270 969844 5017707954 131491110 103911488 118028347 65571282888 2035477484 1 44371909 2166908986
======================
   8      33 sdc1 94030030 969844 5019038258 131495344 103911488 118028347 65571282888 2035477484 1 44376134 2166913211
======================
   8      33 sdc1 94050801 969844 5020370738 131499523 103911488 118028347 65571282888 2035477484 1 44380291 2166917368
======================
   8      33 sdc1 94071191 969844 5021681874 131503791 103911488 118028347 65571282888 2035477484 1 44384541 2166921618
======================
   8      33 sdc1 94091869 969844 5023012754 131507987 103911490 118028347 65571282904 2035477484 1 44388729 2166925806
======================
   8      33 sdc1 94112532 969844 5024344722 131512147 103911490 118028347 65571282904 2035477484 1 44392879 2166929957
======================
   8      33 sdc1 94133187 969844 5025679730 131516398 103911490 118028347 65571282904 2035477484 1 44397114 2166934196
======================
   8      33 sdc1 94153735 969844 5027012754 131520616 103911490 118028347 65571282904 2035477484 1 44401314 2166938401
======================
   8      33 sdc1 94174356 969844 5028357074 131524893 103911490 118028347 65571282904 2035477484 1 44405575 2166942670
======================
   8      33 sdc1 94194795 969844 5029691666 131529077 103911490 118028347 65571282904 2035477484 1 44409739 2166946846
======================
   8      33 sdc1 94215159 969844 5031024978 131533244 103911490 118028347 65571282904 2035477484 1 44413885 2166951001
======================
   8      33 sdc1 94235487 969844 5032359026 131537447 103911490 118028347 65571282904 2035477484 1 44418066 2166955195
======================
   8      33 sdc1 94255744 969844 5033696498 131541664 103911490 118028347 65571282904 2035477484 1 44422251 2166959399
======================
   8      33 sdc1 94275869 969844 5035032082 131545886 103911490 118028347 65571282904 2035477484 1 44426431 2166963606
======================
   8      33 sdc1 94295997 969844 5036370610 131550102 103911490 118028347 65571282904 2035477484 0 44430611 2166967807
======================
   8      33 sdc1 94316054 969844 5037711762 131554270 103911490 118028347 65571282904 2035477484 1 44434725 2166971962
======================
   8      33 sdc1 94335984 969844 5039054738 131558522 103911490 118028347 65571282904 2035477484 1 44438908 2166976207
======================
   8      33 sdc1 94355888 969844 5040400434 131562780 103911490 118028347 65571282904 2035477484 1 44443092 2166980453
======================
   8      33 sdc1 94375762 969844 5041750546 131567037 103911490 118028347 65571282904 2035477484 1 44447264 2166984696
======================
   8      33 sdc1 94395473 969844 5043097938 131571249 103911490 118028347 65571282904 2035477484 1 44451375 2166988892
======================
   8      33 sdc1 94415096 969844 5044448402 131575474 103911490 118028347 65571282904 2035477484 1 44455496 2166993106
======================
   8      33 sdc1 94434713 969844 5045797618 131579747 103911490 118028347 65571282904 2035477484 1 44459654 2166997362
======================
   8      33 sdc1 94454339 969844 5047150290 131583986 103911490 118028347 65571282904 2035477484 1 44463775 2167001589
======================
   8      33 sdc1 94474259 969844 5048521330 131588325 103911490 118028347 65571282904 2035477484 1 44467980 2167005916
======================
   8      33 sdc1 94493783 969844 5049876914 131592623 103911490 118028347 65571282904 2035477484 1 44472161 2167010209
======================
   8      33 sdc1 94513322 969844 5051228786 131596847 103911490 118028347 65571282904 2035477484 1 44476258 2167014418
======================
   8      33 sdc1 94532876 969844 5052581554 131601160 103911490 118028347 65571282904 2035477484 1 44480442 2167018717
======================
   8      33 sdc1 94552487 969844 5053939538 131605487 103911490 118028347 65571282904 2035477484 0 44484626 2167023032
======================
   8      33 sdc1 94571967 969844 5055290530 131609705 103911490 118028347 65571282904 2035477484 1 44488697 2167027235
======================
   8      33 sdc1 94591530 969844 5056641802 131614036 103911490 118028347 65571282904 2035477484 1 44492859 2167031556
======================
   8      33 sdc1 94611074 969844 5057996546 131618303 103911490 118028347 65571282904 2035477484 1 44496975 2167035805
======================
   8      33 sdc1 94630656 969844 5059353962 131622588 103911490 118028347 65571282904 2035477484 1 44501109 2167040076
======================
   8      33 sdc1 94650242 969844 5060716746 131626998 103911490 118028347 65571282904 2035477484 1 44505351 2167044474
======================
   8      33 sdc1 94669805 969844 5062077154 131631302 103911490 118028347 65571282904 2035477484 0 44509498 2167048762
======================
   8      33 sdc1 94689286 969844 5063434370 131635692 103911490 118028347 65571282904 2035477484 1 44513716 2167053139
======================
   8      33 sdc1 94708814 969844 5064793002 131639985 103911490 118028347 65571282904 2035477484 1 44517852 2167057427
======================
   8      33 sdc1 94728387 969844 5066152362 131644350 103911490 118028347 65571282904 2035477484 1 44522041 2167061778
======================
   8      33 sdc1 94747984 969844 5067506666 131648709 103911490 118028347 65571282904 2035477484 1 44526254 2167066123
======================
   8      33 sdc1 94767648 969844 5068865066 131653073 103911490 118028347 65571282904 2035477484 1 44530426 2167070473
======================
   8      33 sdc1 94787260 969844 5070224210 131657385 103911490 118028347 65571282904 2035477484 0 44534574 2167074778
======================
   8      33 sdc1 94806801 969844 5071579538 131661638 103911490 118028347 65571282904 2035477484 0 44538679 2167079020
======================
   8      33 sdc1 94826427 969844 5072934930 131665939 103911490 118028347 65571282904 2035477484 1 44542820 2167083310
======================
   8      33 sdc1 94846017 969844 5074291826 131670194 103911490 118028347 65571282904 2035477484 1 44546917 2167087555
======================
   8      33 sdc1 94865557 969844 5075649010 131674509 103911490 118028347 65571282904 2035477484 1 44551063 2167091854
======================
   8      33 sdc1 94885070 969844 5077008674 131678874 103911490 118028347 65571282904 2035477484 0 44555245 2167096205
======================
   8      33 sdc1 94904603 969844 5078366882 131683260 103911490 118028347 65571282904 2035477484 1 44559467 2167100578
======================
   8      33 sdc1 94924153 969844 5079723554 131687579 103911490 118028347 65571282904 2035477484 0 44563617 2167104884
======================
   8      33 sdc1 94943752 969844 5081081122 131691858 103911490 118028347 65571282904 2035477484 1 44567740 2167109150
======================
   8      33 sdc1 94963295 969844 5082435618 131696171 103911490 118028347 65571282904 2035477484 1 44571885 2167113451
======================
   8      33 sdc1 94982850 969844 5083790370 131700550 103911490 118028347 65571282904 2035477484 0 44576091 2167117826
======================
   8      33 sdc1 95002369 969844 5085140610 131704912 103911490 118028347 65571282904 2035477484 1 44580314 2167122181
======================
   8      33 sdc1 95021875 969844 5086499202 131709242 103911490 118028347 65571282904 2035477484 0 44584477 2167126499
======================
   8      33 sdc1 95041510 969844 5087854306 131713513 103911490 118028347 65571282904 2035477484 1 44588604 2167130758
======================
   8      33 sdc1 95061013 969844 5089208170 131717888 103911490 118028347 65571282904 2035477484 1 44592818 2167135122
======================
   8      33 sdc1 95080618 969844 5090562410 131722158 103911490 118028347 65571282904 2035477484 1 44596930 2167139382
======================
   8      33 sdc1 95100247 969844 5091919146 131726496 103911490 118028347 65571282904 2035477484 1 44601086 2167143702
======================
   8      33 sdc1 95119773 969844 5093272154 131730792 103911490 118028347 65571282904 2035477484 1 44605226 2167147987
======================
   8      33 sdc1 95139273 969844 5094628506 131735044 103911490 118028347 65571282904 2035477484 1 44609329 2167152229
======================
   8      33 sdc1 95158768 969844 5095983786 131739376 103911490 118028347 65571282904 2035477484 1 44613502 2167156553
======================
   8      33 sdc1 95178317 969844 5097338946 131743683 103911490 118028347 65571282904 2035477484 1 44617654 2167160849
======================
   8      33 sdc1 95197837 969844 5098695506 131748023 103911490 118028347 65571282904 2035477484 1 44621846 2167165179
======================
   8      33 sdc1 95217328 969844 5100049938 131752303 103911490 118028347 65571282904 2035477484 1 44625982 2167169448
======================
   8      33 sdc1 95236833 969844 5101403826 131756607 103911490 118028347 65571282904 2035477484 1 44630135 2167173746
======================
   8      33 sdc1 95256360 969844 5102760658 131760936 103911490 118028347 65571282904 2035477484 1 44634317 2167178065
======================
   8      33 sdc1 95275854 969844 5104113618 131765197 103911490 118028347 65571282904 2035477484 1 44638438 2167182309
======================
   8      33 sdc1 95295300 969844 5105467954 131769467 103911490 118028347 65571282904 2035477484 2 44642572 2167186572
======================
   8      33 sdc1 95314808 969844 5106821010 131773777 103911490 118028347 65571282904 2035477484 1 44646742 2167190877
======================
   8      33 sdc1 95334400 969844 5108174386 131778094 103911490 118028347 65571282904 2035477484 1 44650912 2167195176
======================
   8      33 sdc1 95353859 969844 5109529114 131782412 103911490 118028347 65571282904 2035477484 2 44655076 2167199479
======================
   8      33 sdc1 95373415 969844 5110886106 131786734 103911490 118028347 65571282904 2035477484 1 44659243 2167203791
======================
   8      33 sdc1 95392985 969844 5112244826 131791058 103911490 118028347 65571282904 2035477484 1 44663442 2167208099
======================
   8      33 sdc1 95412663 969844 5113603074 131795332 103911490 118028347 65571282904 2035477484 1 44667569 2167212362
======================
   8      33 sdc1 95432246 969844 5114958162 131799675 103911490 118028347 65571282904 2035477484 1 44671760 2167216693
======================
   8      33 sdc1 95451804 969844 5116313202 131803945 103911490 118028347 65571282904 2035477484 1 44675905 2167220953
======================
   8      33 sdc1 95471401 969844 5117670738 131808260 103911490 118028347 65571282904 2035477484 1 44680082 2167225255
======================
   8      33 sdc1 95490920 969844 5119026738 131812529 103911490 118028347 65571282904 2035477484 1 44684188 2167229512
======================
   8      33 sdc1 95510492 969844 5120379186 131816719 103911490 118028347 65571282904 2035477484 0 44688241 2167233691
======================
   8      33 sdc1 95530275 969844 5121752306 131821085 103911490 118028347 65571282904 2035477484 0 44692447 2167238047
======================
   8      33 sdc1 95545866 969844 5122828146 131824507 103911490 118028347 65571282904 2035477484 0 44695748 2167241459
