======================
   8      33 sdc1 75513762 15099 3758951974 86599090 69145876 78500307 44724515872 1454171355 0 31788960 1540727507
======================
   8      33 sdc1 75513779 15099 3758952110 86602572 69146126 78502063 44726812320 1454251863 15 31793271 1540814704
======================
   8      33 sdc1 75513790 15099 3758952198 86606810 69146280 78504026 44729434016 1454304188 15 31798253 1540868773
======================
   8      33 sdc1 75513800 15099 3758952278 86611176 69146430 78505953 44732080032 1454371164 12 31803252 1540944528
======================
   8      33 sdc1 75513811 15099 3758952366 86615768 69146577 78507905 44734625312 1454429826 15 31808032 1541004452
======================
   8      33 sdc1 75513822 15099 3758952454 86619591 69146727 78509842 44737230504 1454478385 16 31812958 1541062362
======================
   8      33 sdc1 75513832 15099 3758952534 86624125 69146875 78511795 44739816368 1454548409 17 31817810 1541132680
======================
   8      33 sdc1 75513843 15099 3758952622 86628269 69147022 78513664 44742369720 1454606781 15 31822616 1541192443
======================
   8      33 sdc1 75513853 15099 3758952702 86632465 69147189 78515553 44745033000 1454666513 5 31827617 1541258267
======================
   8      33 sdc1 75513864 15099 3758952790 86636917 69147337 78517698 44747605416 1454711386 21 31832507 1541312383
======================
   8      33 sdc1 75513875 15099 3758952878 86640993 69147483 78519650 44750175152 1454785644 24 31837371 1541387726
======================
   8      33 sdc1 75513884 15099 3758952950 86645043 69147630 78521409 44752772144 1454860061 11 31842240 1541466189
======================
   8      33 sdc1 75513896 15099 3758953046 86649014 69147945 78523312 44755430384 1454981349 94 31847243 1541612054
======================
   8      33 sdc1 75513905 15099 3758953118 86653146 69148282 78524953 44758068352 1455170909 12 31852244 1541786591
======================
   8      33 sdc1 75513916 15099 3758953206 86657479 69148583 78526827 44760705544 1455266629 11 31857246 1541885127
======================
   8      33 sdc1 75513926 15099 3758953286 86661799 69148859 78528648 44763279304 1455342691 15 31862108 1541965091
======================
   8      33 sdc1 75513937 15099 3758953374 86665732 69149147 78530460 44765911880 1455431345 15 31867109 1542061023
======================
   8      33 sdc1 75513948 15099 3758953462 86670333 69149445 78532243 44768368264 1455525602 36 31871718 1542158241
======================
   8      33 sdc1 75513958 15099 3758953542 86675008 69149770 78533891 44771032008 1455638057 6 31876721 1542270344
======================
   8      33 sdc1 75513968 15099 3758953622 86678827 69150087 78535610 44773478984 1455730849 20 31881308 1542375116
======================
   8      33 sdc1 75513979 15099 3758953710 86683095 69150400 78537401 44776067792 1455835077 23 31886171 1542477966
======================
   8      33 sdc1 75513989 15099 3758953790 86687312 69150755 78539201 44778688016 1455953223 30 31891079 1542601024
======================
   8      33 sdc1 75514000 15099 3758953878 86691375 69151102 78540946 44781338424 1456067884 18 31896059 1542721690
======================
   8      33 sdc1 75514011 15099 3758953966 86695633 69151371 78542763 44783932864 1456151341 21 31900938 1542808176
======================
   8      33 sdc1 75514022 15099 3758954054 86699675 69151892 78544516 44786600896 1456369257 56 31905954 1543064147
======================
   8      33 sdc1 75514032 15099 3758954134 86704258 69152227 78546164 44789244624 1456541776 15 31910897 1543208743
======================
   8      33 sdc1 75514043 15099 3758954222 86708398 69152552 78547936 44791813016 1456644670 20 31915726 1543317761
======================
   8      33 sdc1 75514053 15099 3758954302 86712835 69152872 78549711 44794386776 1456750248 26 31920551 1543423119
======================
   8      33 sdc1 75514064 15099 3758954390 86717071 69153195 78551473 44796946840 1456854961 42 31925363 1543531362
======================
   8      33 sdc1 75514075 15099 3758954478 86721775 69153560 78553216 44799612184 1456967245 35 31930366 1543648578
======================
   8      33 sdc1 75514084 15099 3758954550 86725354 69153918 78554775 44802117720 1457086050 11 31935089 1543774162
======================
   8      33 sdc1 75514093 15099 3758954622 86729652 69154295 78556491 44804763744 1457207686 7 31940092 1543897304
======================
   8      33 sdc1 75514105 15099 3758954718 86734318 69154670 78558323 44807380432 1457303969 16 31945006 1543997822
======================
   8      33 sdc1 75514115 15099 3758954798 86738177 69155069 78560140 44810007384 1457434343 44 31949939 1544137945
======================
   8      33 sdc1 75514126 15099 3758954886 86742843 69155442 78561733 44812682136 1457577559 2 31954941 1544277606
======================
   8      33 sdc1 75514136 15099 3758954966 86746928 69155737 78563477 44815107104 1457667004 20 31959522 1544375265
======================
   8      33 sdc1 75514147 15099 3758955054 86750290 69156286 78565191 44817668768 1457875802 63 31964333 1544615321
======================
   8      33 sdc1 75514157 15099 3758955134 86754861 69156620 78566776 44820257576 1458035068 33 31969182 1544749969
======================
   8      33 sdc1 75514168 15099 3758955222 86759195 69156980 78568463 44822860680 1458134383 10 31974073 1544850613
======================
   8      33 sdc1 75514178 15099 3758955302 86763404 69157324 78570201 44825482248 1458229811 8 31979031 1544950225
======================
   8      33 sdc1 75514189 15099 3758955390 86767896 69157691 78572087 44828151376 1458351435 29 31984034 1545081559
======================
   8      33 sdc1 75514200 15099 3758955478 86772212 69158059 78573806 44830706064 1458454396 44 31988849 1545185870
======================
   8      33 sdc1 75514210 15099 3758955558 86776412 69158462 78575508 44833333264 1458577764 43 31993759 1545313939
======================
   8      33 sdc1 75514221 15099 3758955646 86779910 69158849 78577224 44835960208 1458690989 42 31998697 1545447263
======================
   8      33 sdc1 75514232 15099 3758955734 86784278 69159248 78578933 44838626904 1458862979 35 32003698 1545615736
======================
   8      33 sdc1 75514242 15099 3758955814 86788899 69159666 78580525 44841236752 1459056770 0 32008580 1545802645
======================
   8      33 sdc1 75514252 15099 3758955894 86792866 69160025 78582220 44843746064 1459166877 12 32013276 1545922883
======================
   8      33 sdc1 75514263 15099 3758955982 86797337 69160356 78583981 44846299536 1459282057 21 32018076 1546040566
======================
   8      33 sdc1 75514275 15099 3758956078 86801538 69160927 78585887 44848872072 1459520495 93 32022901 1546325155
======================
started
   8      33 sdc1 75514398 15099 3758957056 86802876 69161141 78586430 44850355472 1459658243 0 32025715 1546418087
======================
   8      33 sdc1 75522386 15101 3761206256 86901394 69161141 78586430 44850355472 1459658243 30 32029808 1546516862
======================
   8      33 sdc1 75532046 15129 3763986416 87047008 69161143 78586432 44850355504 1459658294 30 32034810 1546662515
======================
   8      33 sdc1 75541737 15146 3766769680 87192467 69161143 78586432 44850355504 1459658294 30 32039811 1546807950
======================
   8      33 sdc1 75551453 15167 3769553680 87338770 69161143 78586432 44850355504 1459658294 34 32044813 1546954286
======================
   8      33 sdc1 75561176 15196 3772336656 87484931 69161143 78586432 44850355504 1459658294 24 32049815 1547100318
======================
   8      33 sdc1 75570914 15231 3775120144 87632064 69161145 78586432 44850355520 1459658326 32 32054817 1547247609
======================
   8      33 sdc1 75580659 15259 3777903312 87779326 69161145 78586432 44850355520 1459658326 31 32059818 1547394819
======================
   8      33 sdc1 75590576 15292 3780726760 87930059 69161145 78586432 44850355520 1459658326 26 32064892 1547545555
======================
   8      33 sdc1 75600318 15322 3783509672 88077335 69161145 78586432 44850355520 1459658326 30 32069893 1547692797
======================
   8      33 sdc1 75610066 15349 3786293344 88224531 69161145 78586432 44850355520 1459658326 29 32074894 1547839982
======================
   8      33 sdc1 75619809 15373 3789076608 88371906 69161145 78586432 44850355520 1459658326 27 32079896 1547987328
======================
   8      33 sdc1 75629542 15410 3791859512 88518573 69161145 78586432 44850355520 1459658326 31 32084897 1548134013
======================
   8      33 sdc1 75639289 15432 3794642576 88665717 69161145 78586432 44850355520 1459658326 31 32089899 1548281220
======================
   8      33 sdc1 75649022 15452 3797426360 88812116 69161145 78586432 44850355520 1459658326 29 32094901 1548427590
======================
   8      33 sdc1 75658741 15483 3800209848 88958723 69161145 78586432 44850355520 1459658326 30 32099902 1548574187
======================
   8      33 sdc1 75668459 15511 3802986984 89105661 69161145 78586432 44850355520 1459658326 29 32104893 1548721112
======================
   8      33 sdc1 75678195 15530 3805770064 89252620 69161145 78586432 44850355520 1459658326 28 32109894 1548868036
======================
   8      33 sdc1 75687936 15555 3808553296 89399834 69161145 78586432 44850355520 1459658326 29 32114895 1549015266
======================
   8      33 sdc1 75697668 15582 3811336672 89546430 69161145 78586432 44850355520 1459658326 35 32119896 1549161872
======================
   8      33 sdc1 75707419 15602 3814119856 89693242 69161145 78586432 44850355520 1459658326 26 32124898 1549308563
======================
   8      33 sdc1 75717146 15630 3816901688 89839213 69161145 78586432 44850355520 1459658326 25 32129896 1549454603
======================
   8      33 sdc1 75726880 15657 3819685096 89986008 69161145 78586432 44850355520 1459658326 34 32134898 1549601422
======================
   8      33 sdc1 75736621 15684 3822468264 90133249 69161145 78586432 44850355520 1459658326 31 32139899 1549748626
======================
   8      33 sdc1 75746356 15705 3825251648 90279822 69161145 78586432 44850355520 1459658326 23 32144900 1549895149
======================
   8      33 sdc1 75756090 15730 3828034768 90426722 69161145 78586432 44850355520 1459658326 31 32149902 1550042114
======================
   8      33 sdc1 75765822 15766 3830818024 90574196 69161145 78586432 44850355520 1459658326 29 32154903 1550189513
======================
   8      33 sdc1 75775551 15795 3833601176 90720554 69161145 78586432 44850355520 1459658326 22 32159904 1550335817
======================
   8      33 sdc1 75785268 15824 3836384368 90866950 69161145 78586432 44850355520 1459658326 28 32164905 1550482263
======================
   8      33 sdc1 75794985 15854 3839167776 91013000 69161145 78586432 44850355520 1459658326 29 32169907 1550628342
======================
   8      33 sdc1 75804702 15874 3841950888 91159137 69161145 78586432 44850355520 1459658326 27 32174909 1550774488
======================
   8      33 sdc1 75814418 15892 3844734160 91304719 69161145 78586432 44850355520 1459658326 26 32179910 1550920004
======================
   8      33 sdc1 75824145 15923 3847517312 91452062 69161145 78586432 44850355520 1459658326 31 32184911 1551067416
======================
   8      33 sdc1 75833868 15944 3850300712 91598504 69161145 78586432 44850355520 1459658326 30 32189913 1551213829
======================
   8      33 sdc1 75843615 15959 3853083664 91745420 69161145 78586432 44850355520 1459658326 29 32194914 1551360764
======================
   8      33 sdc1 75853347 15972 3855866464 91891496 69161145 78586432 44850355520 1459658326 28 32199915 1551506791
======================
   8      33 sdc1 75863085 15994 3858649832 92037783 69161145 78586432 44850355520 1459658326 29 32204917 1551653094
======================
   8      33 sdc1 75872808 16012 3861432960 92183984 69161145 78586432 44850355520 1459658326 32 32209918 1551799343
======================
   8      33 sdc1 75882527 16042 3864216312 92331081 69161145 78586432 44850355520 1459658326 22 32214919 1551946337
======================
   8      33 sdc1 75892251 16069 3866999568 92477402 69161145 78586432 44850355520 1459658326 30 32219921 1552092699
======================
   8      33 sdc1 75901972 16095 3869782896 92623660 69161145 78586432 44850355520 1459658326 31 32224923 1552238973
======================
   8      33 sdc1 75911676 16120 3872566272 92769816 69161145 78586432 44850355520 1459658326 30 32229924 1552385125
======================
   8      33 sdc1 75921399 16146 3875349080 92916841 69161145 78586432 44850355520 1459658326 29 32234925 1552532166
======================
   8      33 sdc1 75931084 16167 3878122544 93060347 69161145 78586432 44850355520 1459658326 28 32239908 1552675630
