89994.835
15295.446
19289.938
13483.555
24120.491
20057.108
20705.242
15827.826
19667.252
22385.167
12929.472
25789.233
20412.026
14062.983
18058.375
23831.022
18456.393
17972.522
23644.223
21474.367
18329.864
18084.106
22094.485
19567.689
20391.744
19862.145
19948.610
19924.850
19928.813
19177.085
18412.475
20942.529
20418.687
20014.283
18930.186
21072.440
20270.447
18564.119
21090.241
20043.499
16388.695
22507.712
20598.880
20080.650
19502.812
20001.408
18637.911
20024.752
20891.992
20023.766
16881.590
22148.740
20224.488
19743.705
19263.078
19991.469
19791.867
19562.444
19758.473
19573.442
19319.301
19442.571
19548.920
18081.571
20017.407
20465.684
20098.387
18291.048
20538.784
19423.479
17204.839
22266.894
20257.838
18400.786
19825.430
18284.417
10912.903
