20385.165
21012.553
21012.482
20951.700
20874.967
20945.296
21031.701
21019.015
20948.674
21057.364
21054.307
21033.512
20929.369
21108.526
21038.111
20948.808
21130.974
21098.931
20983.806
20945.355
21047.788
21073.457
20932.579
21054.103
21127.772
21038.237
20932.652
21066.969
21130.989
20945.353
20987.006
21105.400
21083.069
20930.676
21022.066
21067.051
20993.306
21012.694
21034.999
21098.977
20980.617
20977.402
20919.778
20948.647
20814.191
20811.031
20801.446
20842.985
20814.177
20772.533
20826.901
20807.858
20810.933
20719.564
20702.193
20679.828
20618.957
20606.141
20494.254
20542.209
20593.423
20587.062
20526.185
20673.331
20654.096
20545.560
20542.079
20663.734
20612.666
20500.532
20532.632
20670.253
20475.043
20500.485
20647.833
13844.941
