======================
   8      33 sdc1 189531914 1754697 10206415128 320745685 246249667 413908896 128547324464 57222868 0 125100099 379313242
======================
   8      33 sdc1 189531932 1754697 10206415272 320745687 246249667 413908896 128547324464 57222868 0 125100101 379313244
======================
   8      33 sdc1 189531932 1754697 10206415272 320745687 246249695 413913188 128547359024 57223762 0 125100168 379314137
======================
   8      33 sdc1 189531932 1754697 10206415272 320745687 246249754 413917429 128547393424 57225449 0 125100235 379315824
======================
   8      33 sdc1 189531932 1754697 10206415272 320745687 246249756 413917434 128547393480 57225451 0 125100237 379315826
======================
   8      33 sdc1 189531932 1754697 10206415272 320745687 246249756 413917434 128547393480 57225451 0 125100237 379315826
started
======================
   8      33 sdc1 189532372 1754697 10206418792 320745814 246249760 413917435 128547393520 57225451 0 125100254 379315953
======================
   8      33 sdc1 189532947 1754697 10206423392 320746279 246250063 413942392 128547595600 57239121 0 125100685 379330088
======================
   8      33 sdc1 189533504 1754697 10206427848 320746834 246250575 414003215 128548086280 57336331 0 125101638 379427853
======================
   8      33 sdc1 189534110 1754697 10206432696 320747049 246250626 414011348 128548151752 57339352 0 125101793 379431089
======================
   8      33 sdc1 189534369 1754697 10206434768 320749313 246252718 414244481 128549859872 57590033 131 125105019 379699193
======================
   8      33 sdc1 189534723 1754697 10206437600 320750985 246255156 414394287 128551251504 57862319 0 125107660 379957991
======================
   8      33 sdc1 189535198 1754697 10206441400 320751129 246255200 414401429 128551308992 57864673 0 125107800 379960489
======================
   8      33 sdc1 189535396 1754697 10206442984 320752530 246256570 414544050 128552445376 58057668 12 125109954 380158635
======================
   8      33 sdc1 189535579 1754697 10206444448 320755059 246258772 414759663 128554203448 58363798 0 125113274 380463544
======================
   8      33 sdc1 189536078 1754697 10206448440 320755233 246258823 414767795 128554268912 58367177 0 125113460 380467096
======================
   8      33 sdc1 189536619 1754697 10206452768 320755586 246259163 414803450 128554470584 58377611 74 125113919 380483893
======================
   8      33 sdc1 189536929 1754697 10206455248 320756716 246260852 414904760 128555344264 58489098 39 125115695 380591040
======================
   8      33 sdc1 189537136 1754697 10206456904 320759147 246262708 415134759 128557235704 58854726 0 125119281 380958557
======================
   8      33 sdc1 189537731 1754697 10206461664 320759425 246262751 415141671 128557291344 58856987 0 125119431 380961096
======================
   8      33 sdc1 189537957 1754697 10206463472 320761223 246265565 415315922 128558707864 59057565 0 125122140 381163472
======================
   8      33 sdc1 189538359 1754697 10206466688 320762826 246267046 415452356 128559811184 59220353 0 125124260 381327985
======================
   8      33 sdc1 189538784 1754697 10206470088 320762900 246267097 415460486 128559876632 59223403 0 125124416 381331109
======================
   8      33 sdc1 189539033 1754697 10206472080 320763582 246269022 415532938 128560463088 59259545 12 125125557 381368441
======================
   8      33 sdc1 189539237 1754697 10206473712 320766122 246273128 415775423 128562444376 59537876 0 125129319 381648800
======================
   8      33 sdc1 189539656 1754697 10206477064 320766215 246273179 415783528 128562509624 59540920 0 125129471 381651936
======================
   8      33 sdc1 189539945 1754697 10206479376 320766533 246273683 415815551 128562769840 59558099 0 125129994 381669433
======================
   8      33 sdc1 189540196 1754697 10206481384 320768059 246276477 415973098 128563927808 59681691 95 125132201 381817621
======================
   8      33 sdc1 189540542 1754713 10206484280 320770459 246278508 416106012 128565132128 59869647 0 125134526 381984905
======================
   8      33 sdc1 189541029 1754713 10206488176 320770695 246278549 416112630 128565185400 59871693 0 125134661 381987185
======================
   8      33 sdc1 189541173 1754769 10206489776 320773612 246284345 416305712 128566730760 60036475 47 125137672 382155872
======================
   8      33 sdc1 189541456 1754777 10206492104 320775897 246286778 416414721 128567667960 60129063 0 125139474 382249755
======================
   8      33 sdc1 189541808 1754777 10206494920 320775995 246286824 416422160 128567727840 60131632 0 125139629 382252422
======================
   8      33 sdc1 189541983 1754778 10206496328 320778218 246290212 416649967 128569397440 60378335 137 125142807 382520752
======================
   8      33 sdc1 189542356 1754781 10206499336 320780227 246293698 416738161 128570310840 60488291 0 125144605 382613312
======================
   8      33 sdc1 189542851 1754781 10206503296 320780365 246293745 416745736 128570371816 60490986 0 125144757 382616145
======================
   8      33 sdc1 189543259 1754833 10206506976 320781483 246300367 416811304 128570890952 60512484 44 125145861 382639305
======================
   8      33 sdc1 189543327 1754833 10206507520 320784001 246302502 417029727 128572713800 60790421 0 125149308 382919209
======================
   8      33 sdc1 189543625 1754833 10206509904 320784049 246302554 417037837 128572779096 60793496 0 125149468 382922331
======================
   8      33 sdc1 189543976 1754852 10206512864 320785104 246306300 417083747 128573176344 60810048 0 125150293 382939937
======================
   8      33 sdc1 189544161 1754852 10206514344 320787426 246311216 417333501 128575213736 61181264 0 125154178 383313475
======================
   8      33 sdc1 189544403 1754852 10206516280 320787524 246311268 417341599 128575278936 61184292 0 125154343 383316601
======================
   8      33 sdc1 189544860 1754856 10206519968 320788051 246312603 417366321 128575487392 61195209 0 125154777 383328044
======================
   8      33 sdc1 189545135 1754861 10206522208 320789053 246315977 417475663 128576389120 61286684 0 125156536 383420521
======================
   8      33 sdc1 189545403 1754861 10206524352 320790777 246318445 417630863 128577650464 61487602 0 125158944 383623163
======================
   8      33 sdc1 189545673 1754867 10206526560 320791321 246319823 417676699 128578028184 61514143 0 125159690 383650248
======================
   8      33 sdc1 189546019 1754869 10206529344 320793220 246324689 417866139 128579472528 61659605 84 125162478 383804092
======================
   8      33 sdc1 189546260 1754869 10206531272 320794608 246325735 417939488 128580177808 61758039 0 125163834 383897429
======================
   8      33 sdc1 189546637 1754892 10206534472 320794721 246325775 417945789 128580228536 61759903 0 125163968 383899406
======================
   8      33 sdc1 189546908 1754972 10206537280 320799668 246338460 418199642 128582347848 61922471 35 125168093 384067142
======================
   8      33 sdc1 189547337 1754972 10206540712 320800171 246339221 418226895 128582584952 61932979 0 125168586 384077929
======================
   8      33 sdc1 189547685 1754972 10206543496 320800327 246339260 418233219 128582635856 61934836 0 125168719 384079942
======================
   8      33 sdc1 189548162 1755017 10206547672 320801306 246343434 418319518 128583359640 61996481 0 125170145 384142566
======================
   8      33 sdc1 189548693 1755219 10206553536 320805328 246369305 418502830 128585033112 62078652 0 125173658 384228756
======================
   8      33 sdc1 189548956 1755219 10206555640 320805390 246369357 418510928 128585098312 62081705 0 125173816 384231870
