93460.476
17452.313
18831.119
19166.976
19469.696
19437.635
19463.435
19436.299
19619.695
19545.554
19823.671
19582.684
19735.447
19706.027
19841.446
19835.007
19604.239
20005.032
19896.327
19900.103
19736.003
20042.297
19695.397
19984.701
19940.354
19538.899
19865.790
19832.074
20004.906
19930.285
19787.601
20044.547
19921.388
19760.154
19856.129
19708.911
19582.239
20070.938
19828.277
19664.208
19950.617
20025.422
19927.565
19746.527
19685.212
20015.247
19709.107
19616.852
19658.271
19596.899
19832.024
19451.684
19617.233
19510.984
19770.667
19650.998
19671.212
19382.925
19449.834
19470.644
19501.925
19432.750
19410.425
19436.328
19542.618
19454.435
19476.659
19373.641
19528.606
19637.808
19651.269
19206.825
19144.264
18948.377
18894.436
17908.209
10734.250
