======================
   8      33 sdc1 304 0 14448 3567 18688 2958327 1488995816 7373853 0 46491 7377419
======================
   8      33 sdc1 359 0 14888 3599 20126 3002888 1491064888 7558670 109 50429 7812088
======================
   8      33 sdc1 361 0 14904 5706 20377 3015493 1493633216 8089119 57 55378 8142743
======================
   8      33 sdc1 378 0 15040 8104 23637 3042739 1496277600 8505000 145 60381 8641528
======================
   8      33 sdc1 393 0 15160 9908 24501 3054042 1499306216 9025350 12 66306 9039444
======================
   8      33 sdc1 395 0 15176 11718 27332 3079389 1502186704 9517177 75 71769 9629017
======================
   8      33 sdc1 412 0 15312 14376 28237 3099480 1505119992 9793703 98 77341 9963319
======================
   8      33 sdc1 414 0 15328 15935 30977 3120218 1507762464 10278566 34 82366 10295808
======================
   8      33 sdc1 430 0 15456 19690 31647 3139484 1510620448 10452664 66 87787 10583663
======================
   8      33 sdc1 442 0 15552 22774 34868 3159048 1513390464 10859919 42 93052 10888824
======================
   8      33 sdc1 449 0 15608 26378 35176 3178890 1516252032 11121359 74 98499 11322406
======================
   8      33 sdc1 466 0 15744 29640 38535 3198675 1518900272 11516652 114 103524 11578839
======================
   8      33 sdc1 474 0 15808 34627 38922 3212049 1521536608 12036824 38 108520 12077627
======================
   8      33 sdc1 499 0 16008 41275 42112 3232678 1524247344 12250230 89 113678 12332032
======================
   8      33 sdc1 506 0 16064 45465 42407 3246621 1526895664 12670489 44 118681 12756904
======================
   8      33 sdc1 517 0 16152 48916 45229 3263683 1529544648 12908212 18 123677 12973023
======================
   8      33 sdc1 520 0 16176 50261 45760 3272272 1531437928 13190624 0 127266 13240871
started
======================
   8      33 sdc1 8934 2067 1435898 117137 45766 3272272 1531437976 13190637 34 129918 13308003
======================
   8      33 sdc1 20705 7491 3385642 236369 48931 3281476 1532151656 13431616 153 135165 13678509
======================
   8      33 sdc1 24929 8206 4319786 332753 55852 3291628 1533551160 14032358 169 140143 14381847
======================
   8      33 sdc1 30615 9129 5565938 439723 62907 3311205 1534695824 14603607 92 145145 15062222
======================
   8      33 sdc1 35514 9834 6615034 535624 69533 3320808 1536002400 15088865 156 150142 15647422
======================
   8      33 sdc1 39774 10563 7570898 637960 76366 3330186 1537369768 15749437 30 155134 16405541
======================
   8      33 sdc1 46513 10889 9117930 780758 81110 3349765 1538274256 16269274 171 160129 17087242
======================
   8      33 sdc1 52853 10952 10722138 981168 84995 3359325 1539094392 16955035 192 165119 17980454
======================
   8      33 sdc1 57431 10973 11899234 1136834 91684 3379505 1540270640 17629498 163 170091 18806290
======================
   8      33 sdc1 59895 10978 12531050 1204030 99675 3393968 1541932720 18307181 145 175077 19563171
======================
   8      33 sdc1 62407 10981 13173898 1275280 107707 3422150 1543602296 18976468 164 180057 20301748
======================
   8      33 sdc1 64965 10985 13829522 1333707 116913 3435248 1545219128 19656855 159 185041 21049819
======================
   8      33 sdc1 67489 10989 14476442 1389557 126277 3455335 1546836496 20348301 158 190030 21800034
======================
   8      33 sdc1 69894 10994 15093154 1441090 135562 3466864 1548501992 21048049 146 195062 22552880
======================
   8      33 sdc1 72612 11006 15717242 1497272 146480 3488807 1550174920 21726747 146 200078 23290312
======================
   8      33 sdc1 76206 11025 16305106 1565723 156625 3508643 1551822072 22417725 165 205068 24053801
======================
   8      33 sdc1 79940 11068 16908138 1642821 167080 3529355 1553471008 23081716 169 210049 24801834
======================
   8      33 sdc1 83738 11082 17535482 1713260 178599 3541995 1555096408 23776850 153 215038 25565088
======================
   8      33 sdc1 87603 11093 18159330 1778595 190786 3574129 1556711032 24460601 22 220022 26313443
======================
   8      33 sdc1 91321 11117 18751810 1844635 202229 3584841 1558369136 25138547 150 224998 27062331
======================
   8      33 sdc1 95288 11139 19380458 1911091 214410 3606599 1560004360 25835176 164 229983 27824708
======================
   8      33 sdc1 99116 11172 19982602 1980995 225340 3625470 1561649360 26506808 159 234963 28569454
======================
   8      33 sdc1 102511 11214 20512994 2039043 237677 3637802 1563364080 27199501 159 239948 29324298
======================
   8      33 sdc1 106707 11257 21221970 2114790 249422 3665471 1564886480 27870108 157 244923 30075367
======================
   8      33 sdc1 110678 11302 21908090 2183927 260247 3676122 1566424576 28569592 158 249914 30838760
======================
   8      33 sdc1 114713 11326 22605322 2253664 272356 3687855 1567950952 29258808 143 254903 31597763
======================
   8      33 sdc1 120466 11401 23372730 2340629 284792 3714926 1569423448 29951060 92 259887 32376609
======================
   8      33 sdc1 126951 11543 24154050 2442998 294808 3725217 1570879136 30620927 153 264863 33154880
======================
   8      33 sdc1 133025 11665 24884906 2537058 306348 3736712 1572384408 31313414 164 269846 33939372
======================
   8      33 sdc1 139675 11773 25638746 2638179 318079 3760033 1573878568 32002043 169 274830 34731710
======================
   8      33 sdc1 146415 11887 26409210 2740379 328629 3770258 1575335168 32694126 173 279811 35529262
======================
   8      33 sdc1 152638 11991 27126122 2840337 339379 3780636 1576842448 33388894 168 284800 36324622
======================
   8      33 sdc1 159435 12112 27904146 2950500 351021 3801590 1578304784 34062816 176 289763 37108405
======================
   8      33 sdc1 166125 12230 28672794 3051801 362390 3822908 1579783416 34755971 141 294749 37903217
======================
   8      33 sdc1 172774 12326 29449386 3156619 373005 3832972 1581239088 35448262 147 299736 38699241
======================
   8      33 sdc1 179631 12401 30240594 3259626 384714 3844466 1582712792 36149749 143 304800 39504781
======================
   8      33 sdc1 186704 12512 31046090 3364995 396328 3867394 1584147928 36836358 169 309782 40300587
