======================
   8      33 sdc1 2996019 949396 1006783932 34226934 14445147 3556950 3296184856 279708069 0 6410701 313929132
======================
   8      33 sdc1 2996545 949396 1006788140 34228022 14445477 3556950 3296601176 279814545 151 6411902 314057989
======================
   8      33 sdc1 2996555 949396 1006788220 34228801 14447509 3558054 3299272768 280477952 154 6416904 314733006
======================
   8      33 sdc1 2996567 949396 1006788316 34231022 14448825 3559131 3301943872 281075915 111 6421907 315364514
======================
   8      33 sdc1 2996578 949396 1006788404 34234131 14449432 3560699 3304605024 281578448 45 6426909 315827795
======================
   8      33 sdc1 2996587 949396 1006788476 34238671 14449707 3562251 3307129760 281697437 15 6431655 315930275
======================
   8      33 sdc1 2996598 949396 1006788564 34242966 14449948 3564204 3309777248 281780770 14 6436657 316022231
======================
   8      33 sdc1 2996609 949396 1006788652 34247166 14450101 3566147 3312383776 281843547 15 6441569 316090186
======================
   8      33 sdc1 2996619 949396 1006788732 34251561 14450251 3568088 3314909736 281907087 21 6446313 316156073
======================
   8      33 sdc1 2996629 949396 1006788812 34255378 14450409 3569836 3317575080 281965331 3 6451314 316216254
======================
   8      33 sdc1 2996640 949396 1006788900 34260068 14450549 3571596 3319975472 282006313 0 6455841 316260500
======================
   8      33 sdc1 2996650 949396 1006788980 34264072 14450707 3573790 3322608424 282091786 15 6460819 316355319
======================
   8      33 sdc1 2996661 949396 1006789068 34267951 14451331 3575148 3325276624 282291413 134 6465818 316577138
======================
   8      33 sdc1 2996672 949396 1006789156 34269055 14453264 3575373 3327932304 282947065 101 6470820 317236874
======================
   8      33 sdc1 2996683 949396 1006789244 34271290 14454514 3576435 3330596192 283469010 100 6475823 317761080
======================
   8      33 sdc1 2996694 949396 1006789332 34274791 14455142 3577989 3333258904 283941850 53 6480826 318222536
======================
   8      33 sdc1 2996704 949396 1006789412 34279227 14455560 3579507 3335911976 284080528 9 6485828 318357499
======================
   8      33 sdc1 2996714 949396 1006789492 34283611 14455887 3581266 3338364072 284184433 24 6490454 318466172
======================
   8      33 sdc1 2996724 949396 1006789572 34287713 14456175 3582879 3340813728 284259471 15 6495082 318546169
======================
   8      33 sdc1 2996735 949396 1006789660 34292267 14456467 3584585 3343414888 284359878 0 6499966 318646247
======================
   8      33 sdc1 2996745 949396 1006789740 34296522 14456746 3586497 3345943528 284454216 28 6504781 318750050
======================
   8      33 sdc1 2996756 949396 1006789828 34300820 14457034 3588307 3348543336 284550872 32 6509661 318847622
======================
   8      33 sdc1 2996766 949396 1006789908 34305002 14457330 3589997 3351124368 284640182 5 6514517 318940878
======================
   8      33 sdc1 2996777 949396 1006789996 34308184 14458032 3591338 3353698136 284854061 156 6519368 319173495
======================
   8      33 sdc1 2996788 949396 1006790084 34309221 14460110 3591400 3356353816 285511098 138 6524371 319832983
======================
   8      33 sdc1 2996799 949396 1006790172 34310334 14461993 3591657 3359009664 286171681 60 6529375 320478085
======================
   8      33 sdc1 2996810 949396 1006790260 34312877 14463100 3592816 3361644880 286769869 75 6534377 321120582
======================
   8      33 sdc1 2996821 949396 1006790348 34316838 14463709 3594346 3364247488 287184519 49 6539380 321523349
======================
   8      33 sdc1 2996829 949396 1006790412 34320745 14464124 3595829 3366803520 287331526 16 6544383 321651203
======================
   8      33 sdc1 2996840 949396 1006790500 34325049 14464487 3597549 3369287288 287464641 31 6549179 321790616
======================
   8      33 sdc1 2996850 949396 1006790580 34329131 14464803 3599136 3371710648 287592140 20 6553776 321919221
======================
   8      33 sdc1 2996860 949396 1006790660 34333320 14465129 3600904 3374254584 287710885 33 6558550 322041036
======================
   8      33 sdc1 2996866 949396 1006790708 34335585 14465455 3603371 3376871864 287975865 156 6563553 322472305
======================
   8      33 sdc1 2996867 949396 1006790716 34336179 14465782 3605092 3379446400 288488559 133 6568555 322953797
======================
   8      33 sdc1 2996868 949396 1006790724 34336900 14466063 3607048 3382087048 288982298 157 6573558 323466104
======================
   8      33 sdc1 2996868 949396 1006790724 34336900 14466882 3607340 3384556880 289707806 148 6578560 324068629
======================
   8      33 sdc1 2996869 949396 1006790732 34337038 14468537 3607407 3386673688 290384838 155 6583563 324746883
======================
   8      33 sdc1 2996869 949396 1006790732 34337038 14470036 3607548 3388683408 291059246 141 6588566 325432834
======================
   8      33 sdc1 2996870 949396 1006790740 34337215 14471339 3608115 3390690816 291733677 140 6593567 326104635
======================
   8      33 sdc1 2996870 949396 1006790740 34337215 14471846 3609189 3392622904 292284020 150 6598569 326721052
======================
   8      33 sdc1 2996871 949396 1006790748 34337661 14472323 3610643 3394598576 292843230 146 6603572 327306663
======================
   8      33 sdc1 2996871 949396 1006790748 34337661 14472619 3611956 3396525352 293479727 145 6608574 327848528
======================
   8      33 sdc1 2996872 949396 1006790756 34338524 14472896 3613425 3398456160 294021044 150 6613576 328382351
======================
   8      33 sdc1 2996872 949396 1006790756 34338524 14473112 3614373 3400400224 294495924 76 6618579 329035466
======================
   8      33 sdc1 2996873 949396 1006790764 34338914 14473340 3615723 3402344736 295008995 81 6623581 329523405
======================
   8      33 sdc1 2996873 949396 1006790764 34338914 14473549 3617197 3404249416 295465822 100 6628585 330037333
======================
   8      33 sdc1 2996874 949396 1006790772 34339269 14473789 3618628 3406223928 296010587 112 6633588 330537430
======================
   8      33 sdc1 2996874 949396 1006790772 34339269 14474024 3620147 3408262512 296496784 135 6638590 331046861
======================
   8      33 sdc1 2996875 949396 1006790780 34339537 14474270 3621556 3410286184 297043683 138 6643593 331543228
======================
   8      33 sdc1 2996875 949396 1006790780 34339537 14474529 3623095 3412535136 297549072 143 6648595 332080707
======================
   8      33 sdc1 2996876 949396 1006790788 34340254 14475170 3623562 3414905616 298182421 158 6653599 332544673
======================
   8      33 sdc1 2996879 949396 1006790812 34340494 14477039 3623611 3417293616 298869954 150 6658601 333233075
======================
   8      33 sdc1 2996880 949396 1006790820 34340603 14478832 3623819 3419748648 299553903 155 6663604 333918167
======================
   8      33 sdc1 2996881 949396 1006790828 34340884 14480052 3624438 3422032128 300120315 0 6668221 334455267
started
======================
   8      33 sdc1 2996886 949396 1006790868 34340896 14489115 3624438 3422636160 300292550 155 6669450 334628863
======================
   8      33 sdc1 2996886 949396 1006790868 34340896 14525372 3624439 3425087744 301038185 155 6674689 335377326
======================
   8      33 sdc1 2996886 949396 1006790868 34340896 14554288 3624440 3427062768 301754095 129 6679691 336090858
======================
   8      33 sdc1 2996886 949396 1006790868 34340896 14580599 3624442 3428908592 302469156 155 6684693 336807317
======================
   8      33 sdc1 2996886 949396 1006790868 34340896 14606059 3624444 3430688456 303188087 137 6689697 337526318
======================
   8      33 sdc1 2996886 949396 1006790868 34340896 14631002 3624446 3432382432 303908498 156 6694700 338246195
======================
   8      33 sdc1 2996886 949396 1006790868 34340896 14653153 3624448 3433909688 304619865 150 6699703 338957951
======================
   8      33 sdc1 2996886 949396 1006790868 34340896 14674490 3624452 3435387216 305340885 159 6704706 339678726
======================
   8      33 sdc1 2996886 949396 1006790868 34340896 14694723 3624455 3436776424 306053638 149 6709708 340391384
======================
   8      33 sdc1 2996886 949396 1006790868 34340896 14713747 3624456 3438077952 306773624 135 6714711 341111996
======================
   8      33 sdc1 2996886 949396 1006790868 34340896 14731390 3624458 3439290392 307490069 158 6719715 341828525
======================
   8      33 sdc1 2996886 949396 1006790868 34340896 14747689 3624459 3440417136 308211913 148 6724718 342550145
======================
   8      33 sdc1 2996886 949396 1006790868 34340896 14763567 3624460 3441527112 308929072 144 6729721 343267165
======================
   8      33 sdc1 2996886 949396 1006790868 34340896 14779595 3624461 3442628040 309644559 149 6734724 343986959
======================
   8      33 sdc1 2996886 949396 1006790868 34340896 14795564 3624462 3443720544 310365433 150 6739727 344707355
======================
   8      33 sdc1 2996886 949396 1006790868 34340896 14811456 3624463 3444813904 311083851 130 6744730 345421600
======================
   8      33 sdc1 2996886 949396 1006790868 34340896 14827200 3624472 3445908824 311800100 131 6749733 346141607
======================
   8      33 sdc1 2996886 949396 1006790868 34340896 14843078 3624482 3447001392 312520277 159 6754736 346862287
======================
   8      33 sdc1 2996886 949396 1006790868 34340896 14858855 3624493 3448089184 313242092 129 6759739 347580308
======================
   8      33 sdc1 2996886 949396 1006790868 34340896 14874782 3624503 3449192288 313958634 139 6764742 348299747
======================
   8      33 sdc1 2996886 949396 1006790868 34340896 14890523 3624514 3450278608 314681155 145 6769746 349019753
======================
   8      33 sdc1 2996886 949396 1006790868 34340896 14905565 3624524 3451314064 315396365 144 6774748 349738348
======================
   8      33 sdc1 2996886 949396 1006790868 34340896 14918986 3624533 3452239976 316118572 133 6779751 350458988
======================
   8      33 sdc1 2996886 949396 1006790868 34340896 14932136 3624543 3453144896 316839981 137 6784753 351179944
======================
   8      33 sdc1 2996886 949396 1006790868 34340896 14945033 3624552 3454033816 317559972 76 6789757 351900078
======================
   8      33 sdc1 2996886 949396 1006790868 34340896 14957782 3624555 3454913064 318270660 160 6794759 352610147
======================
   8      33 sdc1 2996886 949396 1006790868 34340896 14970283 3624558 3455782976 318989225 141 6799762 353329669
======================
   8      33 sdc1 2996886 949396 1006790868 34340896 14982464 3624559 3456623448 319712534 154 6804765 354052350
======================
   8      33 sdc1 2996886 949396 1006790868 34340896 14994089 3624559 3457430256 320429539 146 6809769 354769467
======================
   8      33 sdc1 2996886 949396 1006790868 34340896 15005848 3624560 3458241584 321148054 132 6814780 355492480
======================
   8      33 sdc1 2996886 949396 1006790868 34340896 15016852 3624564 3458998344 321870254 138 6819782 356213787
======================
   8      33 sdc1 2996886 949396 1006790868 34340896 15027925 3624565 3459756064 322590626 139 6824785 356933438
======================
   8      33 sdc1 2996886 949396 1006790868 34340896 15038772 3624567 3460496440 323311712 142 6829788 357654752
======================
   8      33 sdc1 2996886 949396 1006790868 34340896 15049598 3624570 3461237712 324034435 134 6834792 358377506
======================
   8      33 sdc1 2996886 949396 1006790868 34340896 15060542 3624571 3461992552 324747565 154 6839795 359090501
======================
   8      33 sdc1 2996886 949396 1006790868 34340896 15071397 3624573 3462748736 325468244 149 6844797 359809926
======================
   8      33 sdc1 2996886 949396 1006790868 34340896 15082418 3624575 3463506264 326189031 138 6849800 360530041
======================
   8      33 sdc1 2996886 949396 1006790868 34340896 15093634 3624576 3464264240 326910398 156 6854803 361251176
======================
   8      33 sdc1 2996886 949396 1006790868 34340896 15106380 3624578 3465138824 327617843 146 6859768 361958837
======================
   8      33 sdc1 2996886 949396 1006790868 34340896 15118417 3624579 3465966624 328335547 143 6864770 362675687
======================
   8      33 sdc1 2996886 949396 1006790868 34340896 15130435 3624581 3466790456 329056630 159 6869773 363397097
======================
   8      33 sdc1 2996886 949396 1006790868 34340896 15142426 3624582 3467611344 329778293 138 6874776 364116810
======================
   8      33 sdc1 2996886 949396 1006790868 34340896 15154778 3624584 3468461288 330499775 140 6879779 364838252
======================
   8      33 sdc1 2996886 949396 1006790868 34340896 15166552 3624585 3469269824 331219762 143 6884781 365557480
======================
   8      33 sdc1 2996886 949396 1006790868 34340896 15179298 3624587 3470144856 331931808 130 6889783 366271668
======================
   8      33 sdc1 2996886 949396 1006790868 34340896 15191230 3624588 3470968344 332648845 135 6894786 366992105
======================
   8      33 sdc1 2996886 949396 1006790868 34340896 15204050 3624589 3471844848 333369820 149 6899788 367713506
======================
   8      33 sdc1 2996886 949396 1006790868 34340896 15216989 3624590 3472733512 334093426 140 6904791 368435024
======================
   8      33 sdc1 2996886 949396 1006790868 34340896 15229652 3624591 3473599288 334798490 135 6909755 369137792
======================
   8      33 sdc1 2996886 949396 1006790868 34340896 15243019 3624592 3474518648 335516426 145 6914758 369857468
======================
   8      33 sdc1 2996886 949396 1006790868 34340896 15256332 3624593 3475430608 336236566 146 6919760 370577244
======================
   8      33 sdc1 2996886 949396 1006790868 34340896 15269569 3624595 3476336320 336957115 128 6924763 371296304
======================
   8      33 sdc1 2996886 949396 1006790868 34340896 15282159 3624596 3477208640 337673208 147 6929765 372014900
======================
   8      33 sdc1 2996886 949396 1006790868 34340896 15296206 3624597 3478182872 338393421 150 6934768 372735236
======================
   8      33 sdc1 2996886 949396 1006790868 34340896 15310303 3624600 3479155824 339116001 135 6939771 373455820
======================
   8      33 sdc1 2996886 949396 1006790868 34340896 15323316 3624602 3480042056 339831856 159 6944773 374171201
======================
   8      33 sdc1 2996886 949396 1006790868 34340896 15337668 3624604 3481017440 340551662 145 6949777 374891716
======================
   8      33 sdc1 2996886 949396 1006790868 34340896 15352305 3624605 3482001168 341273650 135 6954780 375613263
======================
   8      33 sdc1 2996886 949396 1006790868 34340896 15366481 3624613 3482968856 341990420 136 6959783 376329859
======================
   8      33 sdc1 2996886 949396 1006790868 34340896 15381216 3624625 3483978032 342710757 155 6964786 377050335
======================
   8      33 sdc1 2996886 949396 1006790868 34340896 15395848 3624636 3484965192 343431169 149 6969788 377770427
======================
   8      33 sdc1 2996886 949396 1006790868 34340896 15410325 3624644 3485948192 344144182 150 6974791 378481820
======================
   8      33 sdc1 2996886 949396 1006790868 34340896 15425635 3624655 3486996480 344860592 137 6979794 379203026
======================
   8      33 sdc1 2996886 949396 1006790868 34340896 15440797 3624665 3488037592 345579913 145 6984797 379922505
======================
   8      33 sdc1 2996886 949396 1006790868 34340896 15455602 3624675 3489054600 346282523 130 6989696 380620417
======================
   8      33 sdc1 2996886 949396 1006790868 34340896 15470513 3624686 3490096800 347001405 133 6994699 381339176
======================
   8      33 sdc1 2996886 949396 1006790868 34340896 15486439 3624697 3491180760 347717815 144 6999701 382059673
======================
   8      33 sdc1 2996886 949396 1006790868 34340896 15501216 3624708 3492189640 348440188 154 7004705 382778061
======================
   8      33 sdc1 2996886 949396 1006790868 34340896 15517016 3624719 3493282120 349156708 131 7009707 383497592
======================
   8      33 sdc1 2996886 949396 1006790868 34340896 15532722 3624730 3494370336 349876281 139 7014710 384216856
======================
   8      33 sdc1 2996886 949396 1006790868 34340896 15548671 3624733 3495455920 350592282 142 7019712 384930025
======================
   8      33 sdc1 2996886 949396 1006790868 34340896 15564350 3624735 3496542256 351307932 144 7024714 385647899
======================
   8      33 sdc1 2996886 949396 1006790868 34340896 15579836 3624736 3497620936 352028140 148 7029718 386367812
======================
   8      33 sdc1 2996886 949396 1006790868 34340896 15595576 3624737 3498697848 352749176 155 7034720 387087248
======================
   8      33 sdc1 2996886 949396 1006790868 34340896 15611210 3624738 3499779384 353464353 138 7039723 387803643
======================
   8      33 sdc1 2996886 949396 1006790868 34340896 15626863 3624739 3500859024 354185372 135 7044726 388524074
======================
   8      33 sdc1 2996886 949396 1006790868 34340896 15642762 3624740 3501940904 354906143 142 7049728 389244679
======================
   8      33 sdc1 2996886 949396 1006790868 34340896 15658406 3624742 3503019904 355620267 132 7054731 389958808
======================
   8      33 sdc1 2996886 949396 1006790868 34340896 15673975 3624744 3504099928 356341240 149 7059734 390679146
======================
   8      33 sdc1 2996886 949396 1006790868 34340896 15690145 3624746 3505204400 357062533 141 7064738 391400034
======================
   8      33 sdc1 2996886 949396 1006790868 34340896 15706794 3624748 3506350664 357771660 131 7069733 392109571
======================
   8      33 sdc1 2996886 949396 1006790868 34340896 15723530 3624749 3507512352 358489461 133 7074735 392827222
======================
   8      33 sdc1 2996886 949396 1006790868 34340896 15740037 3624750 3508639840 359205267 139 7079738 393547093
======================
   8      33 sdc1 2996886 949396 1006790868 34340896 15756869 3624751 3509798608 359926124 142 7084741 394263889
======================
   8      33 sdc1 2996886 949396 1006790868 34340896 15773501 3624754 3510956496 360641566 151 7089743 394982737
======================
   8      33 sdc1 2996886 949396 1006790868 34340896 15790393 3624756 3512110504 361362049 157 7094746 395703069
======================
   8      33 sdc1 2996886 949396 1006790868 34340896 15806641 3624758 3513223704 362076623 130 7099749 396414035
======================
   8      33 sdc1 2996886 949396 1006790868 34340896 15822837 3624759 3514353944 362791474 155 7104752 397132055
======================
   8      33 sdc1 2996886 949396 1006790868 34340896 15838626 3624761 3515442032 363511527 148 7109754 397852362
======================
   8      33 sdc1 2996886 949396 1006790868 34340896 15854617 3624763 3516535624 364231597 152 7114757 398571401
======================
   8      33 sdc1 2996886 949396 1006790868 34340896 15870603 3624764 3517623392 364952456 143 7119761 399291701
======================
   8      33 sdc1 2996886 949396 1006790868 34340896 15886363 3624766 3518702776 365672406 129 7124764 400011212
======================
   8      33 sdc1 2996886 949396 1006790868 34340896 15902325 3624767 3519794192 366392277 137 7129767 400730911
======================
   8      33 sdc1 2996886 949396 1006790868 34340896 15918134 3624770 3520876352 367109459 158 7134769 401446868
======================
   8      33 sdc1 2996886 949396 1006790868 34340896 15933762 3624771 3521962304 367825484 147 7139771 402163717
======================
   8      33 sdc1 2996886 949396 1006790868 34340896 15949690 3624774 3523049752 368547445 157 7144774 402885190
======================
   8      33 sdc1 2996886 949396 1006790868 34340896 15965531 3624775 3524138288 369269009 158 7149777 403605997
======================
   8      33 sdc1 2996886 949396 1006790868 34340896 15981248 3624777 3525224200 369983865 154 7154780 404321112
======================
   8      33 sdc1 2996886 949396 1006790868 34340896 15996905 3624779 3526314632 370698314 146 7159783 405040472
======================
   8      33 sdc1 2996886 949396 1006790868 34340896 16012550 3624780 3527394168 371420977 152 7164786 405758489
======================
   8      33 sdc1 2996886 949396 1006790868 34340896 16028276 3624782 3528479416 372137630 139 7169788 406478863
======================
   8      33 sdc1 2996886 949396 1006790868 34340896 16044101 3624783 3529574544 372857056 156 7174791 407198424
======================
   8      33 sdc1 2996886 949396 1006790868 34340896 16058488 3624784 3530562240 373577156 142 7179794 407914445
======================
   8      33 sdc1 2996886 949396 1006790868 34340896 16073525 3624785 3531598976 374292472 146 7184796 408633140
======================
   8      33 sdc1 2996886 949396 1006790868 34340896 16087895 3624787 3532587736 375012563 146 7189799 409353442
======================
   8      33 sdc1 2996886 949396 1006790868 34340896 16102397 3624790 3533584136 375731874 143 7194802 410071205
======================
   8      33 sdc1 2996886 949396 1006790868 34340896 16116927 3624795 3534588552 376448172 142 7199804 410789271
======================
   8      33 sdc1 2996886 949396 1006790868 34340896 16131297 3624796 3535581048 377172278 143 7204808 411511775
======================
   8      33 sdc1 2996886 949396 1006790868 34340896 16146442 3624805 3536627280 377886587 135 7209810 412227590
======================
   8      33 sdc1 2996886 949396 1006790868 34340896 16160839 3624815 3537617512 378608884 140 7214812 412949429
======================
   8      33 sdc1 2996886 949396 1006790868 34340896 16175670 3624826 3538634496 379332770 159 7219815 413670834
