======================
   8      33 sdc1 192245947 1762231 10228204852 321591638 255745508 451910806 131982703568 129597537 0 126287136 452531467
======================
   8      33 sdc1 192245951 1762231 10228204884 321591639 255745508 451910806 131982703568 129597537 0 126287137 452531468
======================
   8      33 sdc1 192245951 1762231 10228204884 321591639 255745511 451910820 131982703704 129597545 0 126287145 452531476
======================
   8      33 sdc1 192245951 1762231 10228204884 321591639 255745511 451910820 131982703704 129597545 0 126287145 452531476
started
======================
   8      33 sdc1 192246019 1762231 10228205428 321591704 255745523 451910822 131982703816 129597545 0 126287147 452531541
======================
   8      33 sdc1 192246026 1762231 10228205484 321592066 255745568 451911191 131983211800 129610333 0 126288106 452544690
======================
   8      33 sdc1 192246034 1762231 10228205548 321594562 255745705 451912449 131984863688 129647134 7 126291240 452587102
======================
   8      33 sdc1 192246045 1762231 10228205636 321598477 255745884 451914230 131987372952 129730685 0 126295944 452671450
======================
   8      33 sdc1 192246049 1762231 10228205668 321598795 255745951 451915017 131988306152 129749485 8 126297735 452692902
======================
   8      33 sdc1 192246060 1762231 10228205756 321600794 255746118 451916917 131990978368 129809284 2 126302737 452753085
======================
   8      33 sdc1 192246069 1762231 10228205828 321604689 255746271 451918671 131993372640 129880414 0 126307246 452827391
======================
   8      33 sdc1 192246074 1762231 10228205868 321606423 255746340 451919449 131994386680 129905154 2 126309236 452853868
======================
   8      33 sdc1 192246082 1762231 10228205932 321610157 255746505 451921058 131996607936 129964239 1 126313439 452916686
======================
   8      33 sdc1 192246087 1762231 10228205972 321611150 255746637 451922034 131997692248 129993212 39 126315496 452950860
======================
   8      33 sdc1 192246097 1762231 10228206052 321615235 255746924 451923663 132000343864 130100625 7 126320497 453061877
======================
   8      33 sdc1 192246100 1762231 10228206076 321616088 255746994 451924239 132000983104 130120290 20 126321796 453081445
======================
   8      33 sdc1 192246111 1762231 10228206164 321617698 255747251 451926060 132003580192 130193361 21 126326699 453158635
======================
   8      33 sdc1 192246122 1762231 10228206252 321622421 255747510 451927806 132006243944 130290079 6 126331701 453255871
======================
   8      33 sdc1 192246125 1762231 10228206276 321622840 255747579 451928402 132006862792 130303932 21 126332896 453270793
======================
   8      33 sdc1 192246135 1762231 10228206356 321624752 255747835 451930315 132009519800 130380050 36 126337858 453351767
======================
   8      33 sdc1 192246145 1762231 10228206436 321627186 255748316 451931669 132012068440 130754264 0 126342655 453723728
======================
   8      33 sdc1 192246152 1762231 10228206492 321630216 255748539 451932979 132013889192 130824143 13 126346122 453800427
======================
   8      33 sdc1 192246158 1762231 10228206540 321632543 255748689 451933791 132015171584 130862785 0 126348542 453837602
======================
   8      33 sdc1 192246166 1762231 10228206604 321633762 255748910 451935299 132017073664 130917439 31 126352144 453895732
======================
   8      33 sdc1 192246177 1762231 10228206692 321637357 255749211 451937138 132019727992 131006875 29 126357145 453988705
======================
   8      33 sdc1 192246181 1762231 10228206724 321638842 255749357 451937816 132020975720 131056244 0 126359486 454037351
======================
   8      33 sdc1 192246191 1762231 10228206804 321639912 255749618 451939476 132023283568 131121382 9 126363884 454106331
======================
   8      33 sdc1 192246204 1762231 10228206908 321643642 255750089 451941484 132025932536 131295267 100 126368885 454320504
======================
   8      33 sdc1 192246206 1762231 10228206924 321644774 255750255 451941780 132027021936 131453834 0 126370923 454440868
======================
   8      33 sdc1 192246216 1762231 10228207004 321649162 255750597 451943585 132029631496 131551045 13 126375885 454546558
======================
   8      33 sdc1 192246220 1762231 10228207036 321650204 255750711 451944059 132030378584 131576892 2 126377356 454569937
======================
   8      33 sdc1 192246230 1762231 10228207116 321651364 255751028 451945911 132032895128 131656062 30 126382103 454655108
======================
   8      33 sdc1 192246241 1762231 10228207204 321655896 255751361 451947678 132035561560 131762798 26 126387105 454767347
======================
   8      33 sdc1 192246243 1762231 10228207220 321656626 255751455 451948057 132036255584 131784294 5 126388443 454784245
======================
   8      33 sdc1 192246253 1762231 10228207300 321659156 255751722 451949657 132038374624 131824611 35 126392481 454826990
======================
   8      33 sdc1 192246263 1762231 10228207380 321662916 255752231 451951136 132041037280 132049030 9 126397481 455062482
======================
   8      33 sdc1 192246268 1762231 10228207420 321664670 255752416 451951918 132042163576 132105512 21 126399619 455116721
======================
   8      33 sdc1 192246276 1762231 10228207484 321668240 255752696 451953172 132044173400 132200984 0 126403400 455211467
======================
   8      33 sdc1 192246280 1762231 10228207516 321669394 255752849 451953888 132045222272 132231276 0 126405387 455242912
======================
   8      33 sdc1 192246288 1762231 10228207580 321672165 255753124 451955243 132047166864 132297586 17 126409067 455317491
======================
   8      33 sdc1 192246296 1762231 10228207644 321675623 255753434 451956591 132049327064 132396369 0 126413160 455414229
======================
   8      33 sdc1 192246302 1762231 10228207692 321676239 255753617 451957508 132050581824 132435553 15 126415594 455454868
======================
   8      33 sdc1 192246312 1762231 10228207772 321679093 255753935 451959253 132052863352 132537588 58 126419924 455576028
======================
   8      33 sdc1 192246319 1762231 10228207828 321682159 255754213 451960288 132054860632 132650420 0 126423682 455674813
======================
   8      33 sdc1 192246325 1762231 10228207876 321682945 255754588 451961101 132056252552 132723562 16 126426315 455750540
======================
   8      33 sdc1 192246336 1762231 10228207964 321685998 255754975 451962859 132058665160 132831031 63 126430876 455871806
======================
   8      33 sdc1 192246342 1762231 10228208012 321688838 255755243 451963721 132060399976 132972964 0 126434123 456004028
======================
   8      33 sdc1 192246348 1762231 10228208060 321689819 255755466 451964751 132061863352 133025004 20 126436951 456060287
======================
   8      33 sdc1 192246358 1762231 10228208140 321692734 255755878 451966447 132064523096 133136955 9 126441951 456175299
======================
   8      33 sdc1 192246365 1762231 10228208196 321695613 255756100 451967390 132066019168 133191491 0 126444819 456229320
======================
   8      33 sdc1 192246371 1762231 10228208244 321696895 255756332 451968429 132067540824 133223159 6 126447718 456263318
======================
   8      33 sdc1 192246382 1762231 10228208332 321700189 255756681 451970126 132069928984 133308269 155 126452238 456373352
======================
   8      33 sdc1 192246387 1762231 10228208372 321701200 255757091 451970773 132071450976 133620822 0 126455088 456664235
======================
   8      33 sdc1 192246398 1762231 10228208460 321705341 255757520 451972549 132074049664 133768156 32 126459984 456828459
======================
   8      33 sdc1 192246401 1762231 10228208484 321706669 255757653 451972919 132074773840 133823650 3 126461361 456872773
======================
   8      33 sdc1 192246407 1762231 10228208532 321708703 255757937 451974074 132076531056 133885547 17 126464694 456940420
======================
   8      33 sdc1 192246419 1762231 10228208628 321713067 255758375 451975908 132079189440 134017124 51 126469694 457086842
======================
   8      33 sdc1 192246422 1762231 10228208652 321713584 255758522 451976341 132080026584 134074436 18 126471360 457134461
======================
   8      33 sdc1 192246431 1762231 10228208724 321715940 255758848 451977751 132082069344 134135730 42 126475218 457196801
======================
   8      33 sdc1 192246442 1762231 10228208812 321720735 255759284 451979262 132084735904 134281646 2 126480220 457344580
======================
   8      33 sdc1 192246444 1762231 10228208828 321720950 255759549 451979647 132085492544 134324667 7 126481654 457388588
======================
   8      33 sdc1 192246453 1762231 10228208900 321722995 255759966 451981095 132087730272 134391210 26 126485897 457462351
======================
   8      33 sdc1 192246464 1762231 10228208988 321727352 255760430 451982717 132090395608 134582028 19 126490900 457662903
======================
   8      33 sdc1 192246468 1762231 10228209020 321727803 255760602 451983377 132091328440 134630996 29 126492715 457705350
======================
   8      33 sdc1 192246478 1762231 10228209100 321729552 255761043 451984885 132093850360 134723797 13 126497484 457800453
======================
   8      33 sdc1 192246488 1762231 10228209180 321733870 255761490 451986405 132096351592 134934317 0 126502177 458010375
======================
   8      33 sdc1 192246492 1762231 10228209212 321734590 255761625 451987048 132097142608 134956983 27 126503688 458034020
======================
   8      33 sdc1 192246500 1762231 10228209276 321737288 255762004 451988352 132099299776 135035711 22 126507757 458122978
======================
   8      33 sdc1 192246510 1762231 10228209356 321740377 255762566 451989495 132101521256 135375500 0 126511919 458458058
======================
   8      33 sdc1 192246516 1762231 10228209404 321742967 255762836 451990626 132102998752 135485836 64 126514768 458587851
======================
   8      33 sdc1 192246522 1762231 10228209452 321745284 255763135 451991398 132104600096 135594618 0 126517783 458682077
======================
   8      33 sdc1 192246526 1762231 10228209484 321745666 255763330 451992054 132105624408 135644452 0 126519709 458732291
