12.7
12.3
15.1
15.2
13.6
14.5
13.8
13.7
15.4
15.5
15.2
16.4
16.4
15.8
16.4
16.2
17.1
16.6
16.4
18.3
18.4
17.9
17.4
16.2
17.6
18.1
18.5
18.2
16.7
18.8
18.7
18.5
17.9
17.7
18.9
18.7
18.7
18.4
18.8
17.6
17.9
19.6
19.3
19.0
19.6
18.8
18.3
20.6
19.8
19.4
19.1
19.3
20.6
20.6
19.9
20.2
20.6
20.4
21.7
20.3
21.8
20.8
21.0
21.0
21.2
21.7
21.2
22.1
21.6
21.5
21.7
21.6
20.6
20.5
21.6
22.1
21.8
22.8
22.6
20.9
21.9
22.0
22.4
23.0
22.4
23.0
22.1
21.8
22.9
23.1
22.2
22.7
23.0
22.2
22.7
22.9
22.9
23.1
23.5
22.7
22.7
23.5
23.5
22.1
23.4
22.7
23.1
22.6
22.8
23.0
22.9
22.3
23.0
22.8
23.1
22.6
22.5
23.3
23.2
23.8
22.8
22.2
12.3
