6537.587
6731.472
6770.724
6863.734
6729.642
6867.098
6790.704
6917.442
7022.793
7015.009
6975.884
7023.527
7016.110
7071.598
7052.627
7032.817
7105.526
7095.154
7143.268
7172.040
7117.145
6892.751
7136.117
7249.257
7197.798
7125.505
7097.660
7178.536
7148.758
7177.561
7225.015
7150.628
7202.742
7128.950
7225.511
7213.648
7269.298
7293.005
7256.423
7217.117
7254.139
7160.465
7318.610
7226.554
7241.434
7270.002
7209.836
7290.309
7227.862
7185.622
7308.913
7179.428
7220.922
7261.728
7257.610
7232.644
7305.327
7280.576
7291.021
7259.739
7379.137
7274.610
7238.670
7260.504
7254.233
7471.038
7290.793
7365.160
7306.198
7349.745
7197.735
7237.748
7357.704
7224.756
7327.742
7255.067
7281.545
7277.823
7263.996
7300.646
7358.022
7343.499
7444.889
7340.828
7327.938
7406.202
7368.124
7391.473
7507.839
7354.245
7397.089
7363.332
7403.127
7404.019
7480.838
7394.333
7386.724
7468.035
7372.921
7324.585
7292.908
7495.936
7531.974
7471.205
7464.926
7276.832
7282.563
7431.997
7362.955
7414.222
7444.746
7529.557
7530.704
7423.703
7507.398
7471.488
7555.611
7473.325
7503.242
7470.338
7447.680
7597.115
7362.271
7519.556
7483.322
7404.034
7499.246
7456.900
7427.160
7508.559
7509.221
7489.312
7436.648
7350.630
7493.643
7539.984
7576.882
7439.573
7446.906
7458.406
7478.504
7222.828
7397.691
7395.360
7403.454
7395.543
7385.142
7515.321
7470.476
7431.507
7399.247
7520.362
7454.191
7552.372
7477.055
7368.914
7481.567
7399.541
7423.740
7410.012
7483.193
7386.597
7530.231
7621.328
7552.146
7469.910
7647.939
7468.779
7559.026
7496.370
7524.203
7528.404
7503.650
7443.184
7549.515
7433.830
7504.039
7583.756
7350.013
7538.727
7490.343
7669.061
7521.661
7416.385
7485.563
7454.885
7537.940
7539.333
7449.515
7452.679
7457.179
7455.009
7489.264
7476.137
7408.805
7451.586
7380.119
7617.352
7381.084
7404.277
7496.017
7373.118
7334.303
7375.347
7444.795
7446.171
7416.699
7514.322
7296.691
7440.873
7443.699
7489.147
7421.719
7332.181
3572.656
