======================
   8      33 sdc1 191967193 1759188 10225945054 321289906 251734864 438549552 130741909184 98500207 0 125748791 421133212
======================
   8      33 sdc1 191967231 1759188 10225945358 321290056 251736273 438619975 130742466816 98539887 40 125749893 421173318
======================
   8      33 sdc1 191967253 1759188 10225945534 321290349 251740538 438762463 130743610856 98662539 145 125752140 421321630
======================
   8      33 sdc1 191967279 1759188 10225945742 321290825 251749064 438970146 130745360984 98865897 130 125755559 421518939
======================
   8      33 sdc1 191967294 1759188 10225945862 321290913 251751077 439097205 130746420112 99019557 0 125757622 421653557
======================
   8      33 sdc1 191967321 1759188 10225946078 321291496 251754856 439296395 130747914592 99227492 121 125760536 421885913
======================
   8      33 sdc1 191967337 1759188 10225946206 321291878 251758468 439463946 130749331176 99439669 71 125763290 422089493
======================
   8      33 sdc1 191967355 1759188 10225946350 321292311 251763628 439662557 130750935608 99660395 85 125766439 422319242
======================
   8      33 sdc1 191967363 1759188 10225946414 321292404 251767578 439762434 130751873952 99821901 0 125768279 422457386
======================
   8      33 sdc1 191967376 1759188 10225946518 321292637 251773407 439920432 130753184576 99969290 0 125770888 422605010
======================
   8      33 sdc1 191967392 1759188 10225946646 321293259 251781658 440137854 130754958912 100151285 139 125774446 422789021
======================
   8      33 sdc1 191967405 1759188 10225946750 321293421 251785498 440250074 130755918448 100254273 0 125776390 422890769
======================
   8      33 sdc1 191967419 1759188 10225946862 321293937 251793253 440500506 130757820728 100489300 124 125780055 423133505
======================
   8      33 sdc1 191967434 1759188 10225946982 321294337 251796192 440600471 130758807176 100580590 0 125782110 423217993
======================
   8      33 sdc1 191967449 1759188 10225947102 321294607 251802926 440770465 130760221000 100756495 0 125784979 423394168
======================
   8      33 sdc1 191967462 1759188 10225947206 321294966 251810170 440953075 130761739832 100968392 0 125788031 423606453
======================
   8      33 sdc1 191967476 1759188 10225947318 321295201 251813995 441101533 130762958104 101096435 0 125790503 423734725
======================
   8      33 sdc1 191967490 1759188 10225947430 321295572 251825932 441307569 130764641312 101275804 48 125793809 423917796
======================
   8      33 sdc1 191967503 1759188 10225947534 321295741 251833301 441402256 130765518336 101390281 0 125795689 424029098
======================
   8      33 sdc1 191967515 1759188 10225947630 321296022 251847769 441590586 130767050152 101552006 68 125798786 424202322
======================
   8      33 sdc1 191967526 1759188 10225947718 321296373 251864595 441766765 130768684776 101789120 0 125802047 424428556
======================
   8      33 sdc1 191967539 1759188 10225947822 321296489 251886659 441889759 130769845240 101925994 0 125804535 424565532
======================
   8      33 sdc1 191967551 1759188 10225947918 321297100 251908298 442132536 130771788584 102166045 129 125808498 424828085
======================
   8      33 sdc1 191967565 1759188 10225948030 321297136 251932135 442242550 130773023448 102347149 32 125811093 424987421
======================
   8      33 sdc1 191967576 1759188 10225948118 321297481 251953693 442400981 130774471304 102524030 0 125814084 425164526
======================
   8      33 sdc1 191967588 1759188 10225948214 321298078 251974869 442602006 130776248912 102758743 0 125817666 425399832
======================
   8      33 sdc1 191967601 1759188 10225948318 321298281 251999784 442760360 130777715096 102919967 0 125820767 425561254
======================
   8      33 sdc1 191967614 1759188 10225948422 321298802 252026357 442981531 130779697048 103171935 0 125824827 425813733
======================
   8      33 sdc1 191967627 1759188 10225948526 321299013 252042930 443090415 130780700712 103279373 0 125826921 425921375
======================
   8      33 sdc1 191967639 1759188 10225948622 321299490 252068437 443285265 130782463584 103494383 1 125830534 426136850
======================
   8      33 sdc1 191967651 1759188 10225948718 321299743 252089443 443427487 130783769440 103669296 0 125833262 426312008
======================
   8      33 sdc1 191967663 1759188 10225948814 321300131 252109677 443595686 130785276920 103871682 0 125836346 426514769
======================
   8      33 sdc1 191967674 1759188 10225948902 321300490 252129267 443767340 130786806888 104100446 0 125839514 426743878
======================
   8      33 sdc1 191967686 1759188 10225948998 321300647 252153614 443918312 130788209480 104264959 0 125842403 426908541
======================
   8      33 sdc1 191967699 1759188 10225949102 321301174 252179898 444120095 130790034032 104513984 0 125846036 427158087
======================
   8      33 sdc1 191967711 1759188 10225949198 321301357 252197580 444239032 130791126312 104643697 146 125848537 427289513
======================
   8      33 sdc1 191967724 1759188 10225949302 321301741 252222158 444458972 130793038048 104862313 142 125852434 427529193
======================
   8      33 sdc1 191967735 1759188 10225949390 321301765 252244398 444569707 130794147008 105046227 0 125854867 427690889
======================
   8      33 sdc1 191967749 1759188 10225949502 321302370 252270079 444790386 130795995976 105242597 92 125858580 427895147
======================
   8      33 sdc1 191967762 1759188 10225949606 321302467 252294041 444914249 130797300952 105437134 0 125861378 428082478
======================
   8      33 sdc1 191967777 1759188 10225949726 321302996 252322283 445146843 130799206632 105665374 136 125865288 428325119
======================
   8      33 sdc1 191967790 1759188 10225949830 321303279 252346252 445253261 130800431976 105854983 0 125867838 428501133
======================
   8      33 sdc1 191967810 1759191 10225950014 321303751 252375371 445425893 130802046840 106032372 0 125871133 428678991
======================
   8      33 sdc1 191967823 1759191 10225950118 321304064 252394629 445604208 130803588672 106232181 35 125874232 428879773
======================
   8      33 sdc1 191967827 1759191 10225950150 321304428 252401630 445730565 130804694736 106422888 0 125876353 429070198
======================
   8      33 sdc1 191967827 1759191 10225950150 321304428 252401630 445730565 130804694736 106422888 0 125876353 429070198
======================
   8      33 sdc1 191967827 1759191 10225950150 321304428 252401630 445730565 130804694736 106422888 0 125876353 429070198
======================
   8      33 sdc1 191967827 1759191 10225950150 321304428 252401630 445730565 130804694736 106422888 0 125876353 429070198
======================
   8      33 sdc1 191967827 1759191 10225950150 321304428 252401682 445738310 130804757112 106425932 0 125876473 429073242
started
======================
   8      33 sdc1 192001551 1759383 10226221504 321322435 252401692 445738311 130804757200 106425936 23 125877365 429091247
======================
   8      33 sdc1 192107892 1761349 10227088296 321375659 252413004 445770973 130805109000 106469556 0 125880824 429188073
======================
   8      33 sdc1 192110172 1761349 10227106536 321376530 252458026 445836369 130805992360 106619760 0 125882842 429339128
======================
   8      33 sdc1 192110688 1761349 10227110664 321376583 252503165 445901713 130806876224 106769841 0 125884799 429489253
======================
   8      33 sdc1 192111203 1761349 10227114784 321376656 252547762 445970105 130807780136 106924645 0 125886810 429644119
======================
   8      33 sdc1 192141360 1761663 10227358616 321392096 252586803 446030024 130808571824 107060061 20 125889317 429795127
======================
   8      33 sdc1 192168908 1761966 10227581488 321405571 252631208 446087251 130809384888 107205266 146 125891816 429954037
======================
   8      33 sdc1 192169540 1761966 10227586544 321405698 252681418 446152600 130810270968 107367472 29 125893831 430117575
======================
   8      33 sdc1 192170119 1761966 10227591176 321405794 252735123 446209843 130811196960 107541575 0 125895927 430290418
======================
   8      33 sdc1 192170582 1761966 10227594880 321405858 252788392 446276176 130812153776 107716348 0 125898065 430465247
======================
   8      33 sdc1 192171059 1761966 10227598696 321405947 252841261 446343068 130813111864 107891757 0 125900210 430640734
======================
   8      33 sdc1 192171536 1761966 10227602512 321405995 252895153 446408425 130814065856 108067203 0 125902344 430816211
======================
   8      33 sdc1 192172003 1761966 10227606248 321406042 252949004 446473709 130815018936 108242202 0 125904482 430991242
======================
   8      33 sdc1 192172467 1761966 10227609960 321406101 253002734 446539089 130815971816 108416846 0 125906627 431165927
======================
   8      33 sdc1 192181038 1761997 10227678776 321409989 253055052 446604497 130816913632 108587621 147 125908948 431340912
======================
   8      33 sdc1 192181551 1761997 10227682880 321410080 253111091 446669907 130817885224 108768780 0 125911140 431521814
======================
   8      33 sdc1 192182007 1761997 10227686528 321410134 253159831 446739059 130818828360 109008025 131 125913237 431761410
======================
   8      33 sdc1 192182503 1761997 10227690496 321410205 253211350 446804363 130819762960 109176708 144 125915331 431930145
======================
   8      33 sdc1 192183050 1761997 10227694872 321410312 253264033 446864901 130820641616 109345336 21 125917349 432098601
======================
   8      33 sdc1 192183496 1761997 10227698440 321410356 253317689 446926812 130821593264 109519547 0 125919479 432272802
======================
   8      33 sdc1 192183973 1761997 10227702256 321410400 253371304 446992103 130822544512 109694013 0 125921611 432447298
======================
   8      33 sdc1 192184469 1761997 10227706224 321410452 253425111 447057414 130823497456 109868644 0 125923750 432621964
======================
   8      33 sdc1 192184934 1761997 10227709944 321410592 253478279 447124458 130824459152 110045425 0 125925978 432799003
======================
   8      33 sdc1 192193592 1762020 10227779392 321414686 253526256 447189739 130825326832 110204327 29 125928211 432963376
======================
   8      33 sdc1 192194045 1762020 10227783016 321414744 253579897 447246914 130826251760 110377991 0 125930297 433135669
======================
   8      33 sdc1 192194486 1762020 10227786544 321414797 253633515 447312223 130827203176 110551909 0 125932428 433309621
======================
   8      33 sdc1 192194949 1762020 10227790248 321414847 253686109 447377548 130828146528 110723852 149 125934539 433481875
======================
   8      33 sdc1 192195417 1762020 10227793992 321414903 253734346 447442853 130829054864 110883117 0 125936566 433640905
======================
   8      33 sdc1 192195865 1762020 10227797576 321415034 253793687 447501930 130830002216 111076968 0 125938779 433834870
======================
   8      33 sdc1 192196328 1762020 10227801280 321415086 253840728 447567254 130830901136 111232403 0 125940788 433990344
======================
   8      33 sdc1 192196794 1762020 10227805008 321415141 253894442 447632568 130831853360 111406705 0 125942922 434164686
======================
   8      33 sdc1 192202248 1762062 10227848984 321417765 253944750 447697974 130832779072 111571513 154 125945120 434332373
======================
   8      33 sdc1 192205878 1762062 10227878024 321419400 253996019 447755244 130833647392 111736082 0 125947171 434498292
======================
   8      33 sdc1 192206299 1762062 10227881392 321419447 254049686 447820540 130834599104 111911590 0 125949367 434673833
======================
   8      33 sdc1 192206764 1762062 10227885112 321419523 254108714 447887539 130835542144 112102347 190 125951573 434870098
======================
   8      33 sdc1 192207252 1762062 10227889016 321419591 254149637 447952830 130836435336 112248200 17 125953540 435011945
======================
   8      33 sdc1 192207743 1762062 10227892944 321419660 254203390 448010009 130837344496 112421455 0 125955580 435183857
======================
   8      33 sdc1 192208196 1762062 10227896568 321419707 254257183 448075321 130838297336 112596414 0 125957710 435358848
======================
   8      33 sdc1 192208648 1762062 10227900184 321419757 254310641 448140602 130839247248 112770155 0 125959841 435532626
======================
   8      33 sdc1 192209104 1762062 10227903832 321419802 254364223 448205902 130840198304 112944170 0 125961968 435706671
======================
   8      33 sdc1 192217737 1762092 10227973136 321423740 254412133 448263084 130841039064 113099329 0 125964054 435865748
======================
   8      33 sdc1 192218154 1762092 10227976472 321423782 254461154 448332283 130841984824 113335741 132 125966337 436102465
======================
   8      33 sdc1 192218600 1762092 10227980040 321423830 254510767 448389466 130842839192 113498519 0 125968340 436265004
======================
   8      33 sdc1 192219037 1762092 10227983536 321423885 254564505 448454808 130843791832 113673307 0 125970473 436439834
======================
   8      33 sdc1 192219495 1762092 10227987200 321423937 254613659 448520154 130844707832 113834667 145 125972515 436601491
======================
   8      33 sdc1 192219909 1762092 10227990512 321423986 254665022 448577355 130845576352 114002694 0 125974612 436769283
======================
   8      33 sdc1 192220365 1762092 10227994160 321424037 254713472 448642796 130846487480 114163197 149 125976671 436930073
======================
   8      33 sdc1 192220830 1762092 10227997880 321424095 254764344 448703049 130847376480 114397928 1 125978668 437164594
======================
   8      33 sdc1 192221270 1762092 10228001400 321424139 254817948 448768399 130848328112 114572089 0 125980792 437338785
======================
   8      33 sdc1 192229868 1762155 10228070688 321427952 254865858 448833728 130849215688 114729451 14 125982961 437501141
======================
   8      33 sdc1 192230326 1762155 10228074352 321428001 254919374 448890965 130850120072 114902171 0 125984999 437672698
======================
   8      33 sdc1 192230743 1762155 10228077688 321428053 254967870 448956302 130851030736 115069780 138 125987171 437840582
======================
   8      33 sdc1 192231157 1762155 10228081000 321428095 255019519 449013528 130851901752 115249790 0 125989381 438020385
======================
   8      33 sdc1 192231615 1762155 10228084664 321428220 255065641 449080529 130852804416 115412159 2 125991498 438183105
======================
   8      33 sdc1 192232059 1762155 10228088216 321428270 255119160 449137742 130853692608 115583169 0 125993517 438353919
======================
   8      33 sdc1 192232511 1762155 10228091832 321428433 255172684 449203127 130854643904 115757345 0 125995647 438528240
======================
   8      33 sdc1 192232962 1762155 10228095440 321428483 255221775 449268478 130855559440 115918505 150 125997687 438689689
======================
   8      33 sdc1 192241272 1762231 10228162544 321432586 255273062 449325734 130856427784 116083426 0 125999843 438858442
======================
   8      33 sdc1 192241939 1762231 10228167880 321432778 255320660 449382909 130857265976 116242372 0 126001885 439017563
======================
   8      33 sdc1 192242356 1762231 10228171216 321432885 255369663 449450007 130858194792 116418255 152 126004187 439193781
======================
   8      33 sdc1 192242783 1762231 10228174632 321432940 255420350 449507153 130859057456 116584932 0 126006203 439360267
======================
   8      33 sdc1 192243236 1762231 10228178256 321432989 255471685 449572432 130859990360 116752678 121 126008296 439528277
======================
   8      33 sdc1 192243702 1762231 10228181984 321433038 255520552 449637733 130860843936 116910706 45 126010224 439686706
======================
   8      33 sdc1 192244097 1762231 10228185144 321433080 255574048 449694922 130861789200 117088657 0 126012398 439864188
======================
   8      33 sdc1 192244555 1762231 10228188808 321433140 255620711 449760311 130862647944 117242436 29 126014390 440019463
======================
   8      33 sdc1 192244990 1762231 10228192288 321433206 255673246 449819057 130863575880 117421928 0 126016470 440197563
