14.7
24.2
12.6
15.1
12.9
13.7
15.7
12.6
13.2
16.0
12.0
11.8
15.9
12.4
11.9
15.9
12.3
12.4
15.5
12.4
12.1
16.6
12.7
12.9
16.7
12.6
12.7
16.9
13.3
13.1
17.1
12.8
12.9
16.6
13.2
11.6
13.9
14.0
12.4
15.0
14.0
11.7
14.7
14.3
12.6
15.0
14.4
12.6
14.8
14.5
12.6
14.3
14.7
12.7
14.4
14.0
12.7
14.4
15.0
12.0
14.2
15.2
13.0
14.2
14.2
12.9
14.1
15.5
12.7
13.9
15.5
12.0
13.4
15.8
12.6
13.7
15.1
12.8
13.2
16.1
12.1
13.1
12.7
8.5
10.2
16.2
12.5
12.2
15.8
11.6
11.6
16.4
12.5
11.6
16.0
12.5
12.4
16.8
12.5
12.4
15.3
13.3
11.8
14.8
13.4
12.3
15.1
13.3
12.1
12.2
16.5
12.7
12.5
13.5
12.7
12.1
13.3
13.3
12.5
13.7
13.7
12.2
13.2
13.9
12.1
13.6
14.3
12.6
13.6
14.3
12.3
13.0
14.3
11.9
13.2
14.7
11.5
13.3
13.4
11.1
20.2
15.1
11.6
12.1
15.1
11.5
11.8
14.1
11.0
11.8
14.6
11.2
10.5
15.2
12.1
10.5
15.2
11.5
10.5
11.2
15.4
10.8
11.2
15.3
11.3
10.9
15.1
11.2
11.5
15.9
11.7
8.8
