14.299
39.597
40.596
40.796
40.396
40.696
40.296
41.296
40.896
43.396
46.196
82.093
84.092
85.393
83.493
82.892
85.693
86.492
83.892
83.793
86.092
85.492
86.792
86.792
85.692
85.992
87.092
86.492
86.992
87.092
85.992
87.792
85.692
85.792
86.892
86.592
87.193
87.993
88.692
87.592
88.792
89.492
89.992
90.692
90.092
90.392
88.392
90.492
88.992
88.192
90.892
94.792
91.892
89.592
91.492
89.892
91.592
92.292
93.492
90.592
93.392
92.392
97.791
92.592
93.892
93.692
92.492
90.793
97.391
92.492
91.392
95.344
93.892
93.192
96.392
91.893
93.993
94.992
97.091
92.792
94.892
93.392
95.592
96.492
94.692
97.392
96.492
94.692
96.292
96.692
99.391
97.291
96.392
100.091
99.391
101.091
101.191
99.291
96.091
101.391
100.291
99.191
96.891
101.891
101.391
100.691
104.391
100.491
100.791
101.591
99.991
102.691
102.391
99.791
101.391
103.191
102.291
106.190
103.891
102.591
101.991
103.791
100.091
104.691
99.091
103.891
101.791
103.291
104.591
104.991
104.491
105.191
100.092
101.391
102.091
102.991
97.991
104.091
101.091
102.791
103.191
103.191
105.191
101.391
102.592
102.991
99.392
104.691
100.891
105.291
101.691
102.791
99.591
100.291
104.091
100.592
100.392
102.391
105.791
101.392
103.391
103.091
105.091
101.691
101.591
102.991
105.991
105.191
98.491
103.390
103.591
104.290
102.290
103.090
103.890
99.391
105.690
105.490
98.591
101.991
103.090
104.290
98.891
102.290
101.390
102.591
102.391
103.890
103.290
97.991
103.991
102.791
102.391
100.391
101.291
99.191
100.891
99.291
105.191
110.690
103.891
105.891
104.491
101.491
98.191
100.691
102.591
106.490
81.192
