======================
   8      33 sdc1 42472621 10709 2835311584 63579377 37129312 61312201 33804183872 1012633706 0 22479262 1076184741
======================
   8      33 sdc1 42472638 10709 2835311720 63583021 37129521 61313991 33806480320 1012704359 15 22483601 1076262440
======================
   8      33 sdc1 42472649 10709 2835311808 63587733 37129678 61315963 33809131984 1012758280 13 22488604 1076319384
======================
   8      33 sdc1 42472659 10709 2835311888 63592154 37129843 61317905 33811770400 1012841585 9 22493604 1076409743
======================
   8      33 sdc1 42472671 10709 2835311984 63597034 37130000 61320071 33814421960 1012917440 23 22498606 1076492933
======================
   8      33 sdc1 42472682 10709 2835312072 63601623 37130155 61322026 33817032952 1012980330 23 22503604 1076559399
======================
   8      33 sdc1 42472692 10709 2835312152 63606051 37130315 61323796 33819707728 1013072018 5 22508606 1076652638
======================
   8      33 sdc1 42472703 10709 2835312240 63610485 37130466 61325942 33822364936 1013150880 18 22513608 1076739824
======================
   8      33 sdc1 42472714 10709 2835312328 63615137 37130625 61327912 33825010032 1013229752 18 22518607 1076824622
======================
   8      33 sdc1 42472725 10709 2835312416 63619933 37130779 61329870 33827661720 1013319393 14 22523608 1076911985
======================
   8      33 sdc1 42472736 10709 2835312504 63624564 37130939 61331972 33830313536 1013400761 21 22528610 1077002325
======================
   8      33 sdc1 42472747 10709 2835312592 63629142 37131108 61333935 33833014504 1013485433 85 22533696 1077091415
======================
   8      33 sdc1 42472757 10709 2835312672 63633533 37131472 61335535 33835673024 1013653674 7 22538697 1077261561
======================
   8      33 sdc1 42472768 10709 2835312760 63638603 37131718 61337598 33838335608 1013754744 31 22543696 1077367701
======================
   8      33 sdc1 42472779 10709 2835312848 63643183 37132005 61339433 33840961640 1013837816 32 22548695 1077460700
======================
   8      33 sdc1 42472790 10709 2835312936 63647812 37132295 61341268 33843618808 1013942528 26 22553696 1077571588
======================
   8      33 sdc1 42472801 10709 2835313024 63652803 37132578 61343282 33846270632 1014054017 60 22558697 1077681419
======================
   8      33 sdc1 42472811 10709 2835313104 63657456 37132892 61344921 33848937232 1014159824 21 22563699 1077791967
======================
   8      33 sdc1 42472822 10709 2835313192 63662081 37133216 61346697 33851580776 1014284537 17 22568702 1077923757
======================
   8      33 sdc1 42472832 10709 2835313272 63666680 37133539 61348496 33854222928 1014388787 17 22573704 1078034648
======================
   8      33 sdc1 42472843 10709 2835313360 63671351 37133868 61350300 33856893848 1014505117 10 22578704 1078151858
======================
   8      33 sdc1 42472855 10709 2835313456 63676378 37134196 61352275 33859557728 1014625757 33 22583707 1078277603
======================
   8      33 sdc1 42472865 10709 2835313536 63680935 37134497 61354104 33862213840 1014738245 26 22588709 1078396312
======================
   8      33 sdc1 42472876 10709 2835313624 63685810 37134780 61355941 33864876448 1014838565 20 22593712 1078498220
======================
   8      33 sdc1 42472889 10709 2835313728 63690571 37135228 61357945 33867539120 1015002453 104 22598714 1078716617
======================
   8      33 sdc1 42472897 10709 2835313792 63694334 37135563 61359413 33870210184 1015286100 12 22603716 1078957891
======================
   8      33 sdc1 42472908 10709 2835313880 63699194 37135882 61361222 33872885120 1015402461 8 22608718 1079076702
======================
   8      33 sdc1 42472920 10709 2835313976 63704110 37136195 61363194 33875548904 1015512752 38 22613720 1079191718
======================
   8      33 sdc1 42472930 10709 2835314056 63708804 37136535 61364980 33878199352 1015634002 31 22618723 1079315720
======================
   8      33 sdc1 42472941 10709 2835314144 63713479 37136890 61366752 33880871592 1015766365 27 22623725 1079455195
======================
   8      33 sdc1 42472952 10709 2835314232 63718147 37137243 61368533 33883534424 1015865437 29 22628727 1079561578
======================
   8      33 sdc1 42472962 10709 2835314312 63722709 37137608 61370290 33886206656 1015994450 16 22633729 1079694145
======================
   8      33 sdc1 42472973 10709 2835314400 63727447 37137956 61372057 33888857144 1016108829 12 22638730 1079812356
======================
   8      33 sdc1 42472985 10709 2835314496 63732576 37138308 61373992 33891523752 1016224912 38 22643732 1079931300
======================
   8      33 sdc1 42472995 10709 2835314576 63736941 37138697 61375754 33894190608 1016361152 27 22648734 1080077918
======================
   8      33 sdc1 42473006 10709 2835314664 63741466 37139012 61377569 33896851856 1016477231 22 22653738 1080200231
======================
   8      33 sdc1 42473017 10709 2835314752 63746519 37139344 61379350 33899512008 1016576078 33 22658741 1080299411
======================
   8      33 sdc1 42473028 10709 2835314840 63751462 37139785 61381028 33902186736 1016852231 12 22663743 1080584125
======================
   8      33 sdc1 42473038 10709 2835314920 63755848 37140126 61382812 33904854944 1016978434 10 22668746 1080710157
======================
   8      33 sdc1 42473049 10709 2835315008 63760301 37140484 61384585 33907504096 1017098677 4 22673747 1080833138
======================
   8      33 sdc1 42473061 10709 2835315104 63765675 37140865 61386496 33910163944 1017228609 39 22678748 1080967077
======================
   8      33 sdc1 42473071 10709 2835315184 63770288 37141248 61388248 33912844248 1017350394 27 22683750 1081096557
======================
   8      33 sdc1 42473082 10709 2835315272 63774871 37141614 61390005 33915505624 1017459162 28 22688753 1081211523
======================
   8      33 sdc1 42473092 10709 2835315352 63779289 37142007 61391901 33918177768 1017631030 57 22693755 1081419928
======================
   8      33 sdc1 42473102 10709 2835315432 63783984 37142378 61393651 33920850224 1017936329 43 22698757 1081704587
======================
   8      33 sdc1 42473114 10709 2835315528 63788753 37142725 61395616 33923500432 1018097541 75 22703757 1081882339
======================
   8      33 sdc1 42473124 10709 2835315608 63792350 37143239 61397042 33926175496 1018480227 36 22708759 1082251287
======================
   8      33 sdc1 42473134 10709 2835315688 63796770 37143605 61398817 33928846368 1018639426 26 22713762 1082415894
======================
   8      33 sdc1 42473145 10709 2835315776 63801616 37143947 61400593 33931498176 1018742658 18 22718763 1082519822
======================
   8      33 sdc1 42473155 10709 2835315856 63806130 37144286 61402386 33934163728 1018862102 13 22723765 1082643977
======================
   8      33 sdc1 42473166 10709 2835315944 63811050 37144652 61404325 33936837176 1018975150 45 22728768 1082763932
======================
   8      33 sdc1 42473291 10709 2835316938 63813504 37144896 61405179 33938416072 1019061876 0 22731744 1082846948
started
======================
   8      33 sdc1 42480130 10770 2837066450 63945241 37144897 61405179 33938416080 1019061876 44 22734932 1082979097
======================
   8      33 sdc1 42491405 10880 2839981010 64161143 37144899 61405183 33938416128 1019061946 35 22740181 1083195077
======================
   8      33 sdc1 42502193 10954 2842761682 64370724 37144899 61405183 33938416128 1019061946 44 22745182 1083404643
======================
   8      33 sdc1 42512907 11103 2845542610 64576736 37144899 61405183 33938416128 1019061946 43 22750183 1083610624
======================
   8      33 sdc1 42523711 11160 2848323026 64785814 37144899 61405183 33938416128 1019061946 43 22755185 1083819702
======================
   8      33 sdc1 42534590 11206 2851119826 64997244 37144901 61405185 33938416160 1019062000 44 22760216 1084031196
======================
   8      33 sdc1 42545458 11240 2853910738 65207608 37144901 61405185 33938416160 1019062000 37 22765236 1084241548
======================
   8      33 sdc1 42556347 11306 2856715218 65417030 37144901 61405185 33938416160 1019062000 44 22770280 1084451002
======================
   8      33 sdc1 42567159 11355 2859495634 65627055 37144901 61405185 33938416160 1019062000 41 22775281 1084660945
======================
   8      33 sdc1 42577938 11439 2862276562 65832947 37144901 61405185 33938416160 1019062000 43 22780282 1084866853
======================
   8      33 sdc1 42588665 11574 2865057234 66038259 37144901 61405185 33938416160 1019062000 40 22785284 1085072167
======================
   8      33 sdc1 42599375 11731 2867837906 66242570 37144901 61405185 33938416160 1019062000 38 22790285 1085276402
======================
   8      33 sdc1 42610172 11792 2870618834 66452442 37144901 61405185 33938416160 1019062000 44 22795287 1085486344
======================
   8      33 sdc1 42620983 11845 2873399762 66663496 37144901 61405185 33938416160 1019062000 39 22800289 1085697366
======================
   8      33 sdc1 42631795 11894 2876180434 66875969 37144901 61405185 33938416160 1019062000 44 22805291 1085909899
======================
   8      33 sdc1 42642630 11920 2878960850 67089063 37144901 61405185 33938416160 1019062000 42 22810292 1086122977
======================
   8      33 sdc1 42653437 11975 2881741522 67298341 37144901 61405185 33938416160 1019062000 41 22815293 1086332201
======================
   8      33 sdc1 42664181 12093 2884522194 67504217 37144901 61405185 33938416160 1019062000 42 22820294 1086538033
======================
   8      33 sdc1 42674942 12199 2887303122 67710361 37144901 61405185 33938416160 1019062000 40 22825296 1086744155
======================
   8      33 sdc1 42685707 12294 2890084306 67916516 37144901 61405185 33938416160 1019062000 43 22830298 1086950378
======================
   8      33 sdc1 42696504 12358 2892864722 68120889 37144901 61405185 33938416160 1019062000 43 22835299 1087154719
======================
   8      33 sdc1 42707310 12415 2895645394 68330561 37144901 61405185 33938416160 1019062000 41 22840300 1087364381
======================
   8      33 sdc1 42718097 12489 2898426066 68538667 37144901 61405185 33938416160 1019062000 44 22845302 1087572516
======================
   8      33 sdc1 42728878 12570 2901206738 68744934 37144901 61405185 33938416160 1019062000 40 22850303 1087778755
======================
   8      33 sdc1 42739646 12665 2903987666 68950355 37144901 61405185 33938416160 1019062000 39 22855305 1087984202
======================
   8      33 sdc1 42750439 12735 2906768594 69158744 37144901 61405185 33938416160 1019062000 44 22860306 1088192521
======================
   8      33 sdc1 42761202 12834 2909549266 69364277 37144901 61405185 33938416160 1019062000 43 22865308 1088398079
======================
   8      33 sdc1 42771964 12934 2912329938 69571676 37144901 61405185 33938416160 1019062000 44 22870309 1088605473
======================
   8      33 sdc1 42782748 13013 2915110866 69777357 37144901 61405185 33938416160 1019062000 43 22875311 1088811108
======================
   8      33 sdc1 42793514 13110 2917891538 69982697 37144901 61405185 33938416160 1019062000 43 22880312 1089016450
======================
   8      33 sdc1 42804282 13204 2920672466 70187981 37144901 61405185 33938416160 1019062000 44 22885314 1089221776
======================
   8      33 sdc1 42815093 13256 2923453394 70398537 37144901 61405185 33938416160 1019062000 44 22890316 1089432339
======================
   8      33 sdc1 42825877 13334 2926234066 70606182 37144901 61405185 33938416160 1019062000 40 22895317 1089639943
======================
   8      33 sdc1 42836652 13421 2929014738 70811045 37144901 61405185 33938416160 1019062000 44 22900318 1089844779
======================
   8      33 sdc1 42847402 13533 2931795410 71017297 37144901 61405185 33938416160 1019062000 44 22905320 1090051080
======================
   8      33 sdc1 42858231 13564 2934575570 71228534 37144901 61405185 33938416160 1019062000 44 22910321 1090262314
======================
   8      33 sdc1 42869061 13660 2937372626 71438582 37144901 61405185 33938416160 1019062000 44 22915351 1090472282
======================
   8      33 sdc1 42879822 13762 2940153298 71644021 37144901 61405185 33938416160 1019062000 33 22920353 1090677776
======================
   8      33 sdc1 42890609 13837 2942934226 71850575 37144901 61405185 33938416160 1019062000 40 22925354 1090884294
======================
   8      33 sdc1 42901362 13946 2945714898 72056301 37144901 61405185 33938416160 1019062000 44 22930356 1091090034
======================
   8      33 sdc1 42912127 14043 2948495570 72262867 37144901 61405185 33938416160 1019062000 44 22935357 1091296565
======================
   8      33 sdc1 42922908 14124 2951276242 72469326 37144901 61405185 33938416160 1019062000 44 22940358 1091503039
======================
   8      33 sdc1 42933743 14153 2954057170 72678582 37144901 61405185 33938416160 1019062000 40 22945360 1091712277
======================
   8      33 sdc1 42944508 14250 2956838098 72884443 37144901 61405185 33938416160 1019062000 43 22950362 1091918126
======================
   8      33 sdc1 42955255 14365 2959618770 73089052 37144901 61405185 33938416160 1019062000 43 22955363 1092122712
