6.500
44.496
44.896
46.396
45.196
45.896
46.896
47.396
47.596
47.696
70.894
93.592
95.592
93.192
91.493
94.792
93.592
93.093
94.492
93.792
95.991
94.291
93.691
93.192
97.192
94.692
94.591
95.792
93.492
92.792
94.791
92.893
93.392
94.892
93.492
94.992
95.692
93.892
96.492
93.592
95.992
95.892
93.792
96.892
95.692
92.792
95.592
95.192
93.092
97.292
94.892
94.892
94.692
95.092
95.292
93.992
94.392
95.292
96.891
95.392
94.092
94.692
96.192
95.492
96.492
94.892
94.092
94.292
94.392
95.292
95.492
94.092
96.092
95.392
95.992
94.692
93.492
96.492
93.092
95.092
95.192
95.792
96.292
95.392
97.092
95.292
95.492
94.992
95.992
94.692
97.192
95.692
95.792
94.692
94.192
95.492
95.392
94.892
94.492
94.892
94.292
97.192
95.392
94.692
93.993
96.492
93.892
96.792
96.092
95.392
94.692
95.792
96.292
96.192
95.892
95.692
96.392
93.492
96.692
95.292
95.892
95.992
94.292
92.893
95.693
95.192
94.492
96.092
95.392
95.892
97.392
94.592
96.192
95.992
94.792
95.992
96.092
97.491
95.992
95.192
94.592
95.592
93.992
93.592
93.092
93.992
95.792
98.691
95.692
95.892
93.892
94.992
98.091
96.392
96.292
93.492
93.592
96.792
93.292
96.292
94.992
96.792
95.891
97.292
97.492
94.592
94.292
96.192
96.392
94.592
94.792
97.692
97.392
96.292
96.492
96.692
95.392
96.092
93.393
93.892
98.392
93.992
95.892
93.892
99.392
95.692
94.392
95.093
94.892
95.592
96.192
93.592
96.292
95.592
93.592
95.392
95.792
94.192
95.892
96.492
96.792
94.792
95.091
96.392
95.992
96.091
96.391
92.192
95.392
96.292
96.692
96.592
94.892
97.092
92.892
95.992
96.192
95.692
95.892
94.092
96.792
94.892
95.492
96.592
94.392
96.592
96.792
97.892
96.092
93.292
98.192
95.892
94.392
98.392
96.192
94.892
93.792
96.892
94.991
96.992
94.592
96.891
95.092
96.291
95.692
93.892
94.792
97.292
97.392
96.092
95.292
96.192
94.992
95.792
94.592
95.192
96.292
97.292
97.092
97.192
94.692
94.592
96.592
95.592
94.292
97.492
94.492
95.392
98.092
97.392
98.292
96.092
96.792
95.892
96.092
97.092
95.592
95.992
97.092
97.292
77.160
