26.4
25.9
26.5
26.3
25.9
25.9
26.6
26.1
26.4
26.1
26.5
26.9
27.0
27.7
27.0
27.6
27.4
27.3
27.2
27.8
27.4
26.9
27.6
27.7
27.8
27.7
27.8
27.8
28.0
28.1
27.9
28.2
28.3
28.0
28.4
28.0
28.1
28.2
28.3
27.8
28.0
28.0
28.1
28.3
28.3
28.4
28.1
28.2
28.4
28.5
28.5
28.1
28.9
28.2
28.6
28.6
28.3
28.6
28.5
28.6
29.0
28.5
28.5
28.3
28.4
28.4
28.5
28.8
28.4
28.4
29.0
28.6
28.2
28.6
28.2
28.0
28.4
28.5
29.1
28.6
29.3
29.2
29.1
28.4
28.6
29.0
29.3
28.7
28.9
28.8
29.5
29.1
28.6
29.0
30.6
28.4
27.9
29.0
29.0
29.4
29.0
28.6
29.1
28.8
28.4
29.0
29.5
28.8
28.9
28.3
28.3
29.5
28.6
28.8
28.9
28.7
28.6
28.9
29.3
29.0
29.6
28.8
29.4
28.7
28.7
28.8
29.2
28.8
28.9
28.9
29.0
30.2
29.2
28.8
29.0
28.8
29.1
29.0
29.3
29.0
29.6
29.1
29.2
30.3
28.7
29.2
29.4
29.3
28.7
29.1
29.1
28.7
28.9
29.6
29.7
28.7
28.6
29.2
28.8
28.2
28.6
29.5
29.4
28.8
28.5
29.3
29.2
29.3
28.4
29.1
29.0
28.8
29.2
29.1
29.1
28.7
29.8
28.5
28.7
29.5
28.9
29.0
28.8
28.9
29.0
28.6
28.9
28.5
28.8
29.0
29.1
29.1
29.0
29.2
29.1
28.7
28.8
28.8
28.7
28.8
28.5
28.5
28.6
28.8
28.8
29.2
28.2
28.6
29.4
28.9
28.7
28.8
28.8
29.3
28.8
12.7
