======================
   8      33 sdc1 48244412 686 2424640900 31425772 48569508 83461549 28336192928 1556025540 0 25972720 1587951188
======================
   8      33 sdc1 48244446 686 2424641172 31426296 48570084 83554318 28336939696 1556075440 1 25974160 1588001616
======================
   8      33 sdc1 48244470 686 2424641364 31427220 48571496 83760364 28338417304 1556230840 138 25977008 1588171232
======================
   8      33 sdc1 48244495 686 2424641564 31427668 48572614 83873867 28339516320 1556416564 0 25979100 1588344104
======================
   8      33 sdc1 48244511 686 2424641692 31427936 48573915 83983677 28340405272 1556509568 0 25980812 1588437384
======================
   8      33 sdc1 48244525 686 2424641804 31428716 48575465 84208760 28342218344 1556740204 0 25984248 1588668796
======================
   8      33 sdc1 48244542 686 2424641940 31429084 48576069 84307479 28343012928 1556832460 0 25985796 1588761420
======================
   8      33 sdc1 48244559 686 2424642076 31429308 48577504 84434452 28344040208 1556999672 0 25987864 1588928860
======================
   8      33 sdc1 48244570 686 2424642164 31430116 48580145 84744999 28346391976 1557394908 117 25992344 1589348244
started
======================
   8      33 sdc1 48258723 686 2424755382 31439788 48580520 84785316 28346871272 1557478724 6 25993900 1589418396
======================
   8      33 sdc1 48324974 689 2425285414 31461532 48580620 84801650 28347002744 1557484656 1 25998080 1589446072
======================
   8      33 sdc1 48353072 689 2425510198 31464560 48598392 84834409 28347359024 1557544372 36 26001904 1589509948
======================
   8      33 sdc1 48380114 689 2425726534 31467484 48620963 84859055 28347784728 1557619484 152 26005776 1589586912
======================
   8      33 sdc1 48408165 689 2425950942 31470588 48639335 84883668 28348128608 1557680184 1 26009656 1589650632
======================
   8      33 sdc1 48436493 689 2426177566 31473592 48656955 84908262 28348466320 1557738952 1 26013420 1589712404
======================
   8      33 sdc1 48463802 689 2426396038 31476772 48679012 84937072 28348873256 1557818884 1 26017240 1589795512
======================
   8      33 sdc1 48492746 689 2426627590 31479808 48690771 84961647 28349163928 1557860784 0 26020912 1589840436
======================
   8      33 sdc1 48520925 689 2426853022 31482916 48708382 84986267 28349501776 1557919164 1 26024776 1589901920
======================
   8      33 sdc1 48549285 689 2427079902 31485948 48725899 85010875 28349838776 1557977532 1 26028552 1589963308
======================
   8      33 sdc1 48577579 689 2427306254 31489088 48743401 85035469 28350175544 1558035748 1 26032440 1590024656
======================
   8      33 sdc1 48605780 689 2427531862 31492072 48760927 85060061 28350512488 1558094156 1 26036172 1590086040
======================
   8      33 sdc1 48632753 689 2427747646 31495156 48784358 85087143 28350916592 1558174960 1 26040020 1590169920
======================
   8      33 sdc1 48660180 689 2427967062 31498500 48804942 85123198 28351311056 1558248948 45 26043904 1590247672
======================
   8      33 sdc1 48690125 689 2428206622 31501500 48816691 85147757 28351660168 1558293436 1 26047640 1590294708
======================
   8      33 sdc1 48720179 689 2428447054 31504532 48834243 85172353 28351997368 1558352416 1 26051420 1590356704
======================
   8      33 sdc1 48750182 689 2428687078 31507532 48851782 85205206 28352348536 1558410776 39 26055208 1590419060
======================
   8      33 sdc1 48778398 689 2428912806 31510344 48875063 85229826 28352783728 1558488252 0 26058988 1590498344
======================
   8      33 sdc1 48815398 689 2429208814 31516936 48893645 85254476 28353129584 1558550096 1 26062772 1590566768
======================
   8      33 sdc1 48845254 689 2429447654 31519896 48910713 85281209 28353479992 1558611616 1 26066356 1590631236
======================
   8      33 sdc1 48875069 689 2429686174 31522996 48927222 85310268 28353844536 1558677060 1 26069992 1590699772
======================
   8      33 sdc1 48903004 689 2429909654 31525628 48950639 85343087 28354294432 1558755140 1 26073640 1590780480
======================
   8      33 sdc1 48932964 689 2430149334 31528576 48968163 85367706 28354631576 1558813500 0 26077352 1590841772
======================
   8      33 sdc1 48962946 689 2430389190 31531548 48985784 85392356 28354969744 1558872360 0 26081072 1590903600
======================
   8      33 sdc1 48991962 689 2430621318 31534508 49007652 85420422 28355369216 1558950188 1 26084692 1590984376
======================
   8      33 sdc1 49021132 689 2430854678 31537364 49025369 85453219 28355773336 1559012020 1 26088432 1591049048
======================
   8      33 sdc1 49050960 689 2431093302 31540264 49042999 85477846 28356111400 1559070644 0 26092088 1591110556
======================
   8      33 sdc1 49080995 689 2431333582 31543200 49060629 85502436 28356449160 1559129360 1 26095784 1591172208
======================
   8      33 sdc1 49109113 689 2431558526 31545920 49083649 85535280 28356896072 1559206628 127 26099500 1591252296
======================
   8      33 sdc1 49138783 689 2431795886 31548764 49101907 85559916 28357239224 1559266892 1 26103112 1591315252
======================
   8      33 sdc1 49167063 689 2432022126 31551800 49123551 85587779 28357635280 1559343996 0 26106792 1591395380
======================
   8      33 sdc1 49196669 689 2432258974 31554732 49135317 85612361 28357926064 1559385892 1 26110352 1591440200
======================
   8      33 sdc1 49225407 689 2432488878 31557608 49153023 85636970 28358264584 1559444304 1 26113972 1591501480
======================
   8      33 sdc1 49253194 689 2432711174 31560312 49170764 85669733 28358668624 1559506016 0 26117576 1591565896
======================
   8      33 sdc1 49280983 689 2432933486 31562976 49194172 85694377 28359053040 1559581600 1 26121120 1591644136
======================
   8      33 sdc1 49310080 689 2433166262 31565828 49211821 85718986 28359391104 1559640388 0 26124732 1591705764
