======================
   8      33 sdc1 192250434 1762231 10228256530 322260544 256245107 459073183 136337954272 292150338 0 128058881 615753117
======================
   8      33 sdc1 192250450 1762231 10228256658 322264066 256245238 459075053 136340191904 292205672 20 128063151 615816042
======================
   8      33 sdc1 192250460 1762231 10228256738 322268090 256245434 459077296 136343045848 292283040 19 128068594 615900208
======================
   8      33 sdc1 192250474 1762231 10228256850 322273515 256245686 459083668 136346687736 292390582 6 128075491 616008527
======================
   8      33 sdc1 192250485 1762231 10228256938 322277565 256245837 459085809 136349301072 292454123 19 128080492 616076996
======================
   8      33 sdc1 192250494 1762231 10228257010 322281821 256245980 459087385 136351744592 292520543 0 128085128 616144596
======================
   8      33 sdc1 192250505 1762231 10228257098 322286211 256246132 459089336 136354339528 292588271 4 128090039 616216724
======================
   8      33 sdc1 192250515 1762231 10228257178 322290234 256246272 459091256 136356851664 292658455 7 128094825 616295063
======================
   8      33 sdc1 192250526 1762231 10228257266 322294101 256246417 459093194 136359456848 292724856 7 128099728 616365153
======================
   8      33 sdc1 192250537 1762231 10228257354 322297995 256246565 459095134 136362034640 292793815 10 128104617 616439778
======================
   8      33 sdc1 192250546 1762231 10228257426 322302001 256246729 459097107 136364689464 292879222 8 128109631 616526164
======================
   8      33 sdc1 192250557 1762231 10228257514 322306044 256247108 459110036 136367159624 292972645 3 128114338 616620980
======================
   8      33 sdc1 192250568 1762231 10228257602 322310245 256247406 459111987 136369779912 293077310 27 128119341 616735259
======================
   8      33 sdc1 192250577 1762231 10228257674 322314178 256247702 459113599 136372314200 293168994 9 128124193 616828719
======================
   8      33 sdc1 192250588 1762231 10228257762 322318230 256247962 459115431 136374874264 293263084 13 128129062 616927422
======================
   8      33 sdc1 192250599 1762231 10228257850 322322973 256248243 459117242 136377486168 293340616 17 128134063 617010730
======================
   8      33 sdc1 192250608 1762231 10228257922 322326930 256248508 459118876 136379938520 293427746 6 128138677 617099682
======================
   8      33 sdc1 192250619 1762231 10228258010 322331412 256248755 459120694 136382307360 293508542 38 128143170 617187096
======================
   8      33 sdc1 192250629 1762231 10228258090 322335690 256249026 459122345 136384954968 293596459 3 128148174 617275400
======================
   8      33 sdc1 192250640 1762231 10228258178 322339925 256249309 459124392 136387529224 293674407 39 128153061 617359747
======================
   8      33 sdc1 192250650 1762231 10228258258 322344035 256249604 459125943 136390090192 293765577 3 128157909 617451825
======================
   8      33 sdc1 192250662 1762231 10228258354 322348273 256249977 459127697 136392739600 293900368 141 128162909 617619093
======================
   8      33 sdc1 192250671 1762231 10228258426 322351320 256250617 459129198 136395387232 294235700 8 128167915 617934164
======================
   8      33 sdc1 192250682 1762231 10228258514 322355945 256250931 459130942 136397820248 294338937 32 128172518 618044146
======================
   8      33 sdc1 192250691 1762231 10228258586 322360004 256251253 459132525 136400297048 294439777 15 128177209 618148346
======================
   8      33 sdc1 192250702 1762231 10228258674 322364233 256251596 459134346 136402956176 294562659 10 128182211 618272720
======================
   8      33 sdc1 192250713 1762231 10228258762 322368926 256251910 459136083 136405590736 294644586 0 128187181 618355706
======================
   8      33 sdc1 192250723 1762231 10228258842 322372992 256252241 459137891 136408189656 294750168 13 128192073 618470867
======================
   8      33 sdc1 192250734 1762231 10228258930 322377144 256252544 459139673 136410710232 294865156 24 128196829 618592145
======================
   8      33 sdc1 192250745 1762231 10228259018 322381636 256252849 459141458 136413267608 294968294 30 128201693 618693093
======================
   8      33 sdc1 192250754 1762231 10228259090 322385197 256253150 459143054 136415696600 295049017 21 128206305 618787609
======================
   8      33 sdc1 192250765 1762231 10228259178 322389764 256253492 459144876 136418329760 295161632 26 128211278 618899580
======================
   8      33 sdc1 192250776 1762231 10228259266 322394598 256253815 459146616 136420930920 295247269 18 128216277 618986377
======================
   8      33 sdc1 192250787 1762231 10228259354 322397946 256254449 459148096 136423513960 295541849 42 128221140 619318514
======================
   8      33 sdc1 192250797 1762231 10228259434 322401985 256254851 459149816 136426159208 295708465 27 128226151 619455356
======================
   8      33 sdc1 192250808 1762231 10228259522 322406269 256255198 459151550 136428730288 295818240 30 128231016 619567721
======================
   8      33 sdc1 192250818 1762231 10228259602 322410475 256255543 459153131 136431317616 295926363 3 128235884 619679259
======================
   8      33 sdc1 192250828 1762231 10228259682 322414637 256255866 459154867 136433744048 296029240 29 128240497 619787459
======================
   8      33 sdc1 192250839 1762231 10228259770 322419074 256256222 459156601 136436414640 296148424 19 128245499 619916753
======================
   8      33 sdc1 192250849 1762231 10228259850 322423296 256256564 459158351 136439003448 296239132 24 128250429 620008458
======================
   8      33 sdc1 192250860 1762231 10228259938 322427669 256256898 459160067 136441541752 296330281 28 128255276 620100337
======================
   8      33 sdc1 192250871 1762231 10228260026 322431766 256257250 459161908 136444088688 296434540 44 128260103 620213773
======================
   8      33 sdc1 192250880 1762231 10228260098 322435908 256257578 459163478 136446542384 296540271 34 128264742 620323448
======================
   8      33 sdc1 192250891 1762231 10228260186 322440565 256257928 459165073 136449175600 296656070 0 128269720 620438782
======================
   8      33 sdc1 192250900 1762231 10228260258 322444399 256258250 459166765 136451623024 296773328 59 128274332 620583394
======================
   8      33 sdc1 192250912 1762231 10228260354 322448549 256258931 459168394 136454273336 297070219 54 128279335 620870994
======================
   8      33 sdc1 192250922 1762231 10228260434 322452338 256259292 459169945 136456793656 297200981 30 128284112 621002402
======================
   8      33 sdc1 192250931 1762231 10228260506 322456315 256259644 459171500 136459289784 297303440 11 128288822 621105709
======================
   8      33 sdc1 192250942 1762231 10228260594 322460769 256259984 459173296 136461708256 297387118 42 128293398 621194096
======================
   8      33 sdc1 192250950 1762231 10228260658 322464047 256260287 459174514 136463793792 297495445 0 128297353 621301617
started
======================
   8      33 sdc1 192253887 1762231 10228973012 322467212 256260297 459174515 136463793880 297495466 2 128298852 621304803
======================
   8      33 sdc1 192265575 1762233 10231964884 322476859 256260299 459174517 136463793912 297495474 2 128304280 621314435
======================
   8      33 sdc1 192276366 1762233 10234726612 322485685 256260299 459174517 136463793912 297495474 2 128309282 621323245
======================
   8      33 sdc1 192287159 1762233 10237489364 322494534 256260299 459174517 136463793912 297495474 1 128314285 621332071
======================
   8      33 sdc1 192297951 1762233 10240251860 322503381 256260299 459174517 136463793912 297495474 1 128319287 621340900
======================
   8      33 sdc1 192308746 1762233 10243015380 322512220 256260299 459174517 136463793912 297495474 1 128324290 621349724
======================
   8      33 sdc1 192320356 1762233 10245987284 322521764 256260301 459174517 136463793928 297495474 0 128329674 621359256
======================
   8      33 sdc1 192331407 1762233 10248816084 322530831 256260301 459174517 136463793928 297495474 2 128334798 621368313
======================
   8      33 sdc1 192342201 1762233 10251579348 322539699 256260301 459174517 136463793928 297495474 2 128339800 621377167
======================
   8      33 sdc1 192352993 1762233 10254341844 322548551 256260301 459174517 136463793928 297495474 1 128344801 621386001
======================
   8      33 sdc1 192363785 1762233 10257104340 322557397 256260301 459174517 136463793928 297495474 1 128349803 621394832
======================
   8      33 sdc1 192374575 1762233 10259866068 322566248 256260301 459174517 136463793928 297495474 2 128354806 621403669
======================
   8      33 sdc1 192385980 1762233 10262785748 322575634 256260301 459174517 136463793928 297495474 1 128360094 621413038
======================
   8      33 sdc1 192397061 1762233 10265622228 322584727 256260301 459174517 136463793928 297495474 2 128365233 621422121
======================
   8      33 sdc1 192407856 1762233 10268385492 322593595 256260301 459174517 136463793928 297495474 0 128370235 621430974
======================
   8      33 sdc1 192418651 1762233 10271149012 322602454 256260301 459174517 136463793928 297495474 1 128375238 621439812
======================
   8      33 sdc1 192429444 1762233 10273911764 322611309 256260301 459174517 136463793928 297495474 1 128380240 621448652
======================
   8      33 sdc1 192440238 1762233 10276674772 322620150 256260301 459174517 136463793928 297495474 1 128385242 621457470
======================
   8      33 sdc1 192451719 1762233 10279613652 322629559 256260301 459174517 136463793928 297495474 1 128390563 621466860
======================
   8      33 sdc1 192463758 1762233 10282695636 322639458 256260301 459174517 136463793928 297495474 2 128396150 621476738
======================
   8      33 sdc1 192474552 1762233 10285458644 322648346 256260301 459174517 136463793928 297495474 2 128401153 621485615
======================
   8      33 sdc1 192485343 1762233 10288220628 322657210 256260301 459174517 136463793928 297495474 2 128406154 621494467
======================
   8      33 sdc1 192496136 1762233 10290983380 322666094 256260301 459174517 136463793928 297495474 2 128411156 621503332
======================
   8      33 sdc1 192506931 1762233 10293746900 322674971 256260301 459174517 136463793928 297495474 1 128416158 621512203
======================
   8      33 sdc1 192517809 1762233 10296531412 322683900 256260301 459174517 136463793928 297495474 0 128421200 621521117
======================
   8      33 sdc1 192528599 1762233 10299293396 322692791 256260301 459174517 136463793928 297495474 2 128426203 621529990
======================
   8      33 sdc1 192539385 1762233 10302054612 322701640 256260301 459174517 136463793928 297495474 0 128431204 621538829
======================
   8      33 sdc1 192550178 1762233 10304817364 322710527 256260301 459174517 136463793928 297495474 2 128436206 621547697
======================
   8      33 sdc1 192560973 1762233 10307580628 322719403 256260301 459174517 136463793928 297495474 1 128441209 621556553
======================
   8      33 sdc1 192571767 1762233 10310343892 322728280 256260301 459174517 136463793928 297495474 2 128446211 621565417
======================
   8      33 sdc1 192582560 1762233 10313106388 322737152 256260301 459174517 136463793928 297495474 2 128451214 621574275
======================
   8      33 sdc1 192593355 1762233 10315869652 322746011 256260301 459174517 136463793928 297495474 2 128456217 621583117
======================
   8      33 sdc1 192604130 1762233 10318627292 322754872 256260301 459174517 136463793928 297495474 1 128461216 621591971
======================
   8      33 sdc1 192614920 1762233 10321389532 322763738 256260301 459174517 136463793928 297495474 2 128466218 621600810
======================
   8      33 sdc1 192625713 1762233 10324152284 322772601 256260301 459174517 136463793928 297495474 2 128471220 621609661
======================
   8      33 sdc1 192636505 1762233 10326914780 322781452 256260301 459174517 136463793928 297495474 2 128476222 621618492
======================
   8      33 sdc1 192647299 1762233 10329678044 322790310 256260301 459174517 136463793928 297495474 1 128481224 621627338
======================
   8      33 sdc1 192658091 1762233 10332440540 322799152 256260301 459174517 136463793928 297495474 1 128486226 621636169
======================
   8      33 sdc1 192668882 1762233 10335202780 322808015 256260301 459174517 136463793928 297495474 2 128491227 621645022
======================
   8      33 sdc1 192679664 1762233 10337962972 322816873 256260301 459174517 136463793928 297495474 1 128496229 621653872
======================
   8      33 sdc1 192690456 1762233 10340725468 322825735 256260301 459174517 136463793928 297495474 2 128501231 621662711
======================
   8      33 sdc1 192701251 1762233 10343488732 322834583 256260301 459174517 136463793928 297495474 1 128506234 621671533
======================
   8      33 sdc1 192712047 1762233 10346252252 322843443 256260301 459174517 136463793928 297495474 1 128511238 621680381
======================
   8      33 sdc1 192722842 1762233 10349015772 322852308 256260301 459174517 136463793928 297495474 2 128516240 621689223
======================
   8      33 sdc1 192733636 1762233 10351778780 322861164 256260301 459174517 136463793928 297495474 2 128521243 621698066
======================
   8      33 sdc1 192742670 1762233 10354091036 322868612 256260301 459174517 136463793928 297495474 0 128525432 621705505
