======================
   8      33 sdc1 191688272 1756877 10223692202 321146493 247753057 426269788 130123419912 77095838 0 125464328 399586500
======================
   8      33 sdc1 191688306 1756877 10223692474 321146503 247754489 426348388 130124060168 77152474 0 125465555 399643146
======================
   8      33 sdc1 191688333 1756877 10223692690 321147051 247755947 426497821 130125007344 77244286 214 125467361 399762585
======================
   8      33 sdc1 191688358 1756877 10223692890 321147775 247759438 426659998 130126576176 77448905 38 125470534 399941235
======================
   8      33 sdc1 191688370 1756877 10223692986 321148076 247763007 426817708 130127882872 77644845 0 125473064 400137086
======================
   8      33 sdc1 191688389 1756877 10223693138 321148085 247765563 426930924 130128809048 77780781 0 125474878 400273029
======================
   8      33 sdc1 191688410 1756877 10223693306 321148898 247772816 427150303 130130622104 78031504 0 125478380 400524565
======================
   8      33 sdc1 191688431 1756877 10223693474 321149431 247777755 427329876 130132080512 78199235 18 125481226 400694152
======================
   8      33 sdc1 191688440 1756877 10223693546 321149697 247781943 427510575 130133577296 78425179 0 125484145 400919029
======================
   8      33 sdc1 191688453 1756877 10223693650 321149792 247785973 427608131 130134359672 78513136 23 125485753 401008530
======================
   8      33 sdc1 191688468 1756877 10223693770 321150225 247791910 427798655 130135902280 78689570 46 125488845 401185212
======================
   8      33 sdc1 191688480 1756877 10223693866 321150501 247797141 427922802 130136996712 78828542 0 125491084 401323190
======================
   8      33 sdc1 191688493 1756877 10223693970 321151057 247801329 428091044 130138376152 78972561 0 125493832 401467762
======================
   8      33 sdc1 191688508 1756877 10223694090 321151715 247808610 428298495 130140094016 79154330 0 125497197 401650187
======================
   8      33 sdc1 191688524 1756877 10223694218 321152047 247812157 428447304 130141271152 79275130 33 125499629 401775124
======================
   8      33 sdc1 191688539 1756877 10223694338 321152570 247817996 428643117 130142918784 79486282 123 125502931 401983248
======================
   8      33 sdc1 191688553 1756877 10223694450 321152712 247822699 428770694 130143980232 79599399 32 125505069 402096335
======================
   8      33 sdc1 191688566 1756877 10223694554 321153139 247828321 428941448 130145395328 79746942 0 125507932 402244208
======================
   8      33 sdc1 191688579 1756877 10223694658 321153559 247838701 429122938 130146930296 79916341 0 125511009 402414020
======================
   8      33 sdc1 191688592 1756877 10223694762 321153918 247851937 429291254 130148355592 80083627 21 125513907 402583571
======================
   8      33 sdc1 191688604 1756877 10223694858 321154414 247870653 429492947 130150030336 80290621 88 125517346 402798215
======================
   8      33 sdc1 191688618 1756877 10223694970 321154765 247890954 429636182 130151453184 80496038 1 125520349 402995047
======================
   8      33 sdc1 191688628 1756877 10223695050 321155029 247911014 429789801 130152843744 80669998 0 125523190 403169148
======================
   8      33 sdc1 191688641 1756877 10223695154 321155432 247932511 429971557 130154469768 80888310 0 125526557 403387854
======================
   8      33 sdc1 191688653 1756877 10223695250 321155657 247954859 430117690 130155817632 81043917 0 125529316 403543683
======================
   8      33 sdc1 191688666 1756877 10223695354 321156340 247979939 430334589 130157752304 81298910 137 125533259 403799720
======================
   8      33 sdc1 191688678 1756877 10223695450 321156503 248001632 430453835 130158880992 81427673 0 125535670 403928261
======================
   8      33 sdc1 191688691 1756877 10223695554 321156796 248027017 430648912 130160602096 81631664 33 125539156 404135187
======================
   8      33 sdc1 191688704 1756877 10223695658 321157068 248048336 430800705 130162029616 81807374 0 125542056 404308503
======================
   8      33 sdc1 191688716 1756877 10223695754 321157405 248073609 430976297 130163636544 82012876 0 125545420 404514332
======================
   8      33 sdc1 191688728 1756877 10223695850 321157638 248094637 431146521 130165166568 82242175 0 125548696 404743858
======================
   8      33 sdc1 191688741 1756877 10223695954 321157953 248117532 431297644 130166558712 82403881 0 125551642 404905870
======================
   8      33 sdc1 191688754 1756877 10223696058 321158406 248147499 431501083 130168425960 82641997 0 125555432 405144426
======================
   8      33 sdc1 191688767 1756877 10223696162 321158464 248166719 431627723 130169565904 82772314 33 125557861 405275248
======================
   8      33 sdc1 191688780 1756877 10223696266 321158970 248189792 431842900 130171366040 83002329 100 125561535 405511440
======================
   8      33 sdc1 191688795 1756877 10223696386 321159084 248209541 431959253 130172485216 83145242 78 125563861 405651344
======================
   8      33 sdc1 191688807 1756877 10223696482 321159340 248233230 432123453 130174090064 83327545 148 125567200 405831561
======================
   8      33 sdc1 191688824 1756877 10223696618 321159872 248255134 432310146 130175759616 83540978 0 125570573 406044811
======================
   8      33 sdc1 191688838 1756877 10223696730 321160258 248281062 432502304 130177430880 83739822 56 125574047 406258057
======================
   8      33 sdc1 191688849 1756877 10223696818 321160300 248305497 432632280 130178740120 83922271 0 125576789 406426523
======================
   8      33 sdc1 191688866 1756877 10223696954 321160614 248335091 432803650 130180348544 84084671 0 125580095 406589227
======================
   8      33 sdc1 191688877 1756877 10223697042 321160970 248363175 432982494 130182004368 84296367 0 125583561 406801269
======================
   8      33 sdc1 191688919 1756891 10223697490 321161520 248392535 433137326 130183479024 84449788 0 125586546 406955228
======================
   8      33 sdc1 191688935 1756891 10223697618 321162371 248409811 433367844 130185289568 84672158 129 125590405 407198497
======================
   8      33 sdc1 191688938 1756891 10223697642 321162523 248418061 433443950 130186136576 84842108 0 125592086 407348560
======================
   8      33 sdc1 191688938 1756891 10223697642 321162523 248418074 433445913 130186152384 84842332 0 125592127 407348784
======================
   8      33 sdc1 191688938 1756891 10223697642 321162523 248418074 433445913 130186152384 84842332 0 125592127 407348784
======================
   8      33 sdc1 191688938 1756891 10223697642 321162523 248418090 433447866 130186168136 84842605 0 125592158 407349057
======================
started
   8      33 sdc1 191689057 1756891 10223698588 321162628 248418100 433447867 130186168224 84842609 0 125592170 407349166
======================
   8      33 sdc1 191816206 1757050 10224717092 321227275 248418152 433464147 130186236432 84845676 47 125595572 407417092
======================
   8      33 sdc1 191833140 1757056 10224852612 321234917 248457488 433521459 130187072072 84980485 1 125597810 407559300
======================
   8      33 sdc1 191833562 1757056 10224855988 321234961 248493776 433578634 130187819776 85102427 132 125599462 407681496
======================
   8      33 sdc1 191834080 1757056 10224860132 321235025 248539859 433643979 130188711176 85254931 153 125601458 407834140
======================
   8      33 sdc1 191834451 1757056 10224863100 321235077 248574179 433693029 130189378152 85369097 136 125602957 407948298
======================
   8      33 sdc1 191878576 1759173 10225233556 321256783 248608943 433736332 130190002704 85497745 0 125605490 408098369
======================
   8      33 sdc1 191890575 1759180 10225329604 321262484 248656367 433801664 130190904752 85655677 0 125607801 408261981
======================
   8      33 sdc1 191891197 1759180 10225334580 321262576 248703559 433867007 130191796024 85812012 7 125609805 408419109
======================
   8      33 sdc1 191891753 1759180 10225339028 321262715 248757241 433924282 130192692688 85984416 1 125611853 408590921
======================
   8      33 sdc1 191892223 1759180 10225342788 321262771 248810897 433989616 130193644608 86158956 0 125613988 408765497
======================
   8      33 sdc1 191892660 1759180 10225346284 321262829 248864605 434054950 130194596944 86333130 131 125616129 408939912
======================
   8      33 sdc1 191893171 1759180 10225350372 321262904 248917657 434121770 130195555928 86520081 0 125618295 409126712
======================
   8      33 sdc1 191893523 1759180 10225353188 321262951 248958029 434170735 130196270624 86651585 0 125619915 409258240
======================
   8      33 sdc1 191893982 1759180 10225356860 321263000 249011071 434236140 130197218200 86824490 141 125622034 409431491
======================
   8      33 sdc1 191902577 1759180 10225425620 321266837 249058749 434293400 130198057704 86979645 0 125624116 409590147
======================
   8      33 sdc1 191903047 1759180 10225429380 321266915 249112689 434358813 130199012528 87155197 129 125626271 409765947
======================
   8      33 sdc1 191903397 1759180 10225432180 321266959 249153717 434407825 130199732848 87288867 0 125627898 409899458
======================
   8      33 sdc1 191903856 1759180 10225435852 321267041 249213569 434475002 130200749080 87483808 0 125630191 410094460
======================
   8      33 sdc1 191904300 1759180 10225439404 321267089 249247340 434523955 130201410880 87596958 0 125631679 410207660
======================
   8      33 sdc1 191904770 1759180 10225443164 321267131 249300638 434589263 130202359728 87770413 142 125633803 410381436
======================
   8      33 sdc1 191905117 1759180 10225445940 321267176 249341390 434638233 130203077504 87902710 0 125635422 410513474
======================
   8      33 sdc1 191905619 1759180 10225449956 321267224 249393430 434703575 130204016560 88072664 149 125637518 410683802
======================
   8      33 sdc1 191906004 1759180 10225453036 321267273 249434963 434752567 130204740760 88207114 129 125639161 410818142
======================
   8      33 sdc1 191906450 1759180 10225456604 321267339 249486245 434810871 130205617344 88375539 132 125641235 410986676
======================
   8      33 sdc1 191915132 1759180 10225526060 321271260 249536429 434876737 130206545848 88541501 0 125643514 411156294
======================
   8      33 sdc1 191915597 1759180 10225529780 321271315 249583420 434942039 130207421824 88696392 17 125645484 411312585
======================
   8      33 sdc1 191916037 1759180 10225533300 321271365 249636994 434999226 130208330280 88869452 0 125647541 411484321
======================
   8      33 sdc1 191916469 1759180 10225536756 321271415 249690623 435064575 130209282104 89043840 0 125649683 411658736
======================
   8      33 sdc1 191916841 1759180 10225539732 321271472 249730936 435113587 130209996704 89175338 0 125651312 411790280
======================
   8      33 sdc1 191917294 1759180 10225543356 321271526 249784690 435179056 130210950488 89350203 0 125653458 411965180
======================
   8      33 sdc1 191917667 1759180 10225546340 321271588 249824002 435229536 130211668824 89489739 0 125655074 412104768
======================
   8      33 sdc1 191918113 1759180 10225549908 321271644 249877704 435294905 130212621392 89664689 0 125657218 412279756
======================
   8      33 sdc1 191918454 1759180 10225552636 321271690 249917992 435343899 130213335648 89795761 0 125658835 412410855
======================
   8      33 sdc1 191926557 1759180 10225617460 321275556 249965043 435401173 130214170248 89951700 0 125661012 412570642
======================
   8      33 sdc1 191927439 1759180 10225624516 321275882 250006098 435450254 130214891336 90085209 0 125662682 412704465
======================
   8      33 sdc1 191927892 1759180 10225628140 321275931 250053036 435515556 130215788264 90240959 1 125664676 412860498
======================
   8      33 sdc1 191928320 1759180 10225631564 321275967 250104694 435576830 130216692712 90472588 0 125666702 413092020
======================
   8      33 sdc1 191928805 1759180 10225635444 321276053 250158377 435642189 130217645056 90647710 0 125668849 413267216
======================
   8      33 sdc1 191929306 1759180 10225639452 321276109 250205423 435707492 130218520144 90802277 18 125670817 413423205
======================
   8      33 sdc1 191929765 1759180 10225643124 321276159 250259185 435764642 130219431144 90975647 0 125672872 413595227
======================
   8      33 sdc1 191930200 1759180 10225646604 321276203 250312765 435829947 130220382224 91153643 0 125675079 413773249
======================
   8      33 sdc1 191930647 1759180 10225650180 321276255 250359573 435887088 130221213816 91313024 0 125677126 413932672
======================
   8      33 sdc1 191931019 1759180 10225653156 321276311 250401470 435945720 130222018048 91455599 131 125678924 414075566
======================
   8      33 sdc1 191939644 1759180 10225722156 321279918 250453672 436002936 130222893392 91623694 0 125681119 414246977
======================
   8      33 sdc1 191939985 1759180 10225724884 321279953 250493908 436051962 130223607488 91754267 0 125682717 414377572
======================
   8      33 sdc1 191940443 1759180 10225728548 321280007 250544177 436117303 130224532368 91919551 155 125684792 414543152
======================
   8      33 sdc1 191940800 1759180 10225731404 321280048 250587829 436166338 130225273864 92060013 0 125686467 414683378
======================
   8      33 sdc1 191941278 1759180 10225735228 321280101 250634723 436231651 130226150488 92214351 16 125688437 414839206
======================
   8      33 sdc1 191941721 1759180 10225738772 321280148 250686539 436292540 130227073160 92440028 0 125690509 415063612
======================
   8      33 sdc1 191942142 1759180 10225742140 321280195 250740052 436357976 130228024752 92614818 0 125692642 415238433
======================
   8      33 sdc1 191942504 1759180 10225745036 321280233 250780273 436407031 130228738960 92745783 0 125694251 415369422
======================
   8      33 sdc1 191942978 1759180 10225748828 321280289 250827179 436472356 130229587720 92899602 37 125696179 415524602
======================
   8      33 sdc1 191951591 1759186 10225817780 321283845 250874974 436529572 130230422488 93058425 41 125698399 415686467
======================
   8      33 sdc1 191952025 1759186 10225821252 321283890 250928559 436586789 130231363336 93234117 0 125700519 415861360
======================
   8      33 sdc1 191952472 1759186 10225824828 321283940 250977662 436656102 130232310672 93432521 134 125702691 416060133
======================
   8      33 sdc1 191952932 1759186 10225828508 321283994 251026772 436713345 130233161512 93594154 0 125704724 416221478
======================
   8      33 sdc1 191953286 1759186 10225831340 321284039 251066861 436762313 130233873968 93725103 0 125706337 416352457
======================
   8      33 sdc1 191953707 1759186 10225834708 321284085 251120307 436827666 130234824360 93900139 0 125708482 416527521
======================
   8      33 sdc1 191954174 1759186 10225838444 321284144 251167296 436893042 130235702264 94055022 16 125710458 416683773
======================
   8      33 sdc1 191954599 1759186 10225841844 321284196 251220778 436950258 130236608880 94228526 0 125712516 416855991
======================
   8      33 sdc1 191954969 1759186 10225844804 321284277 251259880 437000809 130237326104 94365376 0 125714144 416992912
======================
   8      33 sdc1 191963586 1759188 10225913756 321288351 251307579 437057998 130238165232 94520775 0 125716243 417152367
======================
   8      33 sdc1 191964015 1759188 10225917188 321288392 251361281 437123310 130239117344 94695900 0 125718366 417327512
======================
   8      33 sdc1 191964467 1759188 10225920804 321288449 251408035 437180457 130239948552 94852088 0 125720368 417483746
======================
   8      33 sdc1 191964796 1759188 10225923436 321288488 251448098 437229435 130240660880 94986255 0 125722054 417617933
======================
   8      33 sdc1 191965235 1759188 10225926948 321288543 251501453 437294769 130241610392 95160847 0 125724192 417792565
======================
   8      33 sdc1 191965590 1759188 10225929788 321288623 251547591 437345712 130242387040 95312132 0 125725950 417943917
======================
   8      33 sdc1 191966032 1759188 10225933324 321288661 251592885 437411031 130243271944 95463156 140 125727912 418095215
======================
   8      33 sdc1 191966385 1759188 10225936148 321288708 251634327 437460127 130243996264 95597650 0 125729549 418229495
======================
   8      33 sdc1 191966823 1759188 10225939652 321288765 251681137 437517255 130244827768 95752289 0 125731534 418384174
======================
   8      33 sdc1 191967102 1759188 10225941884 321288797 251714583 437558099 130245422088 95868579 0 125732996 418500481
