======================
   8      33 sdc1 34165456 1116733 1922786320 69859890 34306011 39519847 21945639832 622826439 0 15182743 692660968
======================
   8      33 sdc1 34165490 1116733 1922786592 69859895 34306112 39536113 21945770768 622832521 0 15183001 692667055
======================
   8      33 sdc1 34165515 1116733 1922786792 69860502 34308568 39686172 21946896152 622916241 72 15185136 692754015
======================
   8      33 sdc1 34165534 1116733 1922786944 69861954 34313402 39954967 21949151744 623328974 22 15189593 693167217
======================
   8      33 sdc1 34165556 1116733 1922787120 69862177 34315332 40049960 21949955408 623449118 0 15191221 693286715
======================
   8      33 sdc1 34165576 1116733 1922787280 69863252 34319832 40293833 21951942392 623672544 0 15195090 693511214
======================
   8      33 sdc1 34165597 1116733 1922787448 69863726 34326296 40419105 21952996280 623780814 0 15197159 693619948
======================
   8      33 sdc1 34165611 1116733 1922787560 69864545 34337993 40679668 21955091168 624112056 65 15201268 693953632
======================
started
   8      33 sdc1 34165666 1116733 1922787994 69864993 34339449 40830786 21956395296 624324332 0 15203870 694164762
======================
   8      33 sdc1 34269442 1121433 1923656442 69930485 34363067 40879923 21956977344 624409118 28 15207763 694315049
======================
   8      33 sdc1 34377263 1121459 1924519218 69991656 34427413 40978342 21958235512 624624283 33 15212674 694592712
======================
   8      33 sdc1 34476627 1121509 1925314530 70048687 34495518 41068601 21959546416 624854540 144 15217565 694878827
======================
   8      33 sdc1 34576090 1121535 1926110442 70106799 34560895 41158792 21960790952 625077324 126 15222431 695159677
======================
   8      33 sdc1 34683691 1121561 1926971458 70166022 34625165 41250896 21962042008 625301958 31 15227315 695443295
======================
   8      33 sdc1 34778781 1125197 1927762242 70222946 34682579 41345224 21963228088 625532311 21 15232146 695731986
======================
   8      33 sdc1 34877473 1125197 1928551778 70279020 34749132 41435515 21964510808 625761323 150 15237020 696015768
======================
   8      33 sdc1 34982947 1125197 1929395570 70339301 34817690 41525866 21965782120 625988451 31 15241929 696302974
======================
   8      33 sdc1 35082291 1125197 1930190322 70395963 34882392 41616184 21967022312 626207293 31 15246796 696578455
======================
   8      33 sdc1 35183263 1125197 1930998098 70453855 34949254 41714545 21968344096 626432047 149 15251706 696861304
