======================
cpu  2072540 0 1072789 165871084 2842346 0 10168 0 0 0
cpu0 53798 0 123373 2899594 472308 0 3203 0 0 0
cpu1 45932 0 112591 2951482 440836 0 2524 0 0 0
cpu2 44355 0 23758 3471406 41450 0 248 0 0 0
cpu3 45564 0 16443 3514459 6274 0 64 0 0 0
cpu4 41182 0 12120 3521273 8361 0 47 0 0 0
cpu5 42359 0 12066 3526872 1724 0 4 0 0 0
cpu6 41999 0 11589 3527004 2390 0 5 0 0 0
cpu7 41348 0 20097 3496725 23478 0 112 0 0 0
cpu8 41782 0 12271 3527710 1451 0 25 0 0 0
cpu9 41098 0 21918 3461839 54318 0 274 0 0 0
cpu10 42190 0 14934 3512034 13278 0 40 0 0 0
cpu11 46666 0 24835 3449448 58392 0 323 0 0 0
cpu12 48718 0 38797 3417571 73324 0 103 0 0 0
cpu13 45000 0 36340 3371456 126752 0 147 0 0 0
cpu14 44703 0 36873 3370682 127400 0 197 0 0 0
cpu15 42374 0 37076 3338650 158056 0 700 0 0 0
cpu16 42830 0 31314 3370077 133799 0 438 0 0 0
cpu17 42272 0 36106 3383083 119161 0 126 0 0 0
cpu18 43347 0 31874 3381975 122842 0 189 0 0 0
cpu19 44158 0 31697 3388822 115945 0 95 0 0 0
cpu20 42195 0 31800 3392636 114014 0 121 0 0 0
cpu21 43476 0 26418 3394726 115455 0 147 0 0 0
cpu22 43705 0 34670 3410803 88359 0 400 0 0 0
cpu23 44052 0 37882 3374568 123102 0 163 0 0 0
cpu24 41805 0 8353 3532926 6 0 1 0 0 0
cpu25 42290 0 9471 3531092 237 0 0 0 0 0
cpu26 42580 0 9749 3530723 27 0 0 0 0 0
cpu27 43387 0 8466 3531226 15 0 2 0 0 0
cpu28 43219 0 8946 3530925 5 0 0 0 0 0
cpu29 42462 0 8730 3531853 4 0 0 0 0 0
cpu30 42091 0 8829 3532164 2 0 0 0 0 0
cpu31 41738 0 8296 3533078 2 0 0 0 0 0
cpu32 40703 0 8784 3533814 2 0 0 0 0 0
cpu33 43401 0 8910 3530762 4 0 0 0 0 0
cpu34 41322 0 8512 3533256 5 0 0 0 0 0
cpu35 42316 0 8740 3532014 13 0 0 0 0 0
cpu36 41809 0 10447 3491138 39476 0 9 0 0 0
cpu37 43491 0 14254 3505634 19273 0 45 0 0 0
cpu38 42422 0 12798 3500898 26408 0 56 0 0 0
cpu39 42271 0 10827 3513675 16249 0 1 0 0 0
cpu40 42389 0 13779 3491230 34879 0 85 0 0 0
cpu41 42514 0 11033 3510208 18812 0 53 0 0 0
cpu42 43991 0 11283 3491849 35454 0 60 0 0 0
cpu43 41412 0 10574 3514295 16728 0 5 0 0 0
cpu44 42385 0 12814 3519213 8582 0 10 0 0 0
cpu45 42639 0 14158 3497250 28648 0 29 0 0 0
cpu46 42645 0 15724 3500277 23632 0 76 0 0 0
cpu47 42133 0 12449 3496670 31395 0 27 0 0 0
intr 58093102 116 0 0 0 0 0 0 0 1 7 0 0 0 0 0 0 0 0 56 49 0 0 0 0 0 0 0 0 0 0 0 0 0 0 0 0 0 0 0 0 0 0 0 0 0 0 0 0 0 0 0 0 196300 0 0 0 0 0 0 0 0 0 1903 30330175 0 1 242920 32137 24785 41641 47272 34491 0 0 69004 35194 0 0 0 0 0 0 0 0 0 0 0 0 0 0 0 0 0 0 0 0 0 0 0 0 0 0 0 0 0 0 0 0 0 0 0 0 0 0 0 0 0 0 0 0 0 0 0 0 0 0 0 0 0 0 0 0 0 0 0 0 0 0 0 0 0 0 0 0 0 0 0 0 0 0 0 0 0 0 0 0 0 0 0 0 0 0 0 0 0 0 0 0 0 0 0 0 0 0 0 0 0 0 0 2 0 2 2 2 2 2 2 2 0 2 0 2 2 2 2 2 2 2 0 0 0 0 0 0 0 0 0 0 0 0 0 0 0 0 0 0 0 0 0 0 0 0 0 0 0 0 0 0 0 0 0 0 0 0 0 0 0 0 0 0 0 0 0 0 0 0 0 0 0 0 0 0 0 0 0 0 0 0 0 0 0 0 0 0 0 0 0 0 0 0 0 0 0 0 0 0 0 0 0 0 0 0 0 0 0 0 0 0 0 0 0 0 0 0 0 0 0 0 0 0 0 0 0 0 0 0 0 0 0 0 0 0 0 0 0 0 0 0 0 0 0 0 0 0 0 0 0 0 0 0 0 0 0 0 0 0 0 0 0 0 0 0 0 0 0 0 0 0 0 0 0 0 0 0 0 0 0 0 0 0 0 0 0 0 0 0 0 0 0 0 0 0 0 0 0 0 0 0 0 0 0 0 0 0 0 0 0 0 0 0 0 0 0 0 0 0 0 0 0 0 0 0 0 0 0 0 0 0 0 0 0 0 0 0 0 0 0 0 0 0 0 0 0 0 0 0 0 0 0 0 0 0 0 0 0 0 0 0 0 0 0 0 0 0 0 0 0 0 0 0 0 0 0 0 0 0 0 0 0 0 0 0 0 0 0 0 0 0 0 0 0 0 0 0 0 0 0 0 0 0 0 0 0 0 0 0 0 0 0 0 0 0 0 0 0 0 0 0 0 0 0 0 0 0 0 0 0 0 0 0 0 0 0 0 0 0 0 0 0 0 0 0 0 0 0 0 0 0 0 0 0 0 0 0 0 0 0 0 0 0 0 0 0 0 0 0 0 0 0 0 0 0 0 0 0 0 0 0 0 0 0 0 0 0 0 0 0 0 0 0 0 0 0 0 0 0 0 0 0 0 0 0 0 0 0 0 0 0 0 0 0 0 0 0 0 0 0 0 0 0 0 0 0 0 0 0 0 0 0 0 0 0 0 0 0 0 0 0 0 0 0 0 0 0 0 0 0 0 0 0 0 0 0 0 0 0 0 0 0 0 0 0 0 0 0 0 0 0 0 0 0 0 0 0 0 0 0 0 0 0 0 0 0 0 0 0 0 0 0 0 0 0 0 0 0 0 0 0 0 0 0 0 0 0 0 0 0 0 0 0 0 0 0 0 0 0 0 0 0 0 0 0 0 0 0 0 0 0 0 0 0 0 0 0 0 0 0 0 0 0 0 0 0 0 0 0 0 0 0 0 0 0 0 0 0 0 0 0 0 0 0 0 0 0 0 0 0 0 0 0 0 0 0 0 0 0 0 0 0 0 0 0 0 0 0 0 0 0 0 0 0 0 0 0 0 0 0 0 0 0 0 0 0 0 0 0 0 0 0 0 0 0 0 0 0 0 0 0 0 0 0 0 0 0 0 0 0 0 0 0 0 0 0 0 0 0 0 0 0 0 0 0 0 0 0 0 0 0 0 0 0 0 0 0 0 0 0 0 0 0 0 0 0 0 0 0 0 0 0 0 0 0 0 0 0 0 0 0 0 0 0 0 0 0 0 0 0 0 0 0 0 0 0 0 0 0 0 0 0 0 0 0 0 0 0 0 0 0 0 0 0 0 0 0 0 0 0 0 0 0 0 0 0 0 0 0 0 0 0 0 0 0 0 0 0 0 0 0 0 0 0 0 0 0 0 0 0 0 0 0 0 0 0 0 0 0 0 0 0 0 0 0 0 0 0 0 0 0 0 0 0 0 0 0 0 0 0 0 0 0 0 0 0 0 0 0 0 0 0 0 0 0 0 0 0 0 0 0 0 0 0 0 0 0 0 0 0 0 0 0 0 0 0 0 0 0 0 0 0 0 0 0 0 0 0 0 0 0 0 0 0 0 0 0 0 0 0 0 0 0 0 0 0 0 0 0 0 0 0 0 0 0 0 0 0 0 0 0 0 0 0 0 0 0 0 0 0 0 0 0 0 0 0 0 0 0 0 0 0 0 0 0 0 0 0 0 0 0 0 0 0 0 0 0 0 0 0 0 0 0 0 0 0 0 0 0 0 0 0 0 0 0 0 0 0 0 0 0 0 0 0 0 0 0 0 0 0 0 0 0 0 0 0 0 0 0 0 0 0 0 0 0 0 0 0 0 0 0 0 0 0 0 0 0 0 0 0 0 0 0 0 0 0 0 0 0 0 0 0 0 0 0 0 0 0 0 0 0 0 0 0 0 0 0 0 0 0 0 0 0 0 0 0 0 0 0 0 0 0 0 0 0 0 0 0 0 0 0 0 0 0 0 0 0 0 0 0 0 0 0 0 0 0 0 0 0 0 0 0 0 0 0 0 0 0 0 0 0 0 0 0 0 0 0 0 0 0 0 0 0 0 0 0 0 0 0 0 0 0 0 0 0 0 0 0 0 0 0 0 0 0 0 0 0 0 0 0 0 0 0 0 0 0 0 0 0 0 0 0 0 0 0 0 0 0 0 0 0 0 0 0 0 0 0 0 0 0 0 0 0 0 0 0 0 0 0 0 0 0 0 0 0 0 0 0 0 0 0 0 0 0 0 0 0 0 0 0 0 0 0 0 0 0 0 0 0 0 0 0 0 0 0 0 0 0 0 0 0 0 0 0 0 0 0 0 0 0 0 0 0 0 0 0 0 0 0 0 0 0 0 0 0 0 0 0 0 0 0 0 0 0 0 0 0 0 0 0 0 0 0 0 0 0 0 0 0 0 0 0 0 0 0 0 0 0 0 0 0 0 0 0 0 0 0 0 0 0 0 0 0 0 0 0 0 0 0 0 0 0 0 0 0 0 0 0 0 0 0 0 0 0 0 0 0 0 0 0 0 0 0 0 0 0 0 0 0 0 0 0 0 0 0 0 0 0 0 0 0 0 0 0 0 0 0 0 0 0 0 0 0 0 0 0 0 0 0 0 0 0 0 0 0 0 0 0 0 0 0 0 0 0 0 0 0 0 0 0 0 0 0 0 0 0 0 0 0 0 0 0 0 0 0 0 0 0 0 0 0 0 0 0 0 0 0 0 0 0 0 0 0 0 0 0 0 0 0 0 0 0 0 0 0 0 0 0 0 0 0 0 0 0 0 0 0 0 0 0 0 0 0 0 0 0 0 0 0 0 0 0 0 0 0 0 0 0 0 0 0 0 0 0 0 0 0 0 0 0 0 0 0 0 0 0 0 0 0 0 0 0 0 0 0 0 0 0 0 0 0 0 0 0 0 0 0 0 0 0 0 0 0 0 0 0 0
ctxt 59852965
btime 1494099034
processes 94886
procs_running 2
procs_blocked 0
softirq 57862776 5 11197318 7201 527354 30513904 0 2226 4365807 0 11248961
