======================
cpu  2048357 0 234513 75351953 210056 0 1961 0 0 0
cpu0 53062 0 22871 1489941 52234 0 528 0 0 0
cpu1 44884 0 10927 1544462 20344 0 328 0 0 0
cpu2 42434 0 4824 1572099 2594 0 113 0 0 0
cpu3 42273 0 5016 1574540 243 0 56 0 0 0
cpu4 40888 0 3577 1576800 824 0 44 0 0 0
cpu5 41710 0 3539 1576782 113 0 2 0 0 0
cpu6 41813 0 3406 1576757 128 0 2 0 0 0
cpu7 41134 0 3690 1577004 263 0 4 0 0 0
cpu8 41587 0 3727 1576810 172 0 25 0 0 0
cpu9 40827 0 3544 1576832 872 0 4 0 0 0
cpu10 41936 0 5855 1565244 8492 0 40 0 0 0
cpu11 46158 0 15250 1514164 43629 0 251 0 0 0
cpu12 48248 0 7240 1560847 4231 0 19 0 0 0
cpu13 43544 0 8240 1563902 6094 0 23 0 0 0
cpu14 43747 0 4359 1568984 4730 0 24 0 0 0
cpu15 41906 0 6393 1557700 15058 0 104 0 0 0
cpu16 41859 0 5458 1565760 8479 0 34 0 0 0
cpu17 41618 0 4192 1571354 4680 0 29 0 0 0
cpu18 42647 0 4741 1569521 4792 0 36 0 0 0
cpu19 43338 0 3755 1572738 2138 0 8 0 0 0
cpu20 41304 0 3648 1574871 2170 0 10 0 0 0
cpu21 42748 0 3956 1572239 2970 0 22 0 0 0
cpu22 43340 0 5977 1562659 8304 0 116 0 0 0
cpu23 43161 0 7032 1563763 7666 0 33 0 0 0
cpu24 41660 0 3285 1577187 1 0 1 0 0 0
cpu25 42112 0 3258 1576625 150 0 0 0 0 0
cpu26 42398 0 4072 1575656 4 0 0 0 0 0
cpu27 43225 0 3178 1575735 1 0 2 0 0 0
cpu28 43076 0 3123 1575936 1 0 0 0 0 0
cpu29 42322 0 3365 1576402 1 0 0 0 0 0
cpu30 41954 0 3368 1576814 0 0 0 0 0 0
cpu31 41600 0 3130 1577415 0 0 0 0 0 0
cpu32 40409 0 3202 1578534 0 0 0 0 0 0
cpu33 43270 0 3095 1575755 1 0 0 0 0 0
cpu34 41163 0 2910 1578065 0 0 0 0 0 0
cpu35 41577 0 3098 1577469 1 0 0 0 0 0
cpu36 41546 0 3043 1577544 6 0 1 0 0 0
cpu37 43320 0 3676 1575131 9 0 0 0 0 0
cpu38 42221 0 4893 1569388 5162 0 54 0 0 0
cpu39 42095 0 2854 1577182 8 0 0 0 0 0
cpu40 42082 0 3347 1576709 7 0 0 0 0 0
cpu41 42317 0 4323 1573163 2117 0 28 0 0 0
cpu42 43747 0 2960 1575422 3 0 0 0 0 0
cpu43 41220 0 3057 1577848 6 0 2 0 0 0
cpu44 42205 0 3174 1576756 4 0 0 0 0 0
cpu45 42444 0 3220 1576433 33 0 0 0 0 0
cpu46 42324 0 5965 1572546 1294 0 0 0 0 0
cpu47 41887 0 3681 1576446 6 0 1 0 0 0
intr 10058286 116 0 0 0 0 0 0 0 1 7 0 0 0 0 0 0 0 0 56 49 0 0 0 0 0 0 0 0 0 0 0 0 0 0 0 0 0 0 0 0 0 0 0 0 0 0 0 0 0 0 0 0 101989 0 0 0 0 0 0 0 0 0 1443 1148307 0 1 127099 19724 12004 29271 34173 21747 0 0 56059 23006 0 0 0 0 0 0 0 0 0 0 0 0 0 0 0 0 0 0 0 0 0 0 0 0 0 0 0 0 0 0 0 0 0 0 0 0 0 0 0 0 0 0 0 0 0 0 0 0 0 0 0 0 0 0 0 0 0 0 0 0 0 0 0 0 0 0 0 0 0 0 0 0 0 0 0 0 0 0 0 0 0 0 0 0 0 0 0 0 0 0 0 0 0 0 0 0 0 0 0 0 0 0 0 2 0 2 2 2 2 2 2 2 0 2 0 2 2 2 2 2 2 2 0 0 0 0 0 0 0 0 0 0 0 0 0 0 0 0 0 0 0 0 0 0 0 0 0 0 0 0 0 0 0 0 0 0 0 0 0 0 0 0 0 0 0 0 0 0 0 0 0 0 0 0 0 0 0 0 0 0 0 0 0 0 0 0 0 0 0 0 0 0 0 0 0 0 0 0 0 0 0 0 0 0 0 0 0 0 0 0 0 0 0 0 0 0 0 0 0 0 0 0 0 0 0 0 0 0 0 0 0 0 0 0 0 0 0 0 0 0 0 0 0 0 0 0 0 0 0 0 0 0 0 0 0 0 0 0 0 0 0 0 0 0 0 0 0 0 0 0 0 0 0 0 0 0 0 0 0 0 0 0 0 0 0 0 0 0 0 0 0 0 0 0 0 0 0 0 0 0 0 0 0 0 0 0 0 0 0 0 0 0 0 0 0 0 0 0 0 0 0 0 0 0 0 0 0 0 0 0 0 0 0 0 0 0 0 0 0 0 0 0 0 0 0 0 0 0 0 0 0 0 0 0 0 0 0 0 0 0 0 0 0 0 0 0 0 0 0 0 0 0 0 0 0 0 0 0 0 0 0 0 0 0 0 0 0 0 0 0 0 0 0 0 0 0 0 0 0 0 0 0 0 0 0 0 0 0 0 0 0 0 0 0 0 0 0 0 0 0 0 0 0 0 0 0 0 0 0 0 0 0 0 0 0 0 0 0 0 0 0 0 0 0 0 0 0 0 0 0 0 0 0 0 0 0 0 0 0 0 0 0 0 0 0 0 0 0 0 0 0 0 0 0 0 0 0 0 0 0 0 0 0 0 0 0 0 0 0 0 0 0 0 0 0 0 0 0 0 0 0 0 0 0 0 0 0 0 0 0 0 0 0 0 0 0 0 0 0 0 0 0 0 0 0 0 0 0 0 0 0 0 0 0 0 0 0 0 0 0 0 0 0 0 0 0 0 0 0 0 0 0 0 0 0 0 0 0 0 0 0 0 0 0 0 0 0 0 0 0 0 0 0 0 0 0 0 0 0 0 0 0 0 0 0 0 0 0 0 0 0 0 0 0 0 0 0 0 0 0 0 0 0 0 0 0 0 0 0 0 0 0 0 0 0 0 0 0 0 0 0 0 0 0 0 0 0 0 0 0 0 0 0 0 0 0 0 0 0 0 0 0 0 0 0 0 0 0 0 0 0 0 0 0 0 0 0 0 0 0 0 0 0 0 0 0 0 0 0 0 0 0 0 0 0 0 0 0 0 0 0 0 0 0 0 0 0 0 0 0 0 0 0 0 0 0 0 0 0 0 0 0 0 0 0 0 0 0 0 0 0 0 0 0 0 0 0 0 0 0 0 0 0 0 0 0 0 0 0 0 0 0 0 0 0 0 0 0 0 0 0 0 0 0 0 0 0 0 0 0 0 0 0 0 0 0 0 0 0 0 0 0 0 0 0 0 0 0 0 0 0 0 0 0 0 0 0 0 0 0 0 0 0 0 0 0 0 0 0 0 0 0 0 0 0 0 0 0 0 0 0 0 0 0 0 0 0 0 0 0 0 0 0 0 0 0 0 0 0 0 0 0 0 0 0 0 0 0 0 0 0 0 0 0 0 0 0 0 0 0 0 0 0 0 0 0 0 0 0 0 0 0 0 0 0 0 0 0 0 0 0 0 0 0 0 0 0 0 0 0 0 0 0 0 0 0 0 0 0 0 0 0 0 0 0 0 0 0 0 0 0 0 0 0 0 0 0 0 0 0 0 0 0 0 0 0 0 0 0 0 0 0 0 0 0 0 0 0 0 0 0 0 0 0 0 0 0 0 0 0 0 0 0 0 0 0 0 0 0 0 0 0 0 0 0 0 0 0 0 0 0 0 0 0 0 0 0 0 0 0 0 0 0 0 0 0 0 0 0 0 0 0 0 0 0 0 0 0 0 0 0 0 0 0 0 0 0 0 0 0 0 0 0 0 0 0 0 0 0 0 0 0 0 0 0 0 0 0 0 0 0 0 0 0 0 0 0 0 0 0 0 0 0 0 0 0 0 0 0 0 0 0 0 0 0 0 0 0 0 0 0 0 0 0 0 0 0 0 0 0 0 0 0 0 0 0 0 0 0 0 0 0 0 0 0 0 0 0 0 0 0 0 0 0 0 0 0 0 0 0 0 0 0 0 0 0 0 0 0 0 0 0 0 0 0 0 0 0 0 0 0 0 0 0 0 0 0 0 0 0 0 0 0 0 0 0 0 0 0 0 0 0 0 0 0 0 0 0 0 0 0 0 0 0 0 0 0 0 0 0 0 0 0 0 0 0 0 0 0 0 0 0 0 0 0 0 0 0 0 0 0 0 0 0 0 0 0 0 0 0 0 0 0 0 0 0 0 0 0 0 0 0 0 0 0 0 0 0 0 0 0 0 0 0 0 0 0 0 0 0 0 0 0 0 0 0 0 0 0 0 0 0 0 0 0 0 0 0 0 0 0 0 0 0 0 0 0 0 0 0 0 0 0 0 0 0 0 0 0 0 0 0 0 0 0 0 0 0 0 0 0 0 0 0 0 0 0 0 0 0 0 0 0 0 0 0 0 0 0 0 0 0 0 0 0 0 0 0 0 0 0 0 0 0 0 0 0 0 0 0 0 0 0 0 0 0 0 0 0 0 0 0 0 0 0 0 0 0 0 0 0 0 0 0 0 0 0 0 0 0 0 0 0 0 0 0 0 0 0 0 0 0 0 0 0 0 0 0 0 0 0 0 0 0 0 0 0 0 0 0 0 0 0 0 0 0 0 0 0 0 0 0 0 0 0 0 0 0 0 0 0 0 0 0 0 0 0 0 0 0 0 0 0 0 0 0 0 0 0 0 0 0 0 0 0 0 0 0 0 0 0 0 0 0 0 0 0 0 0 0 0 0 0 0 0 0 0 0 0 0 0 0 0 0 0 0 0 0 0 0 0 0 0 0 0 0 0 0 0 0 0 0 0 0 0 0 0 0 0 0 0 0 0 0 0 0 0 0 0 0 0 0 0 0 0 0 0 0 0 0 0 0 0 0 0 0 0 0 0 0 0 0 0 0 0 0 0 0 0 0 0 0 0 0 0 0 0 0 0 0 0 0 0 0 0 0 0 0 0 0 0 0 0 0 0 0 0 0 0 0 0 0 0 0 0 0 0 0 0 0 0 0 0 0 0 0 0 0 0 0 0 0 0 0 0 0 0 0
ctxt 13154822
btime 1494099034
processes 61757
procs_running 5
procs_blocked 0
softirq 16028894 5 6878959 3278 322838 1249041 0 2192 1583726 0 5988855
started
======================
cpu  2050362 0 242770 75365586 210059 0 1961 0 0 0
cpu0 53104 0 23057 1490209 52235 0 528 0 0 0
cpu1 44927 0 11110 1544734 20344 0 328 0 0 0
cpu2 42478 0 5006 1572370 2594 0 113 0 0 0
cpu3 42318 0 5216 1574791 243 0 56 0 0 0
cpu4 40937 0 3740 1577084 824 0 44 0 0 0
cpu5 41743 0 3700 1577082 113 0 2 0 0 0
cpu6 41850 0 3548 1577076 128 0 2 0 0 0
cpu7 41168 0 3835 1577324 263 0 4 0 0 0
cpu8 41629 0 3910 1577083 173 0 25 0 0 0
cpu9 40873 0 3720 1577105 872 0 4 0 0 0
cpu10 41980 0 6057 1565498 8492 0 40 0 0 0
cpu11 46198 0 15437 1514433 43630 0 251 0 0 0
cpu12 48297 0 7437 1561098 4231 0 19 0 0 0
cpu13 43592 0 8438 1564154 6094 0 23 0 0 0
cpu14 43794 0 4542 1569250 4730 0 24 0 0 0
cpu15 41959 0 6619 1557917 15058 0 104 0 0 0
cpu16 41918 0 5681 1565977 8479 0 34 0 0 0
cpu17 41670 0 4429 1571558 4680 0 29 0 0 0
cpu18 42702 0 4980 1569725 4793 0 36 0 0 0
cpu19 43393 0 3974 1572961 2138 0 8 0 0 0
cpu20 41356 0 3868 1575094 2170 0 10 0 0 0
cpu21 42797 0 4182 1572462 2970 0 22 0 0 0
cpu22 43388 0 6202 1562883 8305 0 116 0 0 0
cpu23 43211 0 7220 1564023 7666 0 33 0 0 0
cpu24 41687 0 3417 1577525 1 0 1 0 0 0
cpu25 42141 0 3390 1576964 150 0 0 0 0 0
cpu26 42423 0 4208 1575995 4 0 0 0 0 0
cpu27 43253 0 3308 1576073 1 0 2 0 0 0
cpu28 43106 0 3251 1576275 1 0 0 0 0 0
cpu29 42351 0 3495 1576740 1 0 0 0 0 0
cpu30 41987 0 3495 1577152 0 0 0 0 0 0
cpu31 41626 0 3263 1577754 0 0 0 0 0 0
cpu32 40440 0 3331 1578873 0 0 0 0 0 0
cpu33 43299 0 3226 1576094 1 0 0 0 0 0
cpu34 41194 0 3039 1578404 0 0 0 0 0 0
cpu35 41606 0 3229 1577808 1 0 0 0 0 0
cpu36 41595 0 3207 1577831 6 0 1 0 0 0
cpu37 43362 0 3847 1575419 9 0 0 0 0 0
cpu38 42268 0 5054 1569675 5162 0 54 0 0 0
cpu39 42135 0 3022 1577470 8 0 0 0 0 0
cpu40 42124 0 3518 1576996 7 0 0 0 0 0
cpu41 42362 0 4490 1573452 2117 0 28 0 0 0
cpu42 43794 0 3124 1575710 3 0 0 0 0 0
cpu43 41265 0 3222 1578136 6 0 2 0 0 0
cpu44 42253 0 3338 1577044 4 0 0 0 0 0
cpu45 42488 0 3387 1576721 33 0 0 0 0 0
cpu46 42366 0 6136 1572834 1294 0 0 0 0 0
cpu47 41932 0 3847 1576734 6 0 1 0 0 0
intr 10121064 116 0 0 0 0 0 0 0 1 7 0 0 0 0 0 0 0 0 56 49 0 0 0 0 0 0 0 0 0 0 0 0 0 0 0 0 0 0 0 0 0 0 0 0 0 0 0 0 0 0 0 0 102281 0 0 0 0 0 0 0 0 0 1447 1148323 0 1 127124 19726 12008 29273 34175 21749 0 0 56063 23008 0 0 0 0 0 0 0 0 0 0 0 0 0 0 0 0 0 0 0 0 0 0 0 0 0 0 0 0 0 0 0 0 0 0 0 0 0 0 0 0 0 0 0 0 0 0 0 0 0 0 0 0 0 0 0 0 0 0 0 0 0 0 0 0 0 0 0 0 0 0 0 0 0 0 0 0 0 0 0 0 0 0 0 0 0 0 0 0 0 0 0 0 0 0 0 0 0 0 0 0 0 0 0 2 0 2 2 2 2 2 2 2 0 2 0 2 2 2 2 2 2 2 0 0 0 0 0 0 0 0 0 0 0 0 0 0 0 0 0 0 0 0 0 0 0 0 0 0 0 0 0 0 0 0 0 0 0 0 0 0 0 0 0 0 0 0 0 0 0 0 0 0 0 0 0 0 0 0 0 0 0 0 0 0 0 0 0 0 0 0 0 0 0 0 0 0 0 0 0 0 0 0 0 0 0 0 0 0 0 0 0 0 0 0 0 0 0 0 0 0 0 0 0 0 0 0 0 0 0 0 0 0 0 0 0 0 0 0 0 0 0 0 0 0 0 0 0 0 0 0 0 0 0 0 0 0 0 0 0 0 0 0 0 0 0 0 0 0 0 0 0 0 0 0 0 0 0 0 0 0 0 0 0 0 0 0 0 0 0 0 0 0 0 0 0 0 0 0 0 0 0 0 0 0 0 0 0 0 0 0 0 0 0 0 0 0 0 0 0 0 0 0 0 0 0 0 0 0 0 0 0 0 0 0 0 0 0 0 0 0 0 0 0 0 0 0 0 0 0 0 0 0 0 0 0 0 0 0 0 0 0 0 0 0 0 0 0 0 0 0 0 0 0 0 0 0 0 0 0 0 0 0 0 0 0 0 0 0 0 0 0 0 0 0 0 0 0 0 0 0 0 0 0 0 0 0 0 0 0 0 0 0 0 0 0 0 0 0 0 0 0 0 0 0 0 0 0 0 0 0 0 0 0 0 0 0 0 0 0 0 0 0 0 0 0 0 0 0 0 0 0 0 0 0 0 0 0 0 0 0 0 0 0 0 0 0 0 0 0 0 0 0 0 0 0 0 0 0 0 0 0 0 0 0 0 0 0 0 0 0 0 0 0 0 0 0 0 0 0 0 0 0 0 0 0 0 0 0 0 0 0 0 0 0 0 0 0 0 0 0 0 0 0 0 0 0 0 0 0 0 0 0 0 0 0 0 0 0 0 0 0 0 0 0 0 0 0 0 0 0 0 0 0 0 0 0 0 0 0 0 0 0 0 0 0 0 0 0 0 0 0 0 0 0 0 0 0 0 0 0 0 0 0 0 0 0 0 0 0 0 0 0 0 0 0 0 0 0 0 0 0 0 0 0 0 0 0 0 0 0 0 0 0 0 0 0 0 0 0 0 0 0 0 0 0 0 0 0 0 0 0 0 0 0 0 0 0 0 0 0 0 0 0 0 0 0 0 0 0 0 0 0 0 0 0 0 0 0 0 0 0 0 0 0 0 0 0 0 0 0 0 0 0 0 0 0 0 0 0 0 0 0 0 0 0 0 0 0 0 0 0 0 0 0 0 0 0 0 0 0 0 0 0 0 0 0 0 0 0 0 0 0 0 0 0 0 0 0 0 0 0 0 0 0 0 0 0 0 0 0 0 0 0 0 0 0 0 0 0 0 0 0 0 0 0 0 0 0 0 0 0 0 0 0 0 0 0 0 0 0 0 0 0 0 0 0 0 0 0 0 0 0 0 0 0 0 0 0 0 0 0 0 0 0 0 0 0 0 0 0 0 0 0 0 0 0 0 0 0 0 0 0 0 0 0 0 0 0 0 0 0 0 0 0 0 0 0 0 0 0 0 0 0 0 0 0 0 0 0 0 0 0 0 0 0 0 0 0 0 0 0 0 0 0 0 0 0 0 0 0 0 0 0 0 0 0 0 0 0 0 0 0 0 0 0 0 0 0 0 0 0 0 0 0 0 0 0 0 0 0 0 0 0 0 0 0 0 0 0 0 0 0 0 0 0 0 0 0 0 0 0 0 0 0 0 0 0 0 0 0 0 0 0 0 0 0 0 0 0 0 0 0 0 0 0 0 0 0 0 0 0 0 0 0 0 0 0 0 0 0 0 0 0 0 0 0 0 0 0 0 0 0 0 0 0 0 0 0 0 0 0 0 0 0 0 0 0 0 0 0 0 0 0 0 0 0 0 0 0 0 0 0 0 0 0 0 0 0 0 0 0 0 0 0 0 0 0 0 0 0 0 0 0 0 0 0 0 0 0 0 0 0 0 0 0 0 0 0 0 0 0 0 0 0 0 0 0 0 0 0 0 0 0 0 0 0 0 0 0 0 0 0 0 0 0 0 0 0 0 0 0 0 0 0 0 0 0 0 0 0 0 0 0 0 0 0 0 0 0 0 0 0 0 0 0 0 0 0 0 0 0 0 0 0 0 0 0 0 0 0 0 0 0 0 0 0 0 0 0 0 0 0 0 0 0 0 0 0 0 0 0 0 0 0 0 0 0 0 0 0 0 0 0 0 0 0 0 0 0 0 0 0 0 0 0 0 0 0 0 0 0 0 0 0 0 0 0 0 0 0 0 0 0 0 0 0 0 0 0 0 0 0 0 0 0 0 0 0 0 0 0 0 0 0 0 0 0 0 0 0 0 0 0 0 0 0 0 0 0 0 0 0 0 0 0 0 0 0 0 0 0 0 0 0 0 0 0 0 0 0 0 0 0 0 0 0 0 0 0 0 0 0 0 0 0 0 0 0 0 0 0 0 0 0 0 0 0 0 0 0 0 0 0 0 0 0 0 0 0 0 0 0 0 0 0 0 0 0 0 0 0 0 0 0 0 0 0 0 0 0 0 0 0 0 0 0 0 0 0 0 0 0 0 0 0 0 0 0 0 0 0 0 0 0 0 0 0 0 0 0 0 0 0 0 0 0 0 0 0 0 0 0 0 0 0 0 0 0 0 0 0 0 0 0 0 0 0 0 0 0 0 0 0 0 0 0 0 0 0 0 0 0 0 0 0 0 0 0 0 0 0 0 0 0 0 0 0 0 0 0 0 0 0 0 0 0 0 0 0 0 0 0 0 0 0 0 0 0 0 0 0 0 0 0 0 0 0 0 0 0 0 0 0 0 0 0 0 0 0 0 0 0 0 0 0 0 0 0 0 0 0 0 0 0 0 0 0 0 0 0 0 0 0 0 0 0 0 0 0 0 0 0 0 0 0 0 0 0 0 0 0 0 0 0 0 0 0 0 0 0 0 0 0 0 0 0 0 0 0 0 0 0 0 0 0 0 0 0 0 0 0 0 0 0 0 0 0 0 0 0 0 0 0 0 0 0 0 0 0 0 0 0 0 0 0 0 0 0 0 0 0 0 0 0 0 0 0 0 0 0 0 0 0 0 0 0 0 0 0 0 0 0 0 0 0 0 0 0 0 0 0 0 0 0 0 0 0 0 0 0 0 0 0 0 0 0 0 0
ctxt 14432747
btime 1494099034
processes 61805
procs_running 35
procs_blocked 0
softirq 16092208 5 6905407 3279 322881 1249346 0 2192 1610352 0 5998746
======================
cpu  2052940 0 254354 75375251 210059 0 1961 0 0 0
cpu0 53170 0 23376 1490313 52235 0 528 0 0 0
cpu1 44993 0 11432 1544840 20344 0 328 0 0 0
cpu2 42540 0 5309 1572499 2594 0 113 0 0 0
cpu3 42384 0 5538 1574898 243 0 56 0 0 0
cpu4 41001 0 4040 1577214 824 0 44 0 0 0
cpu5 41806 0 3979 1577232 113 0 2 0 0 0
cpu6 41910 0 3855 1577203 128 0 2 0 0 0
cpu7 41233 0 4116 1577473 263 0 4 0 0 0
cpu8 41691 0 4207 1577222 173 0 25 0 0 0
cpu9 40933 0 3992 1577269 872 0 4 0 0 0
cpu10 42038 0 6334 1565660 8492 0 40 0 0 0
cpu11 46258 0 15714 1514595 43630 0 251 0 0 0
cpu12 48368 0 7751 1561207 4231 0 19 0 0 0
cpu13 43656 0 8774 1564244 6094 0 23 0 0 0
cpu14 43860 0 4858 1569364 4730 0 24 0 0 0
cpu15 42016 0 6898 1558074 15058 0 104 0 0 0
cpu16 41976 0 5961 1566133 8479 0 34 0 0 0
cpu17 41725 0 4691 1571736 4680 0 29 0 0 0
cpu18 42740 0 5122 1570042 4793 0 36 0 0 0
cpu19 43444 0 4189 1573192 2138 0 8 0 0 0
cpu20 41405 0 4066 1575346 2170 0 10 0 0 0
cpu21 42852 0 4394 1572695 2970 0 22 0 0 0
cpu22 43458 0 6542 1562970 8305 0 116 0 0 0
cpu23 43284 0 7554 1564110 7666 0 33 0 0 0
cpu24 41743 0 3673 1577711 1 0 1 0 0 0
cpu25 42198 0 3641 1577150 150 0 0 0 0 0
cpu26 42485 0 4502 1576135 4 0 0 0 0 0
cpu27 43308 0 3559 1576259 1 0 2 0 0 0
cpu28 43160 0 3489 1576482 1 0 0 0 0 0
cpu29 42406 0 3731 1576946 1 0 0 0 0 0
cpu30 42038 0 3754 1577339 0 0 0 0 0 0
cpu31 41683 0 3519 1577939 0 0 0 0 0 0
cpu32 40495 0 3568 1579080 0 0 0 0 0 0
cpu33 43350 0 3465 1576300 1 0 0 0 0 0
cpu34 41260 0 3329 1578544 0 0 0 0 0 0
cpu35 41670 0 3521 1577948 1 0 0 0 0 0
cpu36 41634 0 3346 1578153 6 0 1 0 0 0
cpu37 43397 0 3986 1575742 9 0 0 0 0 0
cpu38 42304 0 5196 1569998 5162 0 54 0 0 0
cpu39 42169 0 3187 1577772 8 0 0 0 0 0
cpu40 42165 0 3652 1577319 7 0 0 0 0 0
cpu41 42394 0 4616 1573793 2117 0 28 0 0 0
cpu42 43830 0 3264 1576031 3 0 0 0 0 0
cpu43 41300 0 3368 1578456 6 0 2 0 0 0
cpu44 42293 0 3498 1577345 4 0 0 0 0 0
cpu45 42527 0 3524 1577043 33 0 0 0 0 0
cpu46 42400 0 6276 1573158 1294 0 0 0 0 0
cpu47 41972 0 3979 1577059 6 0 1 0 0 0
intr 10198340 116 0 0 0 0 0 0 0 1 7 0 0 0 0 0 0 0 0 56 49 0 0 0 0 0 0 0 0 0 0 0 0 0 0 0 0 0 0 0 0 0 0 0 0 0 0 0 0 0 0 0 0 102402 0 0 0 0 0 0 0 0 0 1447 1148326 0 1 127151 19729 12011 29276 34178 21752 0 0 56066 23011 0 0 0 0 0 0 0 0 0 0 0 0 0 0 0 0 0 0 0 0 0 0 0 0 0 0 0 0 0 0 0 0 0 0 0 0 0 0 0 0 0 0 0 0 0 0 0 0 0 0 0 0 0 0 0 0 0 0 0 0 0 0 0 0 0 0 0 0 0 0 0 0 0 0 0 0 0 0 0 0 0 0 0 0 0 0 0 0 0 0 0 0 0 0 0 0 0 0 0 0 0 0 0 2 0 2 2 2 2 2 2 2 0 2 0 2 2 2 2 2 2 2 0 0 0 0 0 0 0 0 0 0 0 0 0 0 0 0 0 0 0 0 0 0 0 0 0 0 0 0 0 0 0 0 0 0 0 0 0 0 0 0 0 0 0 0 0 0 0 0 0 0 0 0 0 0 0 0 0 0 0 0 0 0 0 0 0 0 0 0 0 0 0 0 0 0 0 0 0 0 0 0 0 0 0 0 0 0 0 0 0 0 0 0 0 0 0 0 0 0 0 0 0 0 0 0 0 0 0 0 0 0 0 0 0 0 0 0 0 0 0 0 0 0 0 0 0 0 0 0 0 0 0 0 0 0 0 0 0 0 0 0 0 0 0 0 0 0 0 0 0 0 0 0 0 0 0 0 0 0 0 0 0 0 0 0 0 0 0 0 0 0 0 0 0 0 0 0 0 0 0 0 0 0 0 0 0 0 0 0 0 0 0 0 0 0 0 0 0 0 0 0 0 0 0 0 0 0 0 0 0 0 0 0 0 0 0 0 0 0 0 0 0 0 0 0 0 0 0 0 0 0 0 0 0 0 0 0 0 0 0 0 0 0 0 0 0 0 0 0 0 0 0 0 0 0 0 0 0 0 0 0 0 0 0 0 0 0 0 0 0 0 0 0 0 0 0 0 0 0 0 0 0 0 0 0 0 0 0 0 0 0 0 0 0 0 0 0 0 0 0 0 0 0 0 0 0 0 0 0 0 0 0 0 0 0 0 0 0 0 0 0 0 0 0 0 0 0 0 0 0 0 0 0 0 0 0 0 0 0 0 0 0 0 0 0 0 0 0 0 0 0 0 0 0 0 0 0 0 0 0 0 0 0 0 0 0 0 0 0 0 0 0 0 0 0 0 0 0 0 0 0 0 0 0 0 0 0 0 0 0 0 0 0 0 0 0 0 0 0 0 0 0 0 0 0 0 0 0 0 0 0 0 0 0 0 0 0 0 0 0 0 0 0 0 0 0 0 0 0 0 0 0 0 0 0 0 0 0 0 0 0 0 0 0 0 0 0 0 0 0 0 0 0 0 0 0 0 0 0 0 0 0 0 0 0 0 0 0 0 0 0 0 0 0 0 0 0 0 0 0 0 0 0 0 0 0 0 0 0 0 0 0 0 0 0 0 0 0 0 0 0 0 0 0 0 0 0 0 0 0 0 0 0 0 0 0 0 0 0 0 0 0 0 0 0 0 0 0 0 0 0 0 0 0 0 0 0 0 0 0 0 0 0 0 0 0 0 0 0 0 0 0 0 0 0 0 0 0 0 0 0 0 0 0 0 0 0 0 0 0 0 0 0 0 0 0 0 0 0 0 0 0 0 0 0 0 0 0 0 0 0 0 0 0 0 0 0 0 0 0 0 0 0 0 0 0 0 0 0 0 0 0 0 0 0 0 0 0 0 0 0 0 0 0 0 0 0 0 0 0 0 0 0 0 0 0 0 0 0 0 0 0 0 0 0 0 0 0 0 0 0 0 0 0 0 0 0 0 0 0 0 0 0 0 0 0 0 0 0 0 0 0 0 0 0 0 0 0 0 0 0 0 0 0 0 0 0 0 0 0 0 0 0 0 0 0 0 0 0 0 0 0 0 0 0 0 0 0 0 0 0 0 0 0 0 0 0 0 0 0 0 0 0 0 0 0 0 0 0 0 0 0 0 0 0 0 0 0 0 0 0 0 0 0 0 0 0 0 0 0 0 0 0 0 0 0 0 0 0 0 0 0 0 0 0 0 0 0 0 0 0 0 0 0 0 0 0 0 0 0 0 0 0 0 0 0 0 0 0 0 0 0 0 0 0 0 0 0 0 0 0 0 0 0 0 0 0 0 0 0 0 0 0 0 0 0 0 0 0 0 0 0 0 0 0 0 0 0 0 0 0 0 0 0 0 0 0 0 0 0 0 0 0 0 0 0 0 0 0 0 0 0 0 0 0 0 0 0 0 0 0 0 0 0 0 0 0 0 0 0 0 0 0 0 0 0 0 0 0 0 0 0 0 0 0 0 0 0 0 0 0 0 0 0 0 0 0 0 0 0 0 0 0 0 0 0 0 0 0 0 0 0 0 0 0 0 0 0 0 0 0 0 0 0 0 0 0 0 0 0 0 0 0 0 0 0 0 0 0 0 0 0 0 0 0 0 0 0 0 0 0 0 0 0 0 0 0 0 0 0 0 0 0 0 0 0 0 0 0 0 0 0 0 0 0 0 0 0 0 0 0 0 0 0 0 0 0 0 0 0 0 0 0 0 0 0 0 0 0 0 0 0 0 0 0 0 0 0 0 0 0 0 0 0 0 0 0 0 0 0 0 0 0 0 0 0 0 0 0 0 0 0 0 0 0 0 0 0 0 0 0 0 0 0 0 0 0 0 0 0 0 0 0 0 0 0 0 0 0 0 0 0 0 0 0 0 0 0 0 0 0 0 0 0 0 0 0 0 0 0 0 0 0 0 0 0 0 0 0 0 0 0 0 0 0 0 0 0 0 0 0 0 0 0 0 0 0 0 0 0 0 0 0 0 0 0 0 0 0 0 0 0 0 0 0 0 0 0 0 0 0 0 0 0 0 0 0 0 0 0 0 0 0 0 0 0 0 0 0 0 0 0 0 0 0 0 0 0 0 0 0 0 0 0 0 0 0 0 0 0 0 0 0 0 0 0 0 0 0 0 0 0 0 0 0 0 0 0 0 0 0 0 0 0 0 0 0 0 0 0 0 0 0 0 0 0 0 0 0 0 0 0 0 0 0 0 0 0 0 0 0 0 0 0 0 0 0 0 0 0 0 0 0 0 0 0 0 0 0 0 0 0 0 0 0 0 0 0 0 0 0 0 0 0 0 0 0 0 0 0 0 0 0 0 0 0 0 0 0 0 0 0 0 0 0 0 0 0 0 0 0 0 0 0 0 0 0 0 0 0 0 0 0 0 0 0 0 0 0 0 0 0 0 0 0 0 0 0 0 0 0 0 0 0 0 0 0 0 0 0 0 0 0 0 0 0 0 0 0 0 0 0 0 0 0 0 0 0 0 0 0 0 0 0 0 0 0 0 0 0 0 0 0 0 0 0 0 0 0 0 0 0 0 0 0 0 0 0 0 0 0 0 0 0 0 0 0 0 0 0 0 0 0 0 0 0 0 0 0 0 0 0 0 0 0 0 0 0 0 0 0 0 0 0 0 0 0 0 0 0 0 0 0 0 0 0 0 0 0 0 0 0 0 0 0 0 0
ctxt 15982018
btime 1494099034
processes 61814
procs_running 31
procs_blocked 0
softirq 16176444 5 6941375 3280 322929 1249470 0 2192 1646519 0 6010674
======================
cpu  2053749 0 257465 75395310 210059 0 1961 0 0 0
cpu0 53196 0 23458 1490704 52235 0 529 0 0 0
cpu1 45017 0 11518 1545230 20344 0 328 0 0 0
cpu2 42562 0 5399 1572888 2594 0 113 0 0 0
cpu3 42408 0 5620 1575291 243 0 56 0 0 0
cpu4 41028 0 4128 1577600 824 0 44 0 0 0
cpu5 41828 0 4061 1577624 113 0 2 0 0 0
cpu6 41932 0 3939 1577596 128 0 2 0 0 0
cpu7 41256 0 4200 1577866 263 0 4 0 0 0
cpu8 41710 0 4294 1577616 173 0 25 0 0 0
cpu9 40955 0 4076 1577662 872 0 4 0 0 0
cpu10 42058 0 6420 1566053 8492 0 40 0 0 0
cpu11 46280 0 15798 1514988 43630 0 251 0 0 0
cpu12 48389 0 7828 1561608 4231 0 19 0 0 0
cpu13 43679 0 8883 1564610 6094 0 23 0 0 0
cpu14 43888 0 4962 1569732 4730 0 24 0 0 0
cpu15 42037 0 6962 1558488 15058 0 104 0 0 0
cpu16 42000 0 6063 1566504 8479 0 34 0 0 0
cpu17 41738 0 4748 1572166 4680 0 29 0 0 0
cpu18 42753 0 5168 1570482 4793 0 36 0 0 0
cpu19 43450 0 4216 1573659 2138 0 8 0 0 0
cpu20 41413 0 4094 1575810 2170 0 10 0 0 0
cpu21 42858 0 4421 1573161 2970 0 22 0 0 0
cpu22 43473 0 6604 1563393 8305 0 116 0 0 0
cpu23 43307 0 7658 1564481 7666 0 33 0 0 0
cpu24 41764 0 3758 1578104 1 0 1 0 0 0
cpu25 42222 0 3722 1577543 150 0 0 0 0 0
cpu26 42508 0 4586 1576528 4 0 0 0 0 0
cpu27 43329 0 3645 1576652 1 0 2 0 0 0
cpu28 43181 0 3574 1576874 1 0 0 0 0 0
cpu29 42426 0 3818 1577339 1 0 0 0 0 0
cpu30 42061 0 3839 1577732 0 0 0 0 0 0
cpu31 41706 0 3605 1578332 0 0 0 0 0 0
cpu32 40519 0 3653 1579472 0 0 0 0 0 0
cpu33 43374 0 3546 1576692 1 0 0 0 0 0
cpu34 41281 0 3416 1578938 0 0 0 0 0 0
cpu35 41691 0 3608 1578341 1 0 0 0 0 0
cpu36 41638 0 3366 1578628 6 0 1 0 0 0
cpu37 43400 0 4002 1576222 9 0 0 0 0 0
cpu38 42310 0 5218 1570468 5162 0 54 0 0 0
cpu39 42176 0 3211 1578242 8 0 0 0 0 0
cpu40 42171 0 3673 1577792 7 0 0 0 0 0
cpu41 42400 0 4638 1574266 2117 0 28 0 0 0
cpu42 43833 0 3281 1576511 3 0 0 0 0 0
cpu43 41307 0 3394 1578924 6 0 2 0 0 0
cpu44 42302 0 3522 1577811 4 0 0 0 0 0
cpu45 42533 0 3546 1577516 33 0 0 0 0 0
cpu46 42407 0 6299 1573629 1294 0 0 0 0 0
cpu47 41978 0 4008 1577525 6 0 1 0 0 0
intr 10222258 116 0 0 0 0 0 0 0 1 7 0 0 0 0 0 0 0 0 56 49 0 0 0 0 0 0 0 0 0 0 0 0 0 0 0 0 0 0 0 0 0 0 0 0 0 0 0 0 0 0 0 0 102406 0 0 0 0 0 0 0 0 0 1447 1148329 0 1 127174 19731 12013 29278 34180 21754 0 0 56068 23013 0 0 0 0 0 0 0 0 0 0 0 0 0 0 0 0 0 0 0 0 0 0 0 0 0 0 0 0 0 0 0 0 0 0 0 0 0 0 0 0 0 0 0 0 0 0 0 0 0 0 0 0 0 0 0 0 0 0 0 0 0 0 0 0 0 0 0 0 0 0 0 0 0 0 0 0 0 0 0 0 0 0 0 0 0 0 0 0 0 0 0 0 0 0 0 0 0 0 0 0 0 0 0 2 0 2 2 2 2 2 2 2 0 2 0 2 2 2 2 2 2 2 0 0 0 0 0 0 0 0 0 0 0 0 0 0 0 0 0 0 0 0 0 0 0 0 0 0 0 0 0 0 0 0 0 0 0 0 0 0 0 0 0 0 0 0 0 0 0 0 0 0 0 0 0 0 0 0 0 0 0 0 0 0 0 0 0 0 0 0 0 0 0 0 0 0 0 0 0 0 0 0 0 0 0 0 0 0 0 0 0 0 0 0 0 0 0 0 0 0 0 0 0 0 0 0 0 0 0 0 0 0 0 0 0 0 0 0 0 0 0 0 0 0 0 0 0 0 0 0 0 0 0 0 0 0 0 0 0 0 0 0 0 0 0 0 0 0 0 0 0 0 0 0 0 0 0 0 0 0 0 0 0 0 0 0 0 0 0 0 0 0 0 0 0 0 0 0 0 0 0 0 0 0 0 0 0 0 0 0 0 0 0 0 0 0 0 0 0 0 0 0 0 0 0 0 0 0 0 0 0 0 0 0 0 0 0 0 0 0 0 0 0 0 0 0 0 0 0 0 0 0 0 0 0 0 0 0 0 0 0 0 0 0 0 0 0 0 0 0 0 0 0 0 0 0 0 0 0 0 0 0 0 0 0 0 0 0 0 0 0 0 0 0 0 0 0 0 0 0 0 0 0 0 0 0 0 0 0 0 0 0 0 0 0 0 0 0 0 0 0 0 0 0 0 0 0 0 0 0 0 0 0 0 0 0 0 0 0 0 0 0 0 0 0 0 0 0 0 0 0 0 0 0 0 0 0 0 0 0 0 0 0 0 0 0 0 0 0 0 0 0 0 0 0 0 0 0 0 0 0 0 0 0 0 0 0 0 0 0 0 0 0 0 0 0 0 0 0 0 0 0 0 0 0 0 0 0 0 0 0 0 0 0 0 0 0 0 0 0 0 0 0 0 0 0 0 0 0 0 0 0 0 0 0 0 0 0 0 0 0 0 0 0 0 0 0 0 0 0 0 0 0 0 0 0 0 0 0 0 0 0 0 0 0 0 0 0 0 0 0 0 0 0 0 0 0 0 0 0 0 0 0 0 0 0 0 0 0 0 0 0 0 0 0 0 0 0 0 0 0 0 0 0 0 0 0 0 0 0 0 0 0 0 0 0 0 0 0 0 0 0 0 0 0 0 0 0 0 0 0 0 0 0 0 0 0 0 0 0 0 0 0 0 0 0 0 0 0 0 0 0 0 0 0 0 0 0 0 0 0 0 0 0 0 0 0 0 0 0 0 0 0 0 0 0 0 0 0 0 0 0 0 0 0 0 0 0 0 0 0 0 0 0 0 0 0 0 0 0 0 0 0 0 0 0 0 0 0 0 0 0 0 0 0 0 0 0 0 0 0 0 0 0 0 0 0 0 0 0 0 0 0 0 0 0 0 0 0 0 0 0 0 0 0 0 0 0 0 0 0 0 0 0 0 0 0 0 0 0 0 0 0 0 0 0 0 0 0 0 0 0 0 0 0 0 0 0 0 0 0 0 0 0 0 0 0 0 0 0 0 0 0 0 0 0 0 0 0 0 0 0 0 0 0 0 0 0 0 0 0 0 0 0 0 0 0 0 0 0 0 0 0 0 0 0 0 0 0 0 0 0 0 0 0 0 0 0 0 0 0 0 0 0 0 0 0 0 0 0 0 0 0 0 0 0 0 0 0 0 0 0 0 0 0 0 0 0 0 0 0 0 0 0 0 0 0 0 0 0 0 0 0 0 0 0 0 0 0 0 0 0 0 0 0 0 0 0 0 0 0 0 0 0 0 0 0 0 0 0 0 0 0 0 0 0 0 0 0 0 0 0 0 0 0 0 0 0 0 0 0 0 0 0 0 0 0 0 0 0 0 0 0 0 0 0 0 0 0 0 0 0 0 0 0 0 0 0 0 0 0 0 0 0 0 0 0 0 0 0 0 0 0 0 0 0 0 0 0 0 0 0 0 0 0 0 0 0 0 0 0 0 0 0 0 0 0 0 0 0 0 0 0 0 0 0 0 0 0 0 0 0 0 0 0 0 0 0 0 0 0 0 0 0 0 0 0 0 0 0 0 0 0 0 0 0 0 0 0 0 0 0 0 0 0 0 0 0 0 0 0 0 0 0 0 0 0 0 0 0 0 0 0 0 0 0 0 0 0 0 0 0 0 0 0 0 0 0 0 0 0 0 0 0 0 0 0 0 0 0 0 0 0 0 0 0 0 0 0 0 0 0 0 0 0 0 0 0 0 0 0 0 0 0 0 0 0 0 0 0 0 0 0 0 0 0 0 0 0 0 0 0 0 0 0 0 0 0 0 0 0 0 0 0 0 0 0 0 0 0 0 0 0 0 0 0 0 0 0 0 0 0 0 0 0 0 0 0 0 0 0 0 0 0 0 0 0 0 0 0 0 0 0 0 0 0 0 0 0 0 0 0 0 0 0 0 0 0 0 0 0 0 0 0 0 0 0 0 0 0 0 0 0 0 0 0 0 0 0 0 0 0 0 0 0 0 0 0 0 0 0 0 0 0 0 0 0 0 0 0 0 0 0 0 0 0 0 0 0 0 0 0 0 0 0 0 0 0 0 0 0 0 0 0 0 0 0 0 0 0 0 0 0 0 0 0 0 0 0 0 0 0 0 0 0 0 0 0 0 0 0 0 0 0 0 0 0 0 0 0 0 0 0 0 0 0 0 0 0 0 0 0 0 0 0 0 0 0 0 0 0 0 0 0 0 0 0 0 0 0 0 0 0 0 0 0 0 0 0 0 0 0 0 0 0 0 0 0 0 0 0 0 0 0 0 0 0 0 0 0 0 0 0 0 0 0 0 0 0 0 0 0 0 0 0 0 0 0 0 0 0 0 0 0 0 0 0 0 0 0 0 0 0 0 0 0 0 0 0 0 0 0 0 0 0 0 0 0 0 0 0 0 0 0 0 0 0 0 0 0 0 0 0 0 0 0 0 0 0 0 0 0 0 0 0 0 0 0 0 0 0 0 0 0 0 0 0 0 0 0 0 0 0 0 0 0 0 0 0 0 0 0 0 0 0 0 0 0 0 0 0 0 0 0 0 0 0 0 0 0 0 0 0 0 0 0 0 0 0 0 0 0 0 0 0 0 0 0 0 0 0 0 0 0 0 0 0 0 0 0 0 0 0 0 0 0 0 0 0 0 0 0 0 0 0 0 0 0 0 0 0 0 0 0 0 0 0 0 0 0 0 0 0 0 0 0 0 0
ctxt 16441615
btime 1494099034
processes 61824
procs_running 1
procs_blocked 1
softirq 16203101 5 6952056 3281 322966 1249477 0 2192 1657216 0 6015908
