======================
   8      33 sdc1 110789834 970374 5548957092 147995274 104051445 123255607 68556300848 2092026365 0 46666973 2239957653
======================
   8      33 sdc1 110789851 970374 5548957228 147998813 104052051 123256997 68558597296 2092367029 25 46671295 2240306906
======================
   8      33 sdc1 110789862 970374 5548957316 148003448 104052218 123258960 68561254456 2092424199 13 46676297 2240365204
======================
   8      33 sdc1 110789872 970374 5548957396 148007345 104052374 123260881 68563878840 2092490713 11 46681244 2240439221
======================
   8      33 sdc1 110789883 970374 5548957484 148011443 104052529 123262829 68566505664 2092554631 10 46686186 2240505267
======================
   8      33 sdc1 110789894 970374 5548957572 148015780 104052679 123264768 68569128576 2092600538 9 46691143 2240554332
======================
   8      33 sdc1 110789905 970374 5548957660 148019781 104052826 123266721 68571713352 2092671032 11 46696053 2240627607
======================
   8      33 sdc1 110789915 970374 5548957740 148024132 104052976 123268673 68574373320 2092737419 10 46701053 2240701925
======================
   8      33 sdc1 110789926 970374 5548957828 148028340 104053142 123270674 68576981824 2092798238 9 46705949 2240765217
======================
   8      33 sdc1 110789936 970374 5548957908 148032702 104053291 123272624 68579582712 2092841499 10 46710841 2240812217
======================
   8      33 sdc1 110789948 970374 5548958004 148036741 104053437 123274615 68582159432 2092914410 16 46715689 2240892648
======================
   8      33 sdc1 110789958 970374 5548958084 148040614 104053597 123276512 68584743944 2092993378 20 46720540 2240977543
======================
   8      33 sdc1 110789968 970374 5548958164 148044378 104054268 123277828 68587405256 2093307587 121 46725542 2241316359
======================
   8      33 sdc1 110789979 970374 5548958252 148046974 104054806 123279561 68590053064 2093758537 21 46730545 2241748029
======================
   8      33 sdc1 110789990 970374 5548958340 148051776 104055061 123281410 68592692456 2093833586 15 46735547 2241824715
======================
   8      33 sdc1 110790000 970374 5548958420 148055516 104055301 123283277 68595348400 2093909433 11 46740549 2241906464
======================
   8      33 sdc1 110790011 970374 5548958508 148060239 104055560 123284934 68597752680 2093992945 12 46745058 2241993632
======================
   8      33 sdc1 110790021 970374 5548958588 148064225 104055833 123286538 68600173616 2094078306 2 46749627 2242079257
======================
   8      33 sdc1 110790031 970374 5548958668 148068488 104056119 123288537 68602815600 2094160433 27 46754629 2242171131
======================
   8      33 sdc1 110790042 970374 5548958756 148072659 104056401 123290350 68605403056 2094260638 33 46759498 2242273872
======================
   8      33 sdc1 110790052 970374 5548958836 148076682 104056698 123292028 68607972040 2094357290 10 46764338 2242373256
======================
   8      33 sdc1 110790063 970374 5548958924 148081165 104057028 123293970 68610521224 2094454372 47 46769135 2242476887
======================
   8      33 sdc1 110790073 970374 5548959004 148085287 104057315 123295601 68613100360 2094543956 24 46773995 2242567951
======================
   8      33 sdc1 110790084 970374 5548959092 148089868 104057613 123297397 68615768264 2094635146 15 46778997 2242665441
======================
   8      33 sdc1 110790095 970374 5548959180 148092628 104058508 123298700 68618418568 2095010456 86 46783980 2243065704
======================
   8      33 sdc1 110790106 970374 5548959268 148096670 104059002 123300293 68621089704 2095307764 8 46788983 2243344637
======================
   8      33 sdc1 110790117 970374 5548959356 148101186 104059310 123302088 68623746736 2095419584 6 46793985 2243458242
======================
   8      33 sdc1 110790126 970374 5548959428 148105071 104059607 123303851 68626224880 2095513460 20 46798636 2243561239
======================
   8      33 sdc1 110790137 970374 5548959516 148109391 104059916 123305632 68628745456 2095627388 31 46803372 2243676494
======================
   8      33 sdc1 110790147 970374 5548959596 148113140 104060251 123307214 68631313840 2095722246 7 46808208 2243774889
======================
   8      33 sdc1 110790157 970374 5548959676 148117514 104060564 123308994 68633875248 2095804182 15 46813069 2243862073
======================
   8      33 sdc1 110790168 970374 5548959764 148122053 104060885 123310760 68636526896 2095895489 8 46818071 2243957440
======================
   8      33 sdc1 110790180 970374 5548959860 148126655 104061243 123312759 68639188448 2096025254 43 46823071 2244094240
======================
   8      33 sdc1 110790190 970374 5548959940 148130720 104061632 123314474 68641870184 2096161250 27 46828073 2244232195
======================
   8      33 sdc1 110790200 970374 5548960020 148134422 104061947 123316070 68644388072 2096256304 9 46832811 2244330547
======================
   8      33 sdc1 110790211 970374 5548960108 148138738 104062271 123317829 68646960496 2096346008 15 46837632 2244425397
======================
   8      33 sdc1 110790222 970374 5548960196 148141558 104063239 123319151 68649622904 2096760130 90 46842635 2244888494
======================
   8      33 sdc1 110790233 970374 5548960284 148145720 104063682 123320878 68652295512 2097084703 35 46847637 2245169340
======================
   8      33 sdc1 110790244 970374 5548960372 148150470 104064025 123322621 68654933456 2097172908 28 46852638 2245260671
======================
   8      33 sdc1 110790254 970374 5548960452 148154576 104064358 123324403 68657561744 2097271292 34 46857563 2245367662
======================
   8      33 sdc1 110790265 970374 5548960540 148158763 104064719 123326150 68660224536 2097401328 28 46862565 2245501340
======================
   8      33 sdc1 110790275 970374 5548960620 148162827 104065050 123327723 68662663064 2097504196 17 46867161 2245609815
======================
   8      33 sdc1 110790285 970374 5548960700 148167129 104065408 123329459 68665251864 2097619955 23 46871993 2245730332
======================
   8      33 sdc1 110790296 970374 5548960788 148171845 104065737 123331104 68667843480 2097737959 0 46876850 2245845731
======================
   8      33 sdc1 110790307 970374 5548960876 148176330 104066097 123332926 68670391880 2097836075 18 46881655 2245948429
======================
   8      33 sdc1 110790317 970374 5548960956 148180314 104066482 123334743 68672951944 2097964750 42 46886479 2246091732
======================
   8      33 sdc1 110790327 970374 5548961036 148184295 104066816 123336324 68675454792 2098083705 25 46891187 2246213621
======================
   8      33 sdc1 110790338 970374 5548961124 148188944 104067173 123337956 68677994440 2098200691 14 46895959 2246325612
======================
   8      33 sdc1 110790349 970374 5548961212 148191368 104068196 123339321 68680657120 2098660832 90 46900962 2246822123
======================
started
   8      33 sdc1 110790473 970374 5548962198 148193835 104068459 123339992 68682140416 2098854817 0 46903775 2246984565
======================
   8      33 sdc1 110799131 970374 5551177158 148322637 104068459 123339992 68682140416 2098854817 32 46907829 2247113602
======================
   8      33 sdc1 110809980 970374 5553954502 148482216 104068461 123339994 68682140448 2098854866 32 46912831 2247273228
======================
   8      33 sdc1 110820841 970374 5556734918 148641786 104068461 123339994 68682140448 2098854866 31 46917832 2247432763
======================
   8      33 sdc1 110831704 970374 5559515846 148801348 104068461 123339994 68682140448 2098854866 32 46922835 2247592352
======================
   8      33 sdc1 110842567 970374 5562296774 148960929 104068461 123339994 68682140448 2098854866 32 46927837 2247751924
======================
   8      33 sdc1 110853429 970374 5565077446 149120481 104068463 123339994 68682140464 2098854894 32 46932838 2247911472
======================
   8      33 sdc1 110864290 970374 5567857862 149280011 104068463 123339994 68682140464 2098854894 32 46937840 2248071018
======================
   8      33 sdc1 110875153 970374 5570638790 149439575 104068463 123339994 68682140464 2098854894 32 46942842 2248230572
======================
   8      33 sdc1 110886013 970374 5573419206 149599098 104068463 123339994 68682140464 2098854894 32 46947844 2248390090
======================
   8      33 sdc1 110896874 970374 5576199878 149758626 104068463 123339994 68682140464 2098854894 31 46952845 2248549591
======================
   8      33 sdc1 110907735 970374 5578980294 149918147 104068463 123339994 68682140464 2098854894 32 46957847 2248709134
======================
   8      33 sdc1 110918598 970374 5581760974 150077634 104068463 123339994 68682140464 2098854894 32 46962848 2248868591
======================
   8      33 sdc1 110929657 970374 5584592078 150240031 104068463 123339994 68682140464 2098854894 32 46967941 2249031003
======================
   8      33 sdc1 110940521 970374 5587373142 150399563 104068463 123339994 68682140464 2098854894 32 46972944 2249190552
======================
   8      33 sdc1 110951382 970374 5590153558 150559054 104068463 123339994 68682140464 2098854894 32 46977945 2249350029
======================
   8      33 sdc1 110962244 970374 5592934230 150718585 104068463 123339994 68682140464 2098854894 32 46982946 2249509529
======================
   8      33 sdc1 110973106 970374 5595714902 150878080 104068463 123339994 68682140464 2098854894 32 46987948 2249669029
======================
   8      33 sdc1 110983968 970374 5598495470 151037594 104068463 123339994 68682140464 2098854894 32 46992949 2249828521
======================
   8      33 sdc1 110994832 970374 5601276430 151197112 104068463 123339994 68682140464 2098854894 32 46997952 2249988059
======================
   8      33 sdc1 111005697 970374 5604057310 151356630 104068463 123339994 68682140464 2098854894 32 47002954 2250147570
======================
   8      33 sdc1 111016562 970374 5606838750 151516201 104068463 123339994 68682140464 2098854894 31 47007956 2250307099
======================
   8      33 sdc1 111027422 970374 5609619166 151675680 104068463 123339994 68682140464 2098854894 32 47012958 2250466598
======================
   8      33 sdc1 111038284 970374 5612399838 151835177 104068463 123339994 68682140464 2098854894 32 47017960 2250626095
======================
   8      33 sdc1 111049147 970374 5615180766 151994721 104068463 123339994 68682140464 2098854894 32 47022962 2250785627
======================
   8      33 sdc1 111060007 970374 5617960926 152154199 104068463 123339994 68682140464 2098854894 32 47027963 2250945082
======================
   8      33 sdc1 111070869 970374 5620741414 152313701 104068463 123339994 68682140464 2098854894 32 47032965 2251104597
======================
   8      33 sdc1 111081731 970374 5623521982 152473228 104068463 123339994 68682140464 2098854894 32 47037966 2251264100
======================
   8      33 sdc1 111092595 970374 5626302798 152632740 104068463 123339994 68682140464 2098854894 32 47042968 2251423607
======================
   8      33 sdc1 111103459 970374 5629083710 152792259 104068463 123339994 68682140464 2098854894 32 47047970 2251583115
======================
   8      33 sdc1 111114320 970374 5631864126 152951769 104068463 123339994 68682140464 2098854894 32 47052971 2251742614
======================
   8      33 sdc1 111125187 970374 5634645142 153111317 104068463 123339994 68682140464 2098854894 31 47057973 2251902144
======================
   8      33 sdc1 111136049 970374 5637425310 153270792 104068463 123339994 68682140464 2098854894 32 47062975 2252061654
======================
   8      33 sdc1 111146912 970374 5640205958 153430303 104068463 123339994 68682140464 2098854894 32 47067976 2252221141
======================
   8      33 sdc1 111157775 970374 5642986886 153589840 104068463 123339994 68682140464 2098854894 31 47072978 2252380662
======================
   8      33 sdc1 111168638 970374 5645767510 153749354 104068463 123339994 68682140464 2098854894 31 47077980 2252540183
======================
   8      33 sdc1 111176328 970374 5647735910 153849061 104068463 123339994 68682140464 2098854894 0 47081528 2252639646
