======================
   8      33 sdc1 114954886 194964 5885113136 155731221 155397520 257763549 77315593208 2657318809 0 80010041 2813867350
======================
   8      33 sdc1 114955014 194964 5885114160 155731476 155399626 257901366 77316704440 2657460163 157 80012431 2814010158
======================
   8      33 sdc1 114955078 194964 5885114672 155731505 155450885 258029625 77318581936 2657802296 1 80016408 2814351105
======================
   8      33 sdc1 114955078 194964 5885114672 155731505 155483099 258132570 77320591416 2658153542 3 80020465 2814703666
======================
   8      33 sdc1 114955078 194964 5885114672 155731505 155519089 258220499 77322280776 2658509941 0 80023928 2815058715
======================
   8      33 sdc1 114955078 194964 5885114672 155731505 155547074 258323360 77324412120 2658944009 16 80028210 2815505955
======================
   8      33 sdc1 114955078 194964 5885114672 155731505 155593195 258426014 77326126176 2659230087 153 80031823 2815779086
======================
   8      33 sdc1 114955078 194964 5885114672 155731505 155632937 258536515 77328698184 2659765660 0 80036966 2816314391
======================
   8      33 sdc1 114955078 194964 5885114672 155731505 155668512 258639121 77330302928 2660019077 0 80040324 2816567791
======================
   8      33 sdc1 114955078 194964 5885114672 155731505 155700406 258753790 77332439976 2660376553 149 80044638 2816965865
======================
   8      33 sdc1 114955078 194964 5885114672 155731505 155735349 258839473 77334233552 2660755595 0 80048326 2817304273
======================
   8      33 sdc1 114955078 194964 5885114672 155731505 155756746 258945500 77336701352 2661354700 0 80053156 2817903501
======================
   8      33 sdc1 114955116 194964 5885114976 155732315 155796708 259033288 77338074064 2661555292 0 80056121 2818104887
======================
   8      33 sdc1 114955125 194964 5885115048 155732799 155823365 259134972 77340133488 2661954004 0 80060231 2818504076
======================
   8      33 sdc1 114955138 194964 5885115152 155732804 155866596 259244119 77342092456 2662325907 0 80064263 2818875961
======================
   8      33 sdc1 114955171 194964 5885115416 155734432 155909680 259370092 77344670416 2662719863 68 80069459 2819275520
======================
   8      33 sdc1 114955188 194964 5885115552 155735060 155949907 259479902 77346767280 2663061193 152 80073728 2819613762
======================
   8      33 sdc1 114955202 194964 5885115664 155735896 155989081 259591925 77349094152 2663443664 157 80078424 2819997563
======================
   8      33 sdc1 114955203 194964 5885115672 155736024 156024127 259712299 77350930248 2663732900 177 80082172 2820308787
======================
   8      33 sdc1 114955204 194964 5885115680 155736100 156054321 259825833 77353347456 2664257746 153 80086991 2820856604
======================
   8      33 sdc1 114955204 194964 5885115680 155736100 156080419 259917893 77355628264 2664770830 12 80091491 2821325169
======================
   8      33 sdc1 114955204 194964 5885115680 155736100 156124846 260004157 77356963904 2664997493 11 80094363 2821551766
======================
   8      33 sdc1 114955204 194964 5885115680 155736100 156151174 260114865 77359146376 2665391165 119 80098705 2822004340
======================
   8      33 sdc1 114955204 194964 5885115680 155736100 156194619 260218688 77361151920 2665800624 0 80102832 2822353851
======================
   8      33 sdc1 114955215 194964 5885115768 155736316 156225183 260325692 77363342496 2666235725 0 80107202 2822789156
======================
   8      33 sdc1 114955232 194964 5885115904 155737379 156257999 260424796 77365541968 2666696849 153 80111581 2823251611
======================
   8      33 sdc1 114955249 194964 5885116040 155737609 156293835 260530657 77367179416 2667005542 92 80114995 2823560673
======================
   8      33 sdc1 114955256 194964 5885116096 155738232 156328326 260636112 77369213192 2667339092 57 80119099 2823901142
======================
   8      33 sdc1 114955291 194964 5885116376 155739693 156367895 260754871 77371465048 2667687707 84 80123653 2824251757
======================
   8      33 sdc1 114955308 194964 5885116512 155740982 156402964 260863968 77374031416 2668144825 137 80128750 2824703653
======================
   8      33 sdc1 114955314 194964 5885116560 155741097 156432476 260969544 77375898824 2668436163 0 80132534 2824994437
======================
   8      33 sdc1 114955323 194964 5885116632 155741592 156457520 261083438 77378287656 2668852267 0 80137251 2825411026
======================
   8      33 sdc1 114955328 194964 5885116672 155742317 156473892 261184198 77380542384 2669270842 137 80141628 2825882035
======================
   8      33 sdc1 114955328 194964 5885116672 155742317 156476091 261225649 77381918616 2669627553 0 80144232 2826187028
started
======================
   8      33 sdc1 114955447 194964 5885117618 155742347 156476101 261225650 77381918704 2669627568 0 80144250 2826187073
======================
   8      33 sdc1 115001172 194968 5885988194 155757544 156476149 261233350 77381980688 2669630372 1 80148176 2826205069
======================
   8      33 sdc1 115055976 194972 5886845386 155778511 156476199 261241517 77382046424 2669633412 0 80151868 2826229068
======================
   8      33 sdc1 115075911 194972 5887454026 155781580 156481949 261250556 77382165232 2669654166 1 80155022 2826252956
======================
   8      33 sdc1 115098825 194972 5888129506 155785422 156493000 261268395 77382396952 2669694752 0 80158636 2826297455
======================
   8      33 sdc1 115118175 194972 5888721610 155788284 156498692 261277463 77382515496 2669730465 1 80161683 2826336264
======================
   8      33 sdc1 115141294 194972 5889434778 155791918 156506511 261291934 77382693816 2669771309 0 80165402 2826380732
======================
   8      33 sdc1 115158816 194972 5889972490 155794990 156506705 261297860 77382938824 2669801514 1 80168439 2826414003
======================
   8      33 sdc1 115183099 194972 5890720218 155798668 156506754 261305716 77383002064 2669804435 1 80172096 2826420593
======================
   8      33 sdc1 115201886 194972 5891299442 155801383 156512106 261313331 77383106232 2669835828 1 80175000 2826454867
======================
   8      33 sdc1 115225653 194972 5892032218 155804787 156516731 261322541 77383217568 2669868145 1 80178632 2826490790
======================
   8      33 sdc1 115247455 194972 5892619794 155809249 156522608 261330806 77383331560 2669903521 1 80181595 2826530942
======================
   8      33 sdc1 115273543 194972 5893366866 155813833 156527489 261336876 77383419760 2669930127 1 80185286 2826562543
======================
   8      33 sdc1 115289877 194972 5893868746 155816823 156529443 261357104 77383782872 2670021081 1 80188276 2826656481
======================
   8      33 sdc1 115314311 194972 5894619602 155820422 156529461 261359655 77383803424 2670021439 0 80191850 2826660429
======================
   8      33 sdc1 115334138 194972 5895229682 155823338 156529477 261362095 77383823072 2670021757 1 80194748 2826663657
======================
   8      33 sdc1 115364737 194972 5896021674 155830213 156529493 261364550 77383842840 2670022078 1 80198442 2826670841
======================
   8      33 sdc1 115385124 194972 5896642210 155833354 156529509 261366998 77383862552 2670022397 0 80201370 2826674289
======================
   8      33 sdc1 115410058 194972 5897409306 155837037 156529534 261370884 77383893840 2670023170 1 80204994 2826678739
======================
   8      33 sdc1 115427747 194972 5897953730 155840012 156529706 261373067 77384105664 2670042700 1 80207905 2826701242
======================
   8      33 sdc1 115451523 194972 5898685450 155843627 156530093 261384760 77384202304 2670048363 1 80211480 2826710514
======================
   8      33 sdc1 115475846 194972 5899311890 155849066 156530108 261387010 77384220424 2670048643 1 80214351 2826716223
======================
   8      33 sdc1 115500823 194972 5900073162 155852791 156530134 261390853 77384251376 2670049410 1 80217948 2826720711
======================
   8      33 sdc1 115520597 194972 5900682050 155855652 156530151 261393489 77384272600 2670049773 1 80220779 2826723923
======================
   8      33 sdc1 115545532 194972 5901448866 155859251 156530171 261396533 77384297112 2670050270 0 80224355 2826728011
======================
   8      33 sdc1 115565180 194972 5902055330 155862076 156530187 261398816 77384315504 2670050572 0 80227169 2826731138
======================
   8      33 sdc1 115587843 194972 5902756066 155865874 156530383 261401329 77384562632 2670078411 1 80230855 2826762766
======================
   8      33 sdc1 115606861 194972 5903342778 155868812 156530492 261412969 77384656624 2670083052 1 80233793 2826770338
======================
   8      33 sdc1 115631844 194972 5904111418 155872535 156530510 261415560 77384677496 2670083412 1 80237497 2826774409
======================
   8      33 sdc1 115651808 194972 5904724658 155875461 156530530 261418613 77384702080 2670083908 1 80240392 2826777822
======================
   8      33 sdc1 115676388 194972 5905481482 155879157 156530580 261426780 77384767816 2670086961 1 80244061 2826784560
======================
   8      33 sdc1 115695892 194972 5906079690 155882166 156530631 261434947 77384833560 2670089997 1 80247006 2826790596
======================
   8      33 sdc1 115715072 194972 5906670458 155885538 156553524 261457525 77385385488 2670233355 1 80250863 2826937799
======================
   8      33 sdc1 115734878 194972 5907280154 155888420 156553554 261461182 77385414984 2670233770 1 80253741 2826941094
======================
   8      33 sdc1 115758515 194972 5908009082 155891767 156553656 261477516 77385546472 2670239831 1 80257336 2826950496
======================
   8      33 sdc1 115782385 194972 5908743522 155895198 156559600 261486528 77385666544 2670261238 1 80261017 2826975377
======================
   8      33 sdc1 115807120 194972 5909504874 155898775 156559625 261490399 77385697712 2670262013 1 80264570 2826979722
======================
   8      33 sdc1 115825781 194972 5910080234 155901430 156566227 261498324 77385814688 2670298619 0 80267460 2827019200
======================
   8      33 sdc1 115848661 194972 5910785154 155905150 156566419 261503291 77386055160 2670330538 0 80271163 2827054835
======================
   8      33 sdc1 115866468 194972 5911333282 155907753 156571014 261512218 77386163736 2670368137 0 80273998 2827095102
======================
   8      33 sdc1 115889490 194972 5912041546 155911327 156578692 261524302 77386322160 2670415537 0 80277696 2827146335
======================
   8      33 sdc1 115908806 194972 5912636426 155914069 156578732 261530636 77386373152 2670417582 0 80280520 2827151118
======================
   8      33 sdc1 115932393 194972 5913361522 155917509 156578809 261542776 77386470888 2670421965 1 80284167 2827158934
======================
   8      33 sdc1 115951881 194972 5913962434 155920408 156578834 261546500 77386500880 2670422710 1 80287081 2827162571
======================
   8      33 sdc1 115975915 194972 5914701810 155923842 156581733 261553613 77386581136 2670448999 1 80290664 2827192432
======================
   8      33 sdc1 115993057 194972 5915229642 155926527 156588867 261561979 77386821296 2670502612 77 80293687 2827266700
======================
   8      33 sdc1 116016151 194972 5915940498 155930127 156590866 261570574 77387001784 2670554630 1 80297400 2827304549
======================
   8      33 sdc1 116034125 194972 5916493346 155932885 156596886 261584338 77387158152 2670609293 155 80300389 2827362625
======================
   8      33 sdc1 116057664 194972 5917216954 155936554 156601209 261594749 77387278176 2670638144 0 80304120 2827394618
======================
   8      33 sdc1 116077036 194972 5917814058 155939399 156601227 261597508 77387300392 2670638564 0 80306937 2827397877
======================
   8      33 sdc1 116101878 194972 5918578186 155942966 156601250 261601002 77387328528 2670639182 0 80310543 2827402056
======================
   8      33 sdc1 116121506 194972 5919181514 155945864 156601274 261604687 77387358200 2670639906 1 80313448 2827405667
======================
   8      33 sdc1 116144436 194972 5919888106 155949599 156601441 261607318 77387567512 2670663027 1 80317176 2827432512
======================
   8      33 sdc1 116163468 194972 5920473130 155952359 156603834 261616167 77387657856 2670673809 1 80320087 2827446104
======================
   8      33 sdc1 116187812 194972 5921221922 155955870 156605091 261622000 77387714728 2670692900 1 80323720 2827468737
======================
   8      33 sdc1 116205514 194972 5921767074 155958758 156609443 261638356 77387880392 2670741051 0 80326648 2827519769
======================
   8      33 sdc1 116230418 194972 5922532682 155962414 156609461 261641138 77387902792 2670741564 1 80330241 2827523933
======================
   8      33 sdc1 116250143 194972 5923139810 155965319 156609489 261645543 77387938256 2670742527 1 80333094 2827527798
======================
   8      33 sdc1 116273074 194972 5923846554 155968956 156609668 261649271 77388160400 2670769129 1 80336828 2827558031
======================
   8      33 sdc1 116292817 194972 5924454906 155971819 156609693 261653090 77388191152 2670769892 0 80339695 2827561653
======================
   8      33 sdc1 116317794 194972 5925224242 155975498 156609714 261656369 77388217552 2670770442 0 80343310 2827565876
======================
   8      33 sdc1 116337423 194972 5925827458 155978346 156611601 261660581 77388266600 2670785017 0 80346223 2827583320
======================
   8      33 sdc1 116361133 194972 5926568850 155981990 156612131 261677347 77388404968 2670818306 0 80349927 2827620251
======================
   8      33 sdc1 116381002 194972 5927204634 155984887 156612143 261678948 77388417872 2670818457 1 80352822 2827623293
======================
   8      33 sdc1 116406097 194972 5928007674 155988468 156612145 261678949 77388417896 2670818459 0 80356397 2827626870
======================
   8      33 sdc1 116423737 194972 5928572082 155991553 156612332 261678951 77388652664 2670852519 0 80359448 2827664011
======================
   8      33 sdc1 116448871 194972 5929376346 155995170 156612334 261678956 77388652720 2670852521 1 80363062 2827667627
======================
   8      33 sdc1 116468866 194972 5930016186 155998039 156612336 261678957 77388652744 2670852523 1 80365923 2827670490
======================
   8      33 sdc1 116493584 194972 5930807138 156001587 156612363 261682414 77388680616 2670853166 1 80369463 2827674672
======================
   8      33 sdc1 116513442 194972 5931442570 156004529 156612366 261682415 77388680648 2670853168 0 80372395 2827677606
======================
   8      33 sdc1 116538441 194972 5932242538 156008106 156612368 261682416 77388680672 2670853169 1 80375960 2827681172
======================
   8      33 sdc1 116558444 194972 5932882610 156010976 156612370 261682417 77388680696 2670853171 1 80378820 2827684034
======================
   8      33 sdc1 116581139 194972 5933608802 156014803 156612560 261682419 77388916336 2670890425 0 80382541 2827725111
======================
   8      33 sdc1 116601032 194972 5934245410 156017731 156612562 261682424 77388916392 2670890426 1 80385467 2827728038
======================
   8      33 sdc1 116626156 194972 5935049274 156021371 156612564 261682425 77388916416 2670890427 1 80389101 2827731672
======================
   8      33 sdc1 116646081 194972 5935686874 156024295 156612566 261682426 77388916440 2670890429 1 80392020 2827734593
======================
   8      33 sdc1 116671052 194972 5936485946 156028011 156612571 261682428 77388916496 2670890430 0 80395727 2827738301
======================
   8      33 sdc1 116690910 194972 5937121378 156030928 156612573 261682429 77388916520 2670890431 0 80398637 2827741212
======================
   8      33 sdc1 116715910 194972 5937921354 156034496 156612575 261682430 77388916544 2670890433 1 80402201 2827744778
======================
   8      33 sdc1 116733056 194972 5938469978 156037546 156612771 261682432 77389160592 2670930715 0 80405141 2827788105
======================
   8      33 sdc1 116758121 194972 5939271986 156041130 156612773 261682437 77389160648 2670930721 1 80408713 2827791683
======================
   8      33 sdc1 116777886 194972 5939904466 156044012 156612775 261682438 77389160672 2670930727 1 80411586 2827794562
======================
   8      33 sdc1 116802854 194972 5940703442 156047588 156612777 261682439 77389160696 2670930733 1 80415156 2827798138
======================
   8      33 sdc1 116822727 194972 5941339378 156050519 156612782 261682441 77389160752 2670930739 1 80418080 2827801068
======================
   8      33 sdc1 116847608 194972 5942135570 156054097 156612784 261682442 77389160776 2670930745 1 80421647 2827804640
======================
   8      33 sdc1 116865276 194972 5942700946 156056997 156612947 261682445 77389363824 2670961021 1 80424540 2827837808
======================
   8      33 sdc1 116890364 194972 5943503762 156060589 156612949 261682449 77389363872 2670961027 1 80428129 2827841403
======================
   8      33 sdc1 116910201 194972 5944138546 156063430 156612951 261682450 77389363896 2670961033 1 80430962 2827844242
======================
   8      33 sdc1 116935254 194972 5944940242 156067030 156612953 261682451 77389363920 2670961039 1 80434550 2827847836
======================
   8      33 sdc1 116955067 194972 5945574258 156069872 156612955 261682452 77389363944 2670961045 1 80437386 2827850678
======================
   8      33 sdc1 116979943 194972 5946370290 156073465 156612957 261682453 77389363968 2670961051 1 80440971 2827854269
======================
   8      33 sdc1 116998107 194972 5946951514 156076488 156613124 261682455 77389570976 2670993193 0 80443988 2827889429
======================
   8      33 sdc1 117022477 194972 5947731354 156080127 156613129 261682461 77389571064 2670993199 1 80447617 2827893064
======================
   8      33 sdc1 117043261 194972 5948396442 156083089 156613131 261682462 77389571088 2670993205 0 80450571 2827896024
======================
   8      33 sdc1 117067039 194972 5949157338 156086582 156613133 261682463 77389571112 2670993211 1 80454063 2827899522
======================
   8      33 sdc1 117088185 194972 5949834010 156089666 156613135 261682464 77389571136 2670993216 0 80457145 2827902609
======================
   8      33 sdc1 117111566 194972 5950582202 156093054 156613137 261682465 77389571160 2670993222 1 80460524 2827905994
======================
   8      33 sdc1 117133200 194972 5951274490 156096243 156613139 261682466 77389571184 2670993227 0 80463706 2827909181
======================
   8      33 sdc1 117153820 194972 5951934306 156099742 156613326 261682468 77389803880 2671023738 0 80467122 2827943186
======================
   8      33 sdc1 117175994 194972 5952643874 156102904 156613331 261682474 77389803968 2671023745 0 80470276 2827946347
======================
   8      33 sdc1 117198616 194972 5953367778 156106163 156613333 261682475 77389803992 2671023751 1 80473529 2827949606
======================
   8      33 sdc1 117221150 194972 5954088866 156109429 156613335 261682476 77389804016 2671023757 0 80476792 2827952875
======================
   8      33 sdc1 117243319 194972 5954798274 156112622 156613337 261682477 77389804040 2671023762 1 80479970 2827956058
======================
   8      33 sdc1 117266402 194972 5955536930 156115982 156613339 261682478 77389804064 2671023768 0 80483326 2827959420
======================
   8      33 sdc1 117285815 194972 5956158122 156119325 156613506 261682479 77390005912 2671046512 1 80486564 2827985499
======================
   8      33 sdc1 117309384 194972 5956912330 156122677 156613511 261682485 77390006000 2671046519 0 80489913 2827988855
======================
   8      33 sdc1 117330520 194972 5957588682 156125715 156613513 261682486 77390006024 2671046524 1 80492945 2827991892
======================
   8      33 sdc1 117354537 194972 5958357226 156129185 156613515 261682487 77390006048 2671046530 0 80496408 2827995361
======================
   8      33 sdc1 117375362 194972 5959023626 156132205 156613517 261682488 77390006072 2671046535 1 80499419 2827998377
======================
   8      33 sdc1 117399828 194972 5959806538 156135756 156613519 261682489 77390006096 2671046540 0 80502962 2828001925
======================
   8      33 sdc1 117418106 194972 5960391410 156138921 156613685 261682490 77390211256 2671074365 1 80506017 2828032911
======================
   8      33 sdc1 117443009 194972 5961188306 156142526 156613690 261682496 77390211344 2671074371 1 80509616 2828036516
======================
   8      33 sdc1 117462886 194972 5961824370 156145333 156613692 261682497 77390211368 2671074377 1 80512417 2828039323
======================
   8      33 sdc1 117487788 194972 5962621234 156148909 156613694 261682498 77390211392 2671074383 0 80515985 2828042897
======================
   8      33 sdc1 117507601 194972 5963255250 156151788 156613696 261682499 77390211416 2671074388 0 80518861 2828045778
======================
   8      33 sdc1 117532558 194972 5964053874 156155414 156613698 261682500 77390211440 2671074398 1 80522485 2828049412
======================
   8      33 sdc1 117550508 194972 5964627938 156158439 156613861 261682501 77390414000 2671105183 1 80525491 2828083214
======================
   8      33 sdc1 117575255 194972 5965419770 156161980 156613863 261682505 77390414048 2671105189 0 80529022 2828086751
======================
   8      33 sdc1 117595032 194972 5966052466 156164907 156613865 261682506 77390414072 2671105195 1 80531943 2828089678
