======================
   8      33 sdc1 192247850 1762231 10228226810 322074505 255819545 455118075 133849221736 156172411 0 127047438 479589266
======================
   8      33 sdc1 192247854 1762231 10228226842 322074506 255819545 455118075 133849221736 156172411 0 127047439 479589267
======================
   8      33 sdc1 192247854 1762231 10228226842 322074506 255819548 455118089 133849221872 156172419 0 127047447 479589275
======================
   8      33 sdc1 192247854 1762231 10228226842 322074506 255819548 455118089 133849221872 156172419 0 127047447 479589275
started
======================
   8      33 sdc1 192247889 1762231 10228227122 322074511 255819560 455118091 133849221984 156172419 0 127047449 479589280
======================
   8      33 sdc1 192247901 1762231 10228227218 322075010 255820612 455118112 133850545352 156471049 147 127049933 479910867
======================
   8      33 sdc1 192247912 1762231 10228227306 322075885 255822734 455118133 133853216128 157140637 136 127054935 480583062
======================
   8      33 sdc1 192247923 1762231 10228227394 322076764 255824856 455118151 133855881224 157809314 135 127059936 481248828
======================
   8      33 sdc1 192247934 1762231 10228227482 322077699 255826959 455118182 133858519456 158476034 139 127064937 481919734
======================
   8      33 sdc1 192247945 1762231 10228227570 322078813 255829065 455118233 133861160064 159125035 137 127069939 482571552
======================
   8      33 sdc1 192247955 1762231 10228227650 322079716 255831162 455118260 133863799456 159793728 129 127074940 483239782
======================
   8      33 sdc1 192247967 1762231 10228227746 322080856 255833259 455118295 133866437464 160459555 160 127079942 483906910
======================
   8      33 sdc1 192247978 1762231 10228227834 322081837 255835352 455118331 133869071560 161119095 139 127084943 484572366
======================
   8      33 sdc1 192247988 1762231 10228227914 322082687 255837450 455118417 133871703112 161766089 131 127089944 485215193
======================
   8      33 sdc1 192247999 1762231 10228228002 322083615 255839548 455118461 133874342128 162439286 135 127094946 485890935
======================
   8      33 sdc1 192248010 1762231 10228228090 322084640 255841642 455118497 133876978912 163099083 144 127099947 486550838
======================
   8      33 sdc1 192248020 1762231 10228228170 322085752 255843737 455118535 133879613912 163763708 130 127104949 487217989
======================
   8      33 sdc1 192248032 1762231 10228228266 322086879 255845844 455118581 133882265360 164431682 158 127109952 487884455
======================
   8      33 sdc1 192248043 1762231 10228228354 322087667 255847958 455118697 133884905056 165086488 142 127114953 488540342
======================
   8      33 sdc1 192248053 1762231 10228228434 322088623 255850065 455118738 133887550984 165752062 156 127119955 489206750
======================
   8      33 sdc1 192248064 1762231 10228228522 322089554 255852174 455118781 133890205744 166420106 143 127124957 489876213
======================
   8      33 sdc1 192248075 1762231 10228228610 322090578 255854282 455118818 133892858904 167079286 134 127129959 490535353
======================
   8      33 sdc1 192248085 1762231 10228228690 322091259 255856409 455118933 133895518032 167740860 153 127134960 491197221
======================
   8      33 sdc1 192248096 1762231 10228228778 322092089 255858519 455118981 133898170104 168410806 156 127139961 491870025
======================
   8      33 sdc1 192248107 1762231 10228228866 322092903 255860630 455119020 133900822824 169083846 134 127144963 492543268
======================
   8      33 sdc1 192248117 1762231 10228228946 322093853 255862740 455119059 133903476408 169755361 116 127149964 493212214
======================
   8      33 sdc1 192248129 1762231 10228229042 322094817 255864860 455119170 133906128176 170403243 134 127154966 493862566
======================
   8      33 sdc1 192248140 1762231 10228229130 322095735 255866966 455119205 133908777920 171080592 149 127159968 494533789
======================
   8      33 sdc1 192248150 1762231 10228229210 322096719 255869078 455119246 133911435280 171749424 131 127164970 495205652
======================
   8      33 sdc1 192248161 1762231 10228229298 322097615 255871180 455119293 133914082312 172418966 158 127169972 495870463
======================
   8      33 sdc1 192248172 1762231 10228229386 322098670 255873288 455119332 133916735688 173087489 130 127174973 496539042
======================
   8      33 sdc1 192248182 1762231 10228229466 322099556 255875410 455119474 133919393768 173740209 137 127179974 497190714
======================
   8      33 sdc1 192248194 1762231 10228229562 322100552 255877516 455119510 133922043704 174409972 152 127184977 497857705
======================
   8      33 sdc1 192248204 1762231 10228229642 322101480 255879626 455119545 133924700024 175078972 20 127189980 498530208
======================
   8      33 sdc1 192248214 1762231 10228229722 322102392 255881735 455119589 133927352720 175744275 29 127194982 499203683
======================
   8      33 sdc1 192248226 1762231 10228229818 322103333 255883843 455119640 133930005144 176418285 51 127199984 499877918
======================
   8      33 sdc1 192248237 1762231 10228229906 322104324 255885964 455119756 133932659792 177068880 24 127204987 500520432
======================
   8      33 sdc1 192248247 1762231 10228229986 322105261 255888072 455119801 133935309400 177735837 82 127209990 501202431
======================
   8      33 sdc1 192248257 1762231 10228230066 322106284 255890180 455119836 133937964600 178397190 110 127214991 501868699
======================
   8      33 sdc1 192248268 1762231 10228230154 322107194 255892282 455119872 133940610840 179067926 125 127219993 502542734
======================
   8      33 sdc1 192248279 1762231 10228230242 322108010 255894385 455119881 133943258864 179744797 101 127224995 503219858
======================
   8      33 sdc1 192248289 1762231 10228230322 322108897 255896502 455120006 133945912472 180394022 97 127229997 503867030
======================
   8      33 sdc1 192248301 1762231 10228230418 322109972 255898614 455120049 133948568808 181065290 144 127234999 504537547
======================
   8      33 sdc1 192248312 1762231 10228230506 322110906 255900726 455120091 133951227384 181732096 149 127240000 505206171
======================
   8      33 sdc1 192248322 1762231 10228230586 322111713 255902834 455120131 133953880248 182407522 149 127245002 505885877
======================
   8      33 sdc1 192248333 1762231 10228230674 322112733 255904954 455120246 133956536288 183051065 139 127250004 506529791
======================
   8      33 sdc1 192248344 1762231 10228230762 322113618 255907067 455120290 133959194024 183717659 143 127255005 507198866
======================
   8      33 sdc1 192248355 1762231 10228230850 322114581 255909180 455120340 133961851768 184416646 145 127260006 507896080
======================
   8      33 sdc1 192248366 1762231 10228230938 322115491 255911288 455120384 133964507544 185086557 155 127265008 508568448
======================
   8      33 sdc1 192248377 1762231 10228231026 322116349 255913407 455120495 133967163648 185739532 129 127270010 509220656
======================
   8      33 sdc1 192248387 1762231 10228231106 322117286 255915516 455120532 133969816912 186401293 151 127275011 509886595
