======================
   8      33 sdc1 39035663 21 1954391186 31861019 36901142 52765947 28801621392 912275073 0 18824504 944111651
started
======================
   8      33 sdc1 39035672 21 1954391258 31861744 36901231 52766428 28802184624 912291542 18 18825579 944132756
======================
   8      33 sdc1 39035683 21 1954391346 31866155 36901596 52768302 28804930216 912386469 10 18830756 944231480
======================
   8      33 sdc1 39035695 21 1954391442 31870713 36901933 52770232 28807540752 912476471 33 18835682 944325756
======================
   8      33 sdc1 39035707 21 1954391538 31875284 36902261 52771938 28810191320 912602116 14 18840699 944453320
======================
   8      33 sdc1 39035716 21 1954391610 31879001 36902558 52773648 28812656152 912725962 13 18845335 944584067
======================
   8      33 sdc1 39035727 21 1954391698 31882602 36902902 52775464 28815264872 912828882 14 18850291 944691401
======================
   8      33 sdc1 39035740 21 1954391802 31886858 36903444 52777323 28817937032 913051309 135 18855323 944982761
======================
   8      33 sdc1 39035750 21 1954391882 31888759 36904211 52778602 28820596248 913609027 89 18860352 945499004
======================
   8      33 sdc1 39035761 21 1954391970 31890735 36905055 52780021 28823252080 914189977 135 18865354 946117231
======================
   8      33 sdc1 39035772 21 1954392058 31893114 36905896 52781327 28825904472 914820814 146 18870356 946748161
======================
   8      33 sdc1 39035782 21 1954392138 31895502 36906717 52782503 28828561032 915409409 61 18875357 947320757
======================
   8      33 sdc1 39035793 21 1954392226 31897462 36907646 52783895 28831227520 915940644 140 18880389 947857607
======================
   8      33 sdc1 39035804 21 1954392314 31899812 36908555 52785101 28833885336 916512848 125 18885389 948440013
======================
   8      33 sdc1 39035815 21 1954392402 31901775 36909515 52786274 28836534824 917140784 105 18890392 949056415
======================
   8      33 sdc1 39035825 21 1954392482 31903530 36910481 52787433 28839196016 917738016 103 18895393 949662439
======================
   8      33 sdc1 39035837 21 1954392578 31905461 36911479 52788680 28841857272 918362781 149 18900394 950285557
======================
   8      33 sdc1 39035848 21 1954392666 31907478 36912458 52789898 28844514072 918979133 129 18905399 950911877
======================
   8      33 sdc1 39035858 21 1954392746 31909044 36913532 52790956 28847175456 919635175 154 18910401 951554913
======================
   8      33 sdc1 39035869 21 1954392834 31911115 36914675 52791972 28849831056 920247063 148 18915402 952169751
======================
   8      33 sdc1 39035880 21 1954392922 31912694 36915849 52792937 28852492104 920879497 138 18920404 952809084
======================
   8      33 sdc1 39035890 21 1954393002 31914091 36916998 52794045 28855155200 921476156 126 18925405 953406485
======================
   8      33 sdc1 39035901 21 1954393090 31916054 36918116 52795081 28857822168 922093631 119 18930406 954027065
======================
   8      33 sdc1 39035912 21 1954393178 31918026 36919198 52796153 28860486880 922701545 95 18935409 954640442
======================
   8      33 sdc1 39035923 21 1954393266 31919937 36920331 52797204 28863156992 923339380 132 18940412 955281160
======================
   8      33 sdc1 39035934 21 1954393354 31921455 36921491 52798192 28865819584 923969701 133 18945413 955909815
======================
   8      33 sdc1 39035945 21 1954393442 31922950 36922690 52799237 28868485600 924562595 143 18950415 956495976
======================
   8      33 sdc1 39035955 21 1954393522 31924275 36923944 52800167 28871151312 925211187 140 18955416 957149058
======================
   8      33 sdc1 39035966 21 1954393610 31926110 36925162 52801109 28873816016 925832428 123 18960417 957771007
======================
   8      33 sdc1 39035978 21 1954393706 31928100 36926400 52802055 28876485344 926461619 142 18965428 958403764
======================
   8      33 sdc1 39035988 21 1954393786 31929160 36927645 52803025 28879154608 927083923 137 18970432 959029782
======================
   8      33 sdc1 39035999 21 1954393874 31930653 36928957 52803861 28881819136 927725472 134 18975434 959669499
======================
   8      33 sdc1 39036010 21 1954393962 31932091 36930286 52804699 28884479496 928377067 138 18980435 960322767
======================
   8      33 sdc1 39036020 21 1954394042 31933334 36931615 52805518 28887148680 929041129 134 18985437 960985079
======================
   8      33 sdc1 39036031 21 1954394130 31934632 36932984 52806310 28889812312 929699749 119 18990438 961646254
======================
   8      33 sdc1 39036043 21 1954394226 31936253 36934381 52807155 28892479416 930302668 145 18995439 962248091
======================
   8      33 sdc1 39036053 21 1954394306 31937540 36935851 52807847 28895143880 930956140 157 19000441 962898056
======================
   8      33 sdc1 39036063 21 1954394386 31938708 36937332 52808525 28897806784 931620618 139 19005442 963565101
======================
   8      33 sdc1 39036074 21 1954394474 31939935 36938846 52809153 28900475728 932291432 136 19010444 964229654
======================
   8      33 sdc1 39036084 21 1954394554 31941227 36940277 52809996 28903139968 932906129 128 19015445 964839307
======================
   8      33 sdc1 39036095 21 1954394642 31942522 36941711 52810724 28905807256 933570602 137 19020446 965500057
======================
   8      33 sdc1 39036106 21 1954394730 31944112 36943118 52811469 28908473656 934218464 105 19025448 966146025
======================
   8      33 sdc1 39036116 21 1954394810 31945424 36944584 52812111 28911144648 934884702 7 19030450 966809012
======================
   8      33 sdc1 39036127 21 1954394898 31946605 36946076 52812780 28913811400 935534099 31 19035453 967471239
======================
   8      33 sdc1 39036139 21 1954394994 31947930 36947603 52813509 28916470792 936152596 28 19040456 968087679
======================
   8      33 sdc1 39036150 21 1954395082 31949328 36949071 52814195 28919131232 936812988 14 19045459 968741682
======================
   8      33 sdc1 39036160 21 1954395162 31950591 36950598 52814862 28921790624 937469510 79 19050462 969422066
