======================
cpu  2068224 0 929848 141111420 2249202 0 8252 0 0 0
cpu0 53728 0 102214 2508662 359962 0 2608 0 0 0
cpu1 45608 0 91487 2555326 333853 0 2050 0 0 0
cpu2 43365 0 20647 2955940 29610 0 211 0 0 0
cpu3 44756 0 14937 2987217 4084 0 62 0 0 0
cpu4 41153 0 11933 2991112 6936 0 46 0 0 0
cpu5 42330 0 11852 2996690 318 0 4 0 0 0
cpu6 41979 0 11455 2996292 1462 0 5 0 0 0
cpu7 41303 0 11889 2995723 2255 0 4 0 0 0
cpu8 41762 0 12119 2997163 342 0 25 0 0 0
cpu9 41000 0 12792 2988311 8563 0 46 0 0 0
cpu10 42173 0 13198 2985778 9449 0 40 0 0 0
cpu11 46643 0 24685 2919840 56343 0 323 0 0 0
cpu12 48630 0 35895 2902516 60350 0 83 0 0 0
cpu13 44883 0 32325 2864157 107086 0 86 0 0 0
cpu14 44610 0 35757 2858476 109408 0 184 0 0 0
cpu15 42294 0 26864 2835936 139850 0 662 0 0 0
cpu16 42710 0 29866 2858791 115152 0 426 0 0 0
cpu17 42103 0 30951 2880280 96090 0 107 0 0 0
cpu18 43229 0 27430 2878484 99681 0 171 0 0 0
cpu19 44056 0 26388 2882531 96305 0 83 0 0 0
cpu20 42122 0 25855 2885805 95480 0 91 0 0 0
cpu21 43376 0 18969 2893436 93416 0 68 0 0 0
cpu22 43646 0 26321 2901798 74738 0 350 0 0 0
cpu23 43943 0 30893 2865068 108166 0 152 0 0 0
cpu24 41800 0 8341 3001096 6 0 1 0 0 0
cpu25 42266 0 9431 2999383 157 0 0 0 0 0
cpu26 42552 0 9700 2998958 26 0 0 0 0 0
cpu27 43368 0 8419 2999446 14 0 2 0 0 0
cpu28 43210 0 8916 2999120 4 0 0 0 0 0
cpu29 42451 0 8706 3000039 3 0 0 0 0 0
cpu30 42082 0 8813 3000350 1 0 0 0 0 0
cpu31 41733 0 8286 3001241 2 0 0 0 0 0
cpu32 40653 0 8600 3002154 2 0 0 0 0 0
cpu33 43394 0 8898 2998937 4 0 0 0 0 0
cpu34 41307 0 8490 3001450 1 0 0 0 0 0
cpu35 42307 0 8724 3000193 12 0 0 0 0 0
cpu36 41761 0 8846 2962728 37775 0 3 0 0 0
cpu37 43462 0 11001 2988936 7469 0 45 0 0 0
cpu38 42402 0 12502 2972925 22870 0 55 0 0 0
cpu39 42244 0 10768 2983987 14187 0 0 0 0 0
cpu40 42322 0 10768 2971617 26226 0 35 0 0 0
cpu41 42470 0 10696 2982162 15446 0 53 0 0 0
cpu42 43962 0 10567 2964952 31309 0 55 0 0 0
cpu43 41386 0 9893 2985366 14562 0 2 0 0 0
cpu44 42351 0 11961 2996545 361 0 4 0 0 0
cpu45 42620 0 14018 2969131 25090 0 28 0 0 0
cpu46 42602 0 14513 2973890 19717 0 42 0 0 0
cpu47 42100 0 12253 2971464 25043 0 26 0 0 0
intr 47823921 116 0 0 0 0 0 0 0 1 7 0 0 0 0 0 0 0 0 56 49 0 0 0 0 0 0 0 0 0 0 0 0 0 0 0 0 0 0 0 0 0 0 0 0 0 0 0 0 0 0 0 0 167597 0 0 0 0 0 0 0 0 0 1759 24109757 0 1 215895 27534 19892 37019 42453 29619 0 0 64327 30684 0 0 0 0 0 0 0 0 0 0 0 0 0 0 0 0 0 0 0 0 0 0 0 0 0 0 0 0 0 0 0 0 0 0 0 0 0 0 0 0 0 0 0 0 0 0 0 0 0 0 0 0 0 0 0 0 0 0 0 0 0 0 0 0 0 0 0 0 0 0 0 0 0 0 0 0 0 0 0 0 0 0 0 0 0 0 0 0 0 0 0 0 0 0 0 0 0 0 0 0 0 0 0 2 0 2 2 2 2 2 2 2 0 2 0 2 2 2 2 2 2 2 0 0 0 0 0 0 0 0 0 0 0 0 0 0 0 0 0 0 0 0 0 0 0 0 0 0 0 0 0 0 0 0 0 0 0 0 0 0 0 0 0 0 0 0 0 0 0 0 0 0 0 0 0 0 0 0 0 0 0 0 0 0 0 0 0 0 0 0 0 0 0 0 0 0 0 0 0 0 0 0 0 0 0 0 0 0 0 0 0 0 0 0 0 0 0 0 0 0 0 0 0 0 0 0 0 0 0 0 0 0 0 0 0 0 0 0 0 0 0 0 0 0 0 0 0 0 0 0 0 0 0 0 0 0 0 0 0 0 0 0 0 0 0 0 0 0 0 0 0 0 0 0 0 0 0 0 0 0 0 0 0 0 0 0 0 0 0 0 0 0 0 0 0 0 0 0 0 0 0 0 0 0 0 0 0 0 0 0 0 0 0 0 0 0 0 0 0 0 0 0 0 0 0 0 0 0 0 0 0 0 0 0 0 0 0 0 0 0 0 0 0 0 0 0 0 0 0 0 0 0 0 0 0 0 0 0 0 0 0 0 0 0 0 0 0 0 0 0 0 0 0 0 0 0 0 0 0 0 0 0 0 0 0 0 0 0 0 0 0 0 0 0 0 0 0 0 0 0 0 0 0 0 0 0 0 0 0 0 0 0 0 0 0 0 0 0 0 0 0 0 0 0 0 0 0 0 0 0 0 0 0 0 0 0 0 0 0 0 0 0 0 0 0 0 0 0 0 0 0 0 0 0 0 0 0 0 0 0 0 0 0 0 0 0 0 0 0 0 0 0 0 0 0 0 0 0 0 0 0 0 0 0 0 0 0 0 0 0 0 0 0 0 0 0 0 0 0 0 0 0 0 0 0 0 0 0 0 0 0 0 0 0 0 0 0 0 0 0 0 0 0 0 0 0 0 0 0 0 0 0 0 0 0 0 0 0 0 0 0 0 0 0 0 0 0 0 0 0 0 0 0 0 0 0 0 0 0 0 0 0 0 0 0 0 0 0 0 0 0 0 0 0 0 0 0 0 0 0 0 0 0 0 0 0 0 0 0 0 0 0 0 0 0 0 0 0 0 0 0 0 0 0 0 0 0 0 0 0 0 0 0 0 0 0 0 0 0 0 0 0 0 0 0 0 0 0 0 0 0 0 0 0 0 0 0 0 0 0 0 0 0 0 0 0 0 0 0 0 0 0 0 0 0 0 0 0 0 0 0 0 0 0 0 0 0 0 0 0 0 0 0 0 0 0 0 0 0 0 0 0 0 0 0 0 0 0 0 0 0 0 0 0 0 0 0 0 0 0 0 0 0 0 0 0 0 0 0 0 0 0 0 0 0 0 0 0 0 0 0 0 0 0 0 0 0 0 0 0 0 0 0 0 0 0 0 0 0 0 0 0 0 0 0 0 0 0 0 0 0 0 0 0 0 0 0 0 0 0 0 0 0 0 0 0 0 0 0 0 0 0 0 0 0 0 0 0 0 0 0 0 0 0 0 0 0 0 0 0 0 0 0 0 0 0 0 0 0 0 0 0 0 0 0 0 0 0 0 0 0 0 0 0 0 0 0 0 0 0 0 0 0 0 0 0 0 0 0 0 0 0 0 0 0 0 0 0 0 0 0 0 0 0 0 0 0 0 0 0 0 0 0 0 0 0 0 0 0 0 0 0 0 0 0 0 0 0 0 0 0 0 0 0 0 0 0 0 0 0 0 0 0 0 0 0 0 0 0 0 0 0 0 0 0 0 0 0 0 0 0 0 0 0 0 0 0 0 0 0 0 0 0 0 0 0 0 0 0 0 0 0 0 0 0 0 0 0 0 0 0 0 0 0 0 0 0 0 0 0 0 0 0 0 0 0 0 0 0 0 0 0 0 0 0 0 0 0 0 0 0 0 0 0 0 0 0 0 0 0 0 0 0 0 0 0 0 0 0 0 0 0 0 0 0 0 0 0 0 0 0 0 0 0 0 0 0 0 0 0 0 0 0 0 0 0 0 0 0 0 0 0 0 0 0 0 0 0 0 0 0 0 0 0 0 0 0 0 0 0 0 0 0 0 0 0 0 0 0 0 0 0 0 0 0 0 0 0 0 0 0 0 0 0 0 0 0 0 0 0 0 0 0 0 0 0 0 0 0 0 0 0 0 0 0 0 0 0 0 0 0 0 0 0 0 0 0 0 0 0 0 0 0 0 0 0 0 0 0 0 0 0 0 0 0 0 0 0 0 0 0 0 0 0 0 0 0 0 0 0 0 0 0 0 0 0 0 0 0 0 0 0 0 0 0 0 0 0 0 0 0 0 0 0 0 0 0 0 0 0 0 0 0 0 0 0 0 0 0 0 0 0 0 0 0 0 0 0 0 0 0 0 0 0 0 0 0 0 0 0 0 0 0 0 0 0 0 0 0 0 0 0 0 0 0 0 0 0 0 0 0 0 0 0 0 0 0 0 0 0 0 0 0 0 0 0 0 0 0 0 0 0 0 0 0 0 0 0 0 0 0 0 0 0 0 0 0 0 0 0 0 0 0 0 0 0 0 0 0 0 0 0 0 0 0 0 0 0 0 0 0 0 0 0 0 0 0 0 0 0 0 0 0 0 0 0 0 0 0 0 0 0 0 0 0 0 0 0 0 0 0 0 0 0 0 0 0 0 0 0 0 0 0 0 0 0 0 0 0 0 0 0 0 0 0 0 0 0 0 0 0 0 0 0 0 0 0 0 0 0 0 0 0 0 0 0 0 0 0 0 0 0 0 0 0 0 0 0 0 0 0 0 0 0 0 0 0 0 0 0 0 0 0 0 0 0 0 0 0 0 0 0 0 0 0 0 0 0 0 0 0 0 0 0 0 0 0 0 0 0 0 0 0 0 0 0 0 0 0 0 0 0 0 0 0 0 0 0 0 0 0 0 0 0 0 0 0 0 0 0 0 0 0 0 0 0 0 0 0 0 0 0 0 0 0 0 0 0 0 0 0 0 0 0 0 0 0 0 0 0 0 0 0 0 0 0 0 0 0 0 0 0 0 0 0 0 0 0 0 0 0 0 0 0 0 0 0 0 0 0 0 0 0 0 0 0 0 0 0 0 0 0 0 0 0 0 0 0 0 0 0 0 0 0 0 0 0 0 0 0 0 0 0 0 0 0 0 0 0 0 0 0 0 0 0 0 0 0 0 0 0 0 0 0 0 0 0 0 0 0 0 0 0 0 0 0 0 0
ctxt 48524425
btime 1494099034
processes 84070
procs_running 3
procs_blocked 0
softirq 48440364 5 10215127 6137 467292 24270764 0 2216 3651518 0 9827305
