======================
   8      33 sdc1 14394474 533 1483093128 25051660 47124259 59249861 21020366712 1213637020 0 18442360 1239197752
======================
   8      33 sdc1 14394491 533 1483093264 25053176 47125315 59249861 21022529400 1214170052 144 18446640 1239768904
======================
   8      33 sdc1 14394502 533 1483093352 25055180 47126573 59249906 21025073504 1214801964 144 18451744 1240405764
======================
   8      33 sdc1 14394511 533 1483093424 25056384 47127804 59249926 21027586592 1215447608 130 18456748 1241048164
======================
   8      33 sdc1 14394522 533 1483093512 25057984 47129057 59249948 21030144752 1216069652 129 18461748 1241671652
======================
   8      33 sdc1 14394533 533 1483093600 25059616 47130278 59249971 21032639424 1216693472 135 18466752 1242300560
======================
   8      33 sdc1 14394542 533 1483093672 25060980 47131532 59249993 21035199632 1217331288 119 18471752 1242938512
======================
   8      33 sdc1 14394553 533 1483093760 25062792 47132790 59250015 21037768032 1217955864 145 18476756 1243561480
======================
   8      33 sdc1 14394564 533 1483093848 25064252 47134058 59250036 21040358944 1218590932 143 18481756 1244203948
======================
   8      33 sdc1 14394574 533 1483093928 25065960 47135351 59250060 21042970360 1219236848 155 18486792 1244847848
======================
   8      33 sdc1 14394585 533 1483094016 25067744 47136659 59250081 21045641152 1219868104 131 18491868 1245479604
======================
   8      33 sdc1 14394596 533 1483094104 25069540 47137942 59250105 21048256656 1220488336 136 18496872 1246100324
======================
   8      33 sdc1 14394606 533 1483094184 25071324 47139209 59250131 21050843488 1221119120 143 18501876 1246736092
======================
   8      33 sdc1 14394617 533 1483094272 25073124 47140492 59250155 21053461056 1221739068 147 18506876 1247354644
======================
   8      33 sdc1 14394628 533 1483094360 25074896 47141789 59250178 21056109328 1222347868 134 18511876 1247969652
======================
   8      33 sdc1 14394638 533 1483094440 25076320 47143087 59250201 21058755552 1222985212 122 18516876 1248608512
======================
   8      33 sdc1 14394649 533 1483094528 25077984 47144384 59250226 21061399736 1223620296 111 18521880 1249244080
======================
   8      33 sdc1 14394661 533 1483094624 25079984 47145681 59250253 21064048008 1224239100 154 18526884 1249863584
======================
   8      33 sdc1 14394671 533 1483094704 25081684 47146979 59250277 21066696280 1224860572 156 18531884 1250485520
======================
   8      33 sdc1 14394681 533 1483094784 25083308 47148255 59250301 21069279016 1225484908 104 18536888 1251113548
======================
   8      33 sdc1 14394692 533 1483094872 25085176 47149524 59250324 21071871992 1226106156 118 18541888 1251734264
======================
   8      33 sdc1 14394702 533 1483094952 25086956 47150752 59250347 21074378952 1226735568 149 18546892 1252369436
======================
   8      33 sdc1 14394713 533 1483095040 25088552 47152138 59250375 21076976008 1227357300 149 18551896 1252993160
======================
   8      33 sdc1 14394724 533 1483095128 25090248 47153442 59250405 21079638624 1227994608 133 18556896 1253628632
======================
   8      33 sdc1 14394734 533 1483095208 25091936 47154747 59250429 21082301232 1228629688 138 18561900 1254264016
======================
   8      33 sdc1 14394745 533 1483095296 25093700 47156054 59250456 21084959760 1229248644 120 18566904 1254884516
======================
   8      33 sdc1 14394756 533 1483095384 25095232 47157355 59250482 21087618272 1229881268 102 18571904 1255521440
======================
   8      33 sdc1 14394767 533 1483095472 25096764 47158658 59250510 21090278840 1230534184 145 18576908 1256175484
======================
   8      33 sdc1 14394778 533 1483095560 25098512 47159964 59250537 21092943496 1231163464 133 18581908 1256804224
======================
   8      33 sdc1 14394789 533 1483095648 25100336 47161263 59250566 21095597912 1231775464 133 18586912 1257421300
======================
   8      33 sdc1 14394799 533 1483095728 25102044 47162565 59250589 21098252328 1232392488 138 18591916 1258041764
======================
   8      33 sdc1 14394810 533 1483095816 25103548 47163878 59250615 21100912888 1233025776 137 18596916 1258673480
======================
   8      33 sdc1 14394821 533 1483095904 25105372 47165180 59250641 21103571416 1233640664 121 18601920 1259291504
======================
   8      33 sdc1 14394831 533 1483095984 25106796 47166602 59250664 21106231968 1234306772 94 18606924 1259957380
======================
   8      33 sdc1 14394843 533 1483096080 25108652 47167910 59250696 21108894576 1234932776 158 18611924 1260586864
======================
   8      33 sdc1 14394854 533 1483096168 25110224 47169219 59250729 21111549008 1235555740 158 18616928 1261208004
======================
   8      33 sdc1 14394864 533 1483096248 25111904 47170531 59250768 21114207536 1236189096 148 18621932 1261847556
======================
   8      33 sdc1 14394875 533 1483096336 25113416 47171836 59250804 21116863928 1236828700 146 18626932 1262489564
======================
   8      33 sdc1 14394886 533 1483096424 25115176 47173147 59250841 21119524496 1237457536 126 18631936 1263118280
======================
   8      33 sdc1 14394897 533 1483096512 25117048 47174457 59250877 21122187192 1238086768 104 18636936 1263746620
======================
   8      33 sdc1 14394908 533 1483096600 25118664 47175765 59250916 21124845704 1238711196 135 18641940 1264375288
======================
   8      33 sdc1 14394917 533 1483096672 25120060 47177067 59250953 21127502096 1239357060 133 18646944 1265019568
======================
   8      33 sdc1 14394928 533 1483096760 25121836 47178384 59250983 21130166760 1239989720 136 18651960 1265647924
======================
   8      33 sdc1 14394938 533 1483096840 25123420 47179684 59251006 21132821176 1240612844 134 18656964 1266283420
======================
   8      33 sdc1 14394949 533 1483096928 25125036 47181108 59251034 21135479688 1241261928 136 18661964 1266927484
======================
   8      33 sdc1 14394960 533 1483097016 25126536 47182415 59251070 21138136152 1241892004 119 18666968 1267556780
======================
   8      33 sdc1 14394971 533 1483097104 25128280 47183727 59251113 21140796808 1242523284 146 18671972 1268196984
======================
   8      33 sdc1 14394982 533 1483097192 25130000 47185040 59251147 21143453224 1243135568 155 18676972 1268811372
======================
   8      33 sdc1 14394992 533 1483097272 25131332 47186344 59251179 21146113704 1243769168 45 18681976 1269429992
started
======================
   8      33 sdc1 14395150 533 1483098530 25131844 47186411 59251209 21146206280 1243793504 0 18682248 1269434364
======================
   8      33 sdc1 14395150 533 1483098530 25131844 47187108 59251211 21147578472 1244099544 125 18684832 1269744380
======================
   8      33 sdc1 14395150 533 1483098530 25131844 47188431 59251212 21150253160 1244755064 149 18689832 1270440208
======================
   8      33 sdc1 14395150 533 1483098530 25131844 47189711 59251213 21152854152 1245419772 131 18694712 1271099884
======================
   8      33 sdc1 14395150 533 1483098530 25131844 47190650 59251220 21154767032 1245934016 0 18698300 1271574876
======================
   8      33 sdc1 14395150 533 1483098530 25131844 47191905 59251231 21157329144 1246580500 156 18703092 1272260488
======================
   8      33 sdc1 14395150 533 1483098530 25131844 47193239 59251240 21159995312 1247298544 135 18708092 1272977812
======================
   8      33 sdc1 14395150 533 1483098530 25131844 47194596 59251242 21162690768 1248019024 155 18713128 1273702148
======================
   8      33 sdc1 14395150 533 1483098530 25131844 47195835 59251252 21165065248 1248666036 0 18717588 1274306896
======================
   8      33 sdc1 14395150 533 1483098530 25131844 47196483 59251258 21166309656 1248953692 151 18719956 1274632040
======================
   8      33 sdc1 14395150 533 1483098530 25131844 47197829 59251270 21168924976 1249617268 147 18724852 1275296564
======================
   8      33 sdc1 14395150 533 1483098530 25131844 47199188 59251281 21171560776 1250290336 144 18729800 1275969600
======================
   8      33 sdc1 14395150 533 1483098530 25131844 47200454 59251291 21174035584 1250954128 0 18734428 1276594980
======================
   8      33 sdc1 14395150 533 1483098530 25131844 47201570 59251298 21176197480 1251448196 135 18738504 1277180880
======================
   8      33 sdc1 14395150 533 1483098530 25131844 47202120 59251303 21177242008 1251786464 0 18740480 1277427316
======================
   8      33 sdc1 14395150 533 1483098530 25131844 47203453 59251314 21179745440 1252374676 143 18745188 1278053804
======================
   8      33 sdc1 14395150 533 1483098530 25131844 47204867 59251324 21182438560 1253096788 51 18750220 1278760664
======================
   8      33 sdc1 14395150 533 1483098530 25131844 47206176 59251332 21184962352 1253711548 154 18754948 1279416828
======================
   8      33 sdc1 14395150 533 1483098530 25131844 47207435 59251343 21187368952 1254388824 0 18759472 1280029676
======================
   8      33 sdc1 14395150 533 1483098530 25131844 47208086 59251346 21188624376 1254647344 133 18761848 1280364228
======================
   8      33 sdc1 14395150 533 1483098530 25131844 47209246 59251355 21190836344 1255284536 0 18766004 1280925384
======================
   8      33 sdc1 14395150 533 1483098530 25131844 47209984 59251361 21192254504 1255628276 129 18768696 1281309644
======================
   8      33 sdc1 14395150 533 1483098530 25131844 47211385 59251369 21194932792 1256348972 137 18773696 1282026536
======================
   8      33 sdc1 14395150 533 1483098530 25131844 47212792 59251381 21197603712 1257067984 140 18778700 1282746144
======================
   8      33 sdc1 14395150 533 1483098530 25131844 47213824 59251388 21199560896 1257549420 157 18782392 1283239012
======================
   8      33 sdc1 14395150 533 1483098530 25131844 47215213 59251398 21202230192 1258276356 146 18787396 1283955780
======================
   8      33 sdc1 14395150 533 1483098530 25131844 47216620 59251404 21204898032 1258985672 149 18792400 1284672280
======================
   8      33 sdc1 14395150 533 1483098530 25131844 47218016 59251416 21207575904 1259709480 129 18797400 1285391352
======================
   8      33 sdc1 14395150 533 1483098530 25131844 47219413 59251426 21210242232 1260405840 8 18802404 1286076876
======================
   8      33 sdc1 14395150 533 1483098530 25131844 47220313 59251429 21211911376 1260843948 0 18805536 1286484780
======================
   8      33 sdc1 14395150 533 1483098530 25131844 47221742 59251438 21214583520 1261520452 141 18810524 1287201428
======================
   8      33 sdc1 14395150 533 1483098530 25131844 47222324 59251443 21215681296 1261785484 145 18812628 1287464644
======================
   8      33 sdc1 14395150 533 1483098530 25131844 47223670 59251454 21218252056 1262456116 140 18817440 1288118600
======================
   8      33 sdc1 14395150 533 1483098530 25131844 47225083 59251467 21220930184 1263153040 136 18822444 1288836856
======================
   8      33 sdc1 14395150 533 1483098530 25131844 47225799 59251471 21222283960 1263487552 0 18824992 1289128380
======================
   8      33 sdc1 14395150 533 1483098530 25131844 47227133 59251483 21224776408 1263940748 140 18829704 1289804764
======================
   8      33 sdc1 14395150 533 1483098530 25131844 47228217 59251494 21226811552 1264676776 0 18833532 1290317604
======================
   8      33 sdc1 14395150 533 1483098530 25131844 47229006 59251497 21228261168 1265002492 137 18836284 1290664060
======================
   8      33 sdc1 14395150 533 1483098530 25131844 47230420 59251508 21230937904 1265703528 132 18841288 1291380928
======================
   8      33 sdc1 14395150 533 1483098530 25131844 47231805 59251517 21233559368 1266370244 130 18846200 1292048492
======================
   8      33 sdc1 14395150 533 1483098530 25131844 47232937 59251527 21235733456 1266917896 143 18850276 1292594252
======================
   8      33 sdc1 14395150 533 1483098530 25131844 47234293 59251536 21238301672 1267569752 138 18855096 1293246404
======================
   8      33 sdc1 14395150 533 1483098530 25131844 47234938 59251540 21239523536 1267897700 0 18857392 1293538528
======================
   8      33 sdc1 14395150 533 1483098530 25131844 47236325 59251546 21242079464 1268538776 152 18862180 1294222104
======================
   8      33 sdc1 14395150 533 1483098530 25131844 47237732 59251550 21244746800 1269261816 155 18867180 1294937908
======================
   8      33 sdc1 14395150 533 1483098530 25131844 47239165 59251563 21247412504 1269960068 132 18872180 1295654700
======================
   8      33 sdc1 14395150 533 1483098530 25131844 47240573 59251579 21250088008 1270554348 133 18877184 1296373464
======================
   8      33 sdc1 14395150 533 1483098530 25131844 47242002 59251601 21252757408 1271186588 130 18882184 1297092128
======================
   8      33 sdc1 14395150 533 1483098530 25131844 47243043 59251607 21254744752 1271909164 150 18885924 1297586652
======================
   8      33 sdc1 14395150 533 1483098530 25131844 47244449 59251618 21257424016 1272362280 153 18890924 1298304560
======================
   8      33 sdc1 14395150 533 1483098530 25131844 47245231 59251621 21258882888 1272989368 157 18893716 1298665636
======================
   8      33 sdc1 14395150 533 1483098530 25131844 47246694 59251630 21261560056 1273668032 135 18898716 1299383436
======================
   8      33 sdc1 14395150 533 1483098530 25131844 47247499 59251636 21263032376 1274106684 0 18901488 1299747500
======================
   8      33 sdc1 14395150 533 1483098530 25131844 47248623 59251647 21265183040 1274634624 129 18905540 1300316076
======================
   8      33 sdc1 14395150 533 1483098530 25131844 47249935 59251656 21267657056 1275307672 0 18910192 1300948488
