======================
   8      33 sdc1 988961 4 251714956 2630132 186233 2880030 2260172632 115867993 0 2875295 118496612
======================
   8      33 sdc1 989488 4 251719172 2633150 186408 2882064 2262103000 115922863 18 2879108 118559524
======================
   8      33 sdc1 989500 4 251719268 2637747 186631 2884790 2265205088 116015723 12 2884922 118654900
======================
   8      33 sdc1 989510 4 251719348 2641738 186857 2895649 2267769528 116081618 16 2889770 118722757
======================
   8      33 sdc1 989521 4 251719436 2645627 187008 2897598 2270427984 116148704 13 2894773 118793769
======================
   8      33 sdc1 989532 4 251719524 2650152 187161 2899450 2273069968 116218482 4 2899776 118867718
======================
   8      33 sdc1 989542 4 251719604 2654540 187306 2901305 2275602768 116270252 3 2904487 118923873
======================
   8      33 sdc1 989553 4 251719692 2658367 187454 2903420 2278211984 116316401 17 2909437 118980778
======================
   8      33 sdc1 989564 4 251719780 2662313 187601 2905368 2280814488 116387841 19 2914341 119053930
======================
   8      33 sdc1 989573 4 251719852 2666199 187749 2907121 2283384216 116446282 6 2919212 119112952
======================
   8      33 sdc1 989584 4 251719940 2670570 187903 2909125 2286030728 116504498 6 2924179 119174151
======================
   8      33 sdc1 989597 4 251720044 2675076 188136 2912345 2288739944 116585676 64 2929274 119274254
======================
   8      33 sdc1 989606 4 251720116 2678755 188451 2914031 2291402424 116702135 22 2934276 119381587
======================
   8      33 sdc1 989617 4 251720204 2683040 188752 2915828 2294051392 116793250 21 2939277 119481871
======================
   8      33 sdc1 989628 4 251720292 2687649 189040 2917492 2296569024 116892571 10 2943991 119579609
======================
   8      33 sdc1 989638 4 251720372 2691521 189344 2919415 2299149768 116975392 35 2948841 119671408
======================
   8      33 sdc1 989649 4 251720460 2695660 189626 2921200 2301706056 117073500 39 2953690 119771403
======================
   8      33 sdc1 989659 4 251720540 2699944 189899 2922798 2304352200 117163112 0 2958686 119861526
======================
   8      33 sdc1 989669 4 251720620 2704177 190176 2924678 2306898440 117241023 20 2963481 119947338
======================
   8      33 sdc1 989680 4 251720708 2708463 190454 2926559 2309441352 117315361 29 2968344 120023243
======================
   8      33 sdc1 989689 4 251720780 2712294 190735 2928190 2312028808 117387636 5 2973248 120100633
======================
   8      33 sdc1 989700 4 251720868 2716792 191008 2929988 2314437640 117459253 30 2977763 120179844
======================
   8      33 sdc1 989711 4 251720956 2721363 191324 2931638 2317086088 117551921 1 2982765 120271960
======================
   8      33 sdc1 989721 4 251721036 2725129 191778 2933548 2319470216 117756970 87 2987370 120520227
======================
   8      33 sdc1 989729 4 251721100 2729312 192104 2934969 2322097168 117987868 21 2992371 120720459
======================
   8      33 sdc1 989740 4 251721188 2733623 192428 2936724 2324587656 118072817 37 2997143 120811998
======================
   8      33 sdc1 989750 4 251721268 2737657 192764 2938408 2327181224 118183775 16 3002046 120923009
======================
   8      33 sdc1 989762 4 251721364 2742045 193098 2940104 2329823496 118299876 0 3007040 121040359
======================
   8      33 sdc1 989772 4 251721444 2746131 193421 2941917 2332357512 118396338 21 3011881 121148670
======================
   8      33 sdc1 989783 4 251721532 2750518 193744 2943691 2334991176 118496844 20 3016881 121249944
======================
   8      33 sdc1 989793 4 251721612 2754672 194060 2945258 2337398408 118581126 12 3021411 121337983
======================
   8      33 sdc1 989802 4 251721684 2758699 194367 2947562 2339839752 118689426 121 3026014 121496381
======================
   8      33 sdc1 989803 4 251721692 2759429 194683 2949345 2342518664 119288878 119 3031017 122196406
======================
   8      33 sdc1 989804 4 251721700 2759918 195014 2951559 2345179032 119845855 141 3036020 122761335
======================
   8      33 sdc1 989804 4 251721700 2759918 195308 2952956 2347844400 120381547 143 3041023 123272074
======================
   8      33 sdc1 989805 4 251721708 2760405 195735 2954792 2350501408 120979572 140 3046026 123858188
======================
   8      33 sdc1 989806 4 251721716 2761056 196063 2956718 2353158880 121461961 150 3051028 124375773
======================
   8      33 sdc1 989806 4 251721716 2761056 196382 2958230 2355798024 121995810 116 3056031 124922591
======================
   8      33 sdc1 989807 4 251721724 2761830 196720 2960212 2358468832 122554454 128 3061034 125479148
======================
   8      33 sdc1 989808 4 251721732 2761926 197042 2962034 2361119224 123110499 133 3066036 126029519
======================
   8      33 sdc1 989809 4 251721740 2762523 197358 2963962 2363787256 123660039 156 3071037 126567943
======================
   8      33 sdc1 989809 4 251721740 2762523 197677 2965593 2366421096 124205318 128 3076039 127116041
======================
   8      33 sdc1 989810 4 251721748 2762849 198010 2967420 2369044264 124738784 139 3081041 127635985
======================
   8      33 sdc1 989811 4 251721756 2763364 198333 2969261 2371709352 125281722 142 3086044 128165994
======================
   8      33 sdc1 989811 4 251721756 2763364 198661 2971093 2374358560 125829540 141 3091046 128734013
======================
   8      33 sdc1 989812 4 251721764 2764023 198988 2972837 2377029376 126385742 139 3096046 129287235
======================
   8      33 sdc1 989813 4 251721772 2764530 199373 2974338 2379662048 126983226 156 3101048 129871126
======================
   8      33 sdc1 989814 4 251721780 2765150 199786 2976060 2382268664 127563499 93 3106051 130414030
======================
   8      33 sdc1 989817 4 251721804 2766661 200128 2978085 2384897296 128094678 135 3111054 130998340
started
======================
   8      33 sdc1 989817 4 251721804 2766661 200270 2978110 2386019728 128379882 0 3113156 131144960
======================
   8      33 sdc1 999523 4 254205804 2775142 200270 2978110 2386019728 128379882 1 3117700 131153428
======================
   8      33 sdc1 1010302 6 256965740 2784426 200272 2978111 2386019752 128379890 2 3122704 131162715
======================
   8      33 sdc1 1021094 6 259728492 2793679 200272 2978111 2386019752 128379890 2 3127707 131171957
======================
   8      33 sdc1 1031889 6 262492012 2802949 200272 2978111 2386019752 128379890 2 3132709 131181218
======================
   8      33 sdc1 1042684 6 265255532 2812208 200272 2978111 2386019752 128379890 2 3137713 131190471
======================
   8      33 sdc1 1053481 6 268019564 2821463 200272 2978111 2386019752 128379890 1 3142716 131199713
======================
   8      33 sdc1 1064271 6 270781804 2830712 200272 2978111 2386019752 128379890 2 3147718 131208949
======================
   8      33 sdc1 1075065 6 273545068 2839975 200272 2978111 2386019752 128379890 2 3152721 131218206
======================
   8      33 sdc1 1085860 6 276308588 2849234 200273 2978111 2386019760 128379890 1 3157724 131227452
======================
   8      33 sdc1 1096656 6 279072364 2858500 200273 2978111 2386019760 128379890 2 3162727 131236701
======================
   8      33 sdc1 1107451 6 281835884 2867761 200273 2978111 2386019760 128379890 2 3167729 131245938
======================
   8      33 sdc1 1118247 6 284599660 2877008 200273 2978111 2386019760 128379890 2 3172733 131255173
======================
   8      33 sdc1 1129044 6 287363692 2886266 200273 2978111 2386019760 128379890 2 3177735 131264417
======================
   8      33 sdc1 1139838 6 290126956 2895522 200273 2978111 2386019760 128379890 2 3182738 131273667
======================
   8      33 sdc1 1150632 6 292890220 2904783 200273 2978111 2386019760 128379890 2 3187741 131282920
======================
   8      33 sdc1 1161424 6 295652972 2914051 200273 2978111 2386019760 128379890 2 3192743 131292175
======================
   8      33 sdc1 1172217 6 298415980 2923299 200273 2978111 2386019760 128379890 1 3197746 131301409
======================
   8      33 sdc1 1183011 6 301179244 2932555 200273 2978111 2386019760 128379890 1 3202749 131310657
======================
   8      33 sdc1 1193805 6 303942508 2941820 200273 2978111 2386019760 128379890 2 3207752 131319911
======================
   8      33 sdc1 1204602 6 306706540 2951067 200273 2978111 2386019760 128379890 2 3212754 131329147
======================
   8      33 sdc1 1215397 6 309470060 2960315 200273 2978111 2386019760 128379890 2 3217757 131338390
======================
   8      33 sdc1 1226191 6 312233324 2969578 200273 2978111 2386019760 128379890 2 3222760 131347647
======================
   8      33 sdc1 1236988 6 314997356 2978847 200273 2978111 2386019760 128379890 2 3227762 131356906
======================
   8      33 sdc1 1247781 6 317760364 2988104 200273 2978111 2386019760 128379890 2 3232765 131366156
======================
   8      33 sdc1 1258573 6 320523116 2997368 200273 2978111 2386019760 128379890 2 3237767 131375407
======================
   8      33 sdc1 1269369 6 323286892 3006639 200273 2978111 2386019760 128379890 2 3242771 131384666
======================
   8      33 sdc1 1280163 6 326050156 3015887 200273 2978111 2386019760 128379890 2 3247774 131393902
======================
   8      33 sdc1 1290956 6 328813164 3025144 200273 2978111 2386019760 128379890 2 3252776 131403147
======================
   8      33 sdc1 1301753 6 331577196 3034420 200273 2978111 2386019760 128379890 1 3257779 131412415
======================
   8      33 sdc1 1312547 6 334340460 3043666 200273 2978111 2386019760 128379890 2 3262782 131421652
======================
   8      33 sdc1 1323342 6 337103980 3052929 200273 2978111 2386019760 128379890 2 3267785 131430903
======================
   8      33 sdc1 1334138 6 339867756 3062204 200273 2978111 2386019760 128379890 2 3272786 131440165
======================
   8      33 sdc1 1344931 6 342630516 3071486 200273 2978111 2386019760 128379890 2 3277788 131449435
======================
   8      33 sdc1 1355725 6 345393780 3080746 200273 2978111 2386019760 128379890 2 3282790 131458678
======================
   8      33 sdc1 1366520 6 348157300 3090007 200273 2978111 2386019760 128379890 2 3287793 131467927
======================
   8      33 sdc1 1377317 6 350921332 3099262 200273 2978111 2386019760 128379890 2 3292796 131477167
======================
   8      33 sdc1 1388132 6 353689972 3108524 200273 2978111 2386019760 128379890 1 3297808 131486414
======================
   8      33 sdc1 1398927 6 356453492 3117778 200273 2978111 2386019760 128379890 2 3302811 131495660
======================
   8      33 sdc1 1409723 6 359217268 3127031 200273 2978111 2386019760 128379890 1 3307813 131504903
======================
   8      33 sdc1 1420517 6 361980532 3136288 200273 2978111 2386019760 128379890 2 3312815 131514147
======================
   8      33 sdc1 1431310 6 364743540 3145557 200273 2978111 2386019760 128379890 2 3317818 131523401
======================
   8      33 sdc1 1442108 6 367507828 3154809 200273 2978111 2386019760 128379890 2 3322821 131532641
======================
   8      33 sdc1 1452903 6 370271348 3164054 200273 2978111 2386019760 128379890 2 3327824 131541881
======================
   8      33 sdc1 1463698 6 373034868 3173308 200273 2978111 2386019760 128379890 1 3332827 131551122
======================
   8      33 sdc1 1474493 6 375798644 3182560 200273 2978111 2386019760 128379890 2 3337830 131560360
