======================
   8      33 sdc1 167398957 1741459 8645244534 263567756 211794852 384055222 113312521112 3845306095 0 112970621 4110237129
======================
   8      33 sdc1 167398972 1741459 8645244654 263570713 211794977 384056898 113314730008 3845359089 7 112974836 4110297722
======================
   8      33 sdc1 167398984 1741459 8645244750 263574891 211795164 384059941 113317368288 3845426303 18 112979837 4110366441
======================
   8      33 sdc1 167398996 1741459 8645244846 263580379 211795385 384062726 113320730176 3845499444 5 112986240 4110444508
======================
   8      33 sdc1 167399006 1741459 8645244926 263584298 211795542 384064686 113323369552 3845553295 4 112991242 4110501854
======================
   8      33 sdc1 167399017 1741459 8645245014 263588864 211795697 384066795 113326025232 3845606608 15 112996245 4110560656
======================
   8      33 sdc1 167399027 1741459 8645245094 263592692 211795851 384068549 113328558072 3845655885 5 113001060 4110614090
======================
   8      33 sdc1 167399037 1741459 8645245174 263596901 211796003 384070499 113331139992 3845705482 9 113005978 4110669151
======================
   8      33 sdc1 167399048 1741459 8645245262 263601149 211796160 384072434 113333717784 3845757286 10 113010873 4110725243
======================
   8      33 sdc1 167399059 1741459 8645245350 263605427 211796319 384074372 113336228704 3845806078 20 113015662 4110778809
======================
   8      33 sdc1 167399069 1741459 8645245430 263610194 211796515 384076186 113338884640 3845879692 7 113020685 4110854139
======================
   8      33 sdc1 167399079 1741459 8645245510 263613247 211796951 384078760 113341221312 3846085259 23 113025133 4111063304
======================
   8      33 sdc1 167399088 1741459 8645245582 263617286 211797202 384080405 113343752928 3846150909 6 113029977 4111134007
======================
   8      33 sdc1 167399100 1741459 8645245678 263621841 211797501 384082383 113346388776 3846239371 34 113034980 4111226380
======================
   8      33 sdc1 167399110 1741459 8645245758 263625283 211797767 384084028 113348952296 3846313110 11 113039867 4111306442
======================
   8      33 sdc1 167399120 1741459 8645245838 263629912 211798031 384085862 113351591592 3846398482 9 113044870 4111395711
======================
   8      33 sdc1 167399131 1741459 8645245926 263634091 211798325 384087649 113354110824 3846501318 24 113049637 4111506088
======================
   8      33 sdc1 167399142 1741459 8645246014 263638648 211798605 384089456 113356646432 3846595491 32 113054502 4111597825
======================
   8      33 sdc1 167399151 1741459 8645246086 263642230 211798893 384091082 113359205160 3846680237 7 113059339 4111688450
======================
   8      33 sdc1 167399162 1741459 8645246174 263646616 211799180 384092938 113361709584 3846766721 21 113064098 4111779636
======================
   8      33 sdc1 167399173 1741459 8645246262 263650621 211799476 384094739 113364353168 3846870552 20 113069099 4111888573
======================
   8      33 sdc1 167399184 1741459 8645246350 263655138 211799908 384096422 113366987088 3847007721 150 113074099 4112078991
======================
   8      33 sdc1 167399194 1741459 8645246430 263657979 211800627 384097787 113369638496 3847428828 15 113079102 4112455689
======================
   8      33 sdc1 167399205 1741459 8645246518 263662430 211800948 384099552 113372282072 3847518299 11 113084104 4112547864
======================
   8      33 sdc1 167399215 1741459 8645246598 263666860 211801264 384101320 113374812048 3847604749 22 113088892 4112638627
======================
   8      33 sdc1 167399225 1741459 8645246678 263670888 211801578 384102980 113377267680 3847691305 10 113093551 4112729224
======================
   8      33 sdc1 167399236 1741459 8645246766 263675345 211801875 384104621 113379752160 3847789767 0 113098261 4112828337
======================
   8      33 sdc1 167399246 1741459 8645246846 263679930 211802202 384106527 113382370080 3847899060 31 113103211 4112945152
======================
   8      33 sdc1 167399256 1741459 8645246926 263683924 211802504 384108121 113384765216 3847991450 23 113107735 4113046884
======================
   8      33 sdc1 167399267 1741459 8645247014 263688272 211802826 384109891 113387341664 3848094220 27 113112597 4113150000
======================
   8      33 sdc1 167399277 1741459 8645247094 263692523 211803157 384111643 113389864928 3848196095 40 113117372 4113261338
======================
   8      33 sdc1 167399287 1741459 8645247174 263696650 211803484 384113226 113392401248 3848312826 18 113122202 4113377283
======================
   8      33 sdc1 167399298 1741459 8645247262 263701387 211803831 384115036 113395040320 3848415147 17 113127204 4113483976
======================
   8      33 sdc1 167399308 1741459 8645247342 263704399 211804543 384116366 113397522496 3848758346 58 113131868 4113826852
======================
   8      33 sdc1 167399319 1741459 8645247430 263708508 211804952 384118100 113400157920 3848947323 31 113136870 4114033070
======================
   8      33 sdc1 167399328 1741459 8645247502 263712589 211805277 384119660 113402599264 3849069042 21 113141473 4114155913
======================
   8      33 sdc1 167399339 1741459 8645247590 263717632 211805628 384121375 113405230496 3849172258 13 113146473 4114256296
======================
   8      33 sdc1 167399350 1741459 8645247678 263721556 211805960 384123166 113407798624 3849269729 24 113151338 4114365742
======================
   8      33 sdc1 167399360 1741459 8645247758 263725715 211806288 384124924 113410347936 3849376902 34 113156172 4114478518
======================
   8      33 sdc1 167399371 1741459 8645247846 263730137 211806622 384126677 113412894304 3849477242 43 113160988 4114577686
======================
   8      33 sdc1 167399381 1741459 8645247926 263734392 211806943 384128086 113415322080 3849600853 4 113165557 4114699026
======================
   8      33 sdc1 167399391 1741459 8645248006 263738569 211807317 384130024 113417964752 3849730368 28 113170562 4114832400
======================
   8      33 sdc1 167399402 1741459 8645248094 263743249 211807667 384131745 113420587536 3849825429 28 113175560 4114934505
======================
   8      33 sdc1 167399413 1741459 8645248182 263747604 211808024 384133362 113423180368 3849930155 5 113180455 4115042118
======================
   8      33 sdc1 167399423 1741459 8645248262 263751789 211808425 384135059 113425688080 3850041397 55 113185205 4115166603
======================
   8      33 sdc1 167399435 1741459 8645248358 263755248 211809188 384136695 113428344272 3850482511 89 113190209 4115644421
======================
   8      33 sdc1 167399444 1741459 8645248430 263758850 211809543 384138078 113430816544 3850667297 33 113194897 4115791155
======================
   8      33 sdc1 167399454 1741459 8645248510 263762880 211809923 384139801 113433505488 3850826645 24 113199973 4115958240
======================
   8      33 sdc1 167399465 1741459 8645248598 263767547 211810301 384141538 113436157712 3850928097 6 113204974 4116060600
======================
   8      33 sdc1 167399474 1741459 8645248670 263770846 211810615 384142996 113438360608 3851043368 0 113209165 4116177381
started
======================
   8      33 sdc1 167401500 1741459 8645720704 263774186 211810625 384142997 113438360696 3851043389 3 113210094 4116180742
======================
   8      33 sdc1 167412980 1741463 8648660608 263788460 211810627 384142999 113438360728 3851043398 3 113215390 4116195016
======================
   8      33 sdc1 167423840 1741463 8651440768 263802156 211810627 384142999 113438360728 3851043398 2 113220392 4116208704
======================
   8      33 sdc1 167434703 1741463 8654221696 263815807 211810627 384142999 113438360728 3851043398 2 113225394 4116222345
======================
   8      33 sdc1 167445567 1741463 8657002880 263829356 211810627 384142999 113438360728 3851043398 2 113230397 4116235882
======================
   8      33 sdc1 167456428 1741463 8659783296 263842886 211810627 384142999 113438360728 3851043398 2 113235399 4116249402
======================
   8      33 sdc1 167467290 1741463 8662563968 263856435 211810629 384142999 113438360744 3851043400 3 113240401 4116262939
======================
   8      33 sdc1 167478318 1741463 8665387136 263870320 211810629 384142999 113438360744 3851043400 2 113245479 4116276813
======================
   8      33 sdc1 167489181 1741463 8668168064 263883970 211810629 384142999 113438360744 3851043400 3 113250482 4116290455
======================
   8      33 sdc1 167500044 1741463 8670948992 263897526 211810629 384142999 113438360744 3851043400 2 113255484 4116303999
======================
   8      33 sdc1 167510909 1741463 8673730432 263911126 211810629 384142999 113438360744 3851043400 2 113260487 4116317593
======================
   8      33 sdc1 167521770 1741463 8676510848 263924756 211810629 384142999 113438360744 3851043400 3 113265489 4116331215
======================
   8      33 sdc1 167532633 1741463 8679291776 263938287 211810629 384142999 113438360744 3851043400 2 113270491 4116344733
======================
   8      33 sdc1 167543512 1741463 8682076800 263951877 211810629 384142999 113438360744 3851043400 2 113275501 4116358310
======================
   8      33 sdc1 167554372 1741463 8684856960 263965573 211810629 384142999 113438360744 3851043400 2 113280503 4116371997
======================
   8      33 sdc1 167565236 1741463 8687638144 263979279 211810629 384142999 113438360744 3851043400 0 113285506 4116385689
======================
   8      33 sdc1 167576098 1741463 8690418816 263992918 211810629 384142999 113438360744 3851043400 3 113290508 4116399318
======================
   8      33 sdc1 167586960 1741463 8693199488 264006656 211810629 384142999 113438360744 3851043400 3 113295510 4116413048
======================
   8      33 sdc1 167597821 1741463 8695979904 264020284 211810629 384142999 113438360744 3851043400 2 113300511 4116426665
======================
   8      33 sdc1 167608684 1741463 8698760832 264033948 211810629 384142999 113438360744 3851043400 3 113305513 4116440317
======================
   8      33 sdc1 167619546 1741463 8701541504 264047692 211810629 384142999 113438360744 3851043400 2 113310515 4116454052
======================
   8      33 sdc1 167630407 1741463 8704321920 264061336 211810629 384142999 113438360744 3851043400 2 113315516 4116467681
======================
   8      33 sdc1 167641272 1741463 8707103360 264075034 211810629 384142999 113438360744 3851043400 3 113320520 4116481369
======================
   8      33 sdc1 167652136 1741463 8709884544 264088648 211810629 384142999 113438360744 3851043400 3 113325522 4116494968
======================
   8      33 sdc1 167662998 1741463 8712665216 264102333 211810629 384142999 113438360744 3851043400 3 113330524 4116508644
======================
   8      33 sdc1 167673874 1741463 8715449472 264115987 211810629 384142999 113438360744 3851043400 2 113335533 4116522289
======================
   8      33 sdc1 167684736 1741463 8718230144 264129578 211810629 384142999 113438360744 3851043400 3 113340534 4116535865
======================
   8      33 sdc1 167695600 1741463 8721011328 264143248 211810629 384142999 113438360744 3851043400 2 113345537 4116549523
======================
   8      33 sdc1 167706461 1741463 8723791744 264156891 211810629 384142999 113438360744 3851043400 3 113350538 4116563156
======================
   8      33 sdc1 167717324 1741463 8726572672 264170515 211810629 384142999 113438360744 3851043400 2 113355540 4116576771
======================
   8      33 sdc1 167728186 1741463 8729353344 264184099 211810629 384142999 113438360744 3851043400 2 113360542 4116590345
======================
   8      33 sdc1 167739117 1741463 8732151680 264197756 211810629 384142999 113438360744 3851043400 3 113365576 4116603992
======================
   8      33 sdc1 167749982 1741463 8734932872 264211422 211810629 384142999 113438360744 3851043400 2 113370579 4116617646
======================
   8      33 sdc1 167760842 1741463 8737713032 264224999 211810629 384142999 113438360744 3851043400 2 113375580 4116631210
======================
   8      33 sdc1 167771703 1741463 8740493448 264238692 211810629 384142999 113438360744 3851043400 3 113380581 4116644894
======================
   8      33 sdc1 167782565 1741463 8743274120 264252290 211810629 384142999 113438360744 3851043400 3 113385583 4116658477
======================
   8      33 sdc1 167793427 1741463 8746054792 264265998 211810629 384142999 113438360744 3851043400 3 113390584 4116672180
======================
   8      33 sdc1 167804355 1741463 8748852360 264279649 211810629 384142999 113438360744 3851043400 2 113395618 4116685820
======================
   8      33 sdc1 167815217 1741463 8751633032 264293271 211810629 384142999 113438360744 3851043400 3 113400620 4116699435
======================
   8      33 sdc1 167826083 1741464 8754414480 264306954 211810629 384142999 113438360744 3851043400 4 113405623 4116713101
======================
   8      33 sdc1 167836947 1741464 8757195400 264320501 211810629 384142999 113438360744 3851043400 3 113410625 4116726637
======================
   8      33 sdc1 167847811 1741464 8759976584 264334185 211810629 384142999 113438360744 3851043400 3 113415628 4116740308
======================
   8      33 sdc1 167858673 1741464 8762757256 264347841 211810629 384142999 113438360744 3851043400 3 113420630 4116753953
======================
   8      33 sdc1 167869642 1741464 8765565320 264361498 211810629 384142999 113438360744 3851043400 2 113425681 4116767594
======================
   8      33 sdc1 167880506 1741464 8768346504 264375123 211810629 384142999 113438360744 3851043400 2 113430684 4116781210
======================
   8      33 sdc1 167891181 1741464 8771079304 264388470 211810629 384142999 113438360744 3851043400 0 113435599 4116794549
