======================
   8      17 sdb1 19896 0 159396 15000 8 2 80 12 0 5556 15012
======================
   8      17 sdb1 19896 0 159396 15000 8 2 80 12 0 5556 15012
======================
   8      17 sdb1 19896 0 159396 15000 8 2 80 12 0 5556 15012
======================
   8      17 sdb1 19896 0 159396 15000 8 2 80 12 0 5556 15012
======================
   8      17 sdb1 19896 0 159396 15000 8 2 80 12 0 5556 15012
======================
   8      17 sdb1 19896 0 159396 15000 8 2 80 12 0 5556 15012
======================
   8      17 sdb1 19896 0 159396 15000 8 2 80 12 0 5556 15012
======================
   8      17 sdb1 19896 0 159396 15000 8 2 80 12 0 5556 15012
======================
   8      17 sdb1 19896 0 159396 15000 8 2 80 12 0 5556 15012
======================
   8      17 sdb1 19896 0 159396 15000 8 2 80 12 0 5556 15012
======================
   8      17 sdb1 19896 0 159396 15000 8 2 80 12 0 5556 15012
======================
   8      17 sdb1 19896 0 159396 15000 8 2 80 12 0 5556 15012
======================
   8      17 sdb1 19896 0 159396 15000 8 2 80 12 0 5556 15012
======================
   8      17 sdb1 19896 0 159396 15000 8 2 80 12 0 5556 15012
======================
   8      17 sdb1 19896 0 159396 15000 8 2 80 12 0 5556 15012
======================
   8      17 sdb1 19896 0 159396 15000 8 2 80 12 0 5556 15012
======================
   8      17 sdb1 19896 0 159396 15000 8 2 80 12 0 5556 15012
======================
   8      17 sdb1 19896 0 159396 15000 8 2 80 12 0 5556 15012
======================
   8      17 sdb1 19896 0 159396 15000 8 2 80 12 0 5556 15012
started
======================
   8      17 sdb1 19897 0 159404 15000 8 2 80 12 0 5556 15012
