======================
   8      33 sdc1 30405267 49111 2202029926 89442521 70215891 54223619 33628530712 1352114299 0 22845226 1441535978
======================
   8      33 sdc1 30405283 49111 2202030054 89443584 70217808 54223619 33630941848 1352711762 104 22849784 1442156847
======================
   8      33 sdc1 30405295 49111 2202030150 89444914 70219533 54224090 33633585536 1353366146 133 22854786 1442818233
======================
   8      33 sdc1 30405307 49111 2202030246 89446968 70220841 54225183 33636231888 1353964370 134 22859789 1443451072
======================
   8      33 sdc1 30405318 49111 2202030334 89449942 70221488 54226900 33638869936 1354515846 112 22864792 1444002282
======================
   8      33 sdc1 30405326 49111 2202030398 89453352 70221781 54228190 33641488656 1354729580 3 22869794 1444163509
======================
   8      33 sdc1 30405338 49111 2202030494 89458061 70222168 54229965 33644129552 1354888680 23 22874796 1444326006
======================
   8      33 sdc1 30405349 49111 2202030582 89461435 70222789 54231604 33646780960 1355247910 93 22879799 1444705672
======================
   8      33 sdc1 30405360 49111 2202030670 89464211 70223516 54233040 33649436640 1355750220 127 22884802 1445258073
======================
   8      33 sdc1 30405371 49111 2202030758 89466081 70224591 54233918 33652089968 1356398024 157 22889804 1445867502
======================
   8      33 sdc1 30405381 49111 2202030838 89467070 70226545 54234088 33654734960 1357064092 145 22894807 1446535252
======================
   8      33 sdc1 30405392 49111 2202030926 89468148 70228532 54234234 33657383744 1357727011 150 22899810 1447195221
======================
   8      33 sdc1 30405403 49111 2202031014 89469258 70230620 54234271 33660032800 1358388329 150 22904813 1447857160
======================
   8      33 sdc1 30405413 49111 2202031094 89470522 70232453 54234623 33662681856 1359020521 138 22909815 1448497045
======================
   8      33 sdc1 30405425 49111 2202031190 89472040 70233998 54235442 33665330640 1359633078 133 22914818 1449141630
======================
   8      33 sdc1 30405436 49111 2202031278 89475343 70234678 54236892 33667964672 1360150182 123 22919820 1449632560
======================
   8      33 sdc1 30405445 49111 2202031350 89478552 70235113 54238447 33670613648 1360640798 27 22924823 1450101275
======================
   8      33 sdc1 30405457 49111 2202031446 89482714 70235587 54240184 33673244608 1360809100 124 22929825 1450321202
======================
   8      33 sdc1 30405468 49111 2202031534 89485545 70236283 54241611 33675892480 1361380262 134 22934827 1450870024
======================
   8      33 sdc1 30405478 49111 2202031614 89488123 70237074 54242932 33678550848 1361964014 134 22939830 1451481440
======================
   8      33 sdc1 30405489 49111 2202031702 89490514 70238102 54243852 33681213592 1362605118 146 22944833 1452100996
======================
   8      33 sdc1 30405500 49111 2202031790 89491527 70240092 54244011 33683874792 1363264551 155 22949836 1452756670
======================
   8      33 sdc1 30405510 49111 2202031870 89492477 70242106 54244143 33686540136 1363931918 151 22954838 1453425861
======================
   8      33 sdc1 30405521 49111 2202031958 89493663 70244189 54244181 33689198592 1364583426 155 22959841 1454078244
======================
   8      33 sdc1 30405532 49111 2202032046 89494819 70246103 54244445 33691861344 1365220647 124 22964843 1454722164
======================
   8      33 sdc1 30405543 49111 2202032134 89496146 70247717 54245164 33694521144 1365843855 121 22969847 1455375808
======================
   8      33 sdc1 30405554 49111 2202032222 89499125 70248429 54246577 33697187928 1366438095 99 22974849 1455933114
======================
   8      33 sdc1 30405564 49111 2202032302 89503075 70248923 54248077 33699861432 1366856856 9 22979852 1456342203
======================
   8      33 sdc1 30405576 49111 2202032398 89507538 70249425 54249912 33702528120 1367023079 132 22984854 1456534978
======================
   8      33 sdc1 30405586 49111 2202032478 89510249 70250165 54251170 33705204088 1367622417 52 22989856 1457152160
======================
   8      33 sdc1 30405597 49111 2202032566 89512608 70251025 54252435 33707873720 1368229810 39 22994859 1457746514
======================
   8      33 sdc1 30405608 49111 2202032654 89514375 70252108 54253463 33710539272 1368859813 155 22999863 1458363203
======================
   8      33 sdc1 30405619 49111 2202032742 89515505 70254101 54253613 33713201752 1369513550 138 23004866 1459020346
======================
   8      33 sdc1 30405630 49111 2202032830 89516652 70256113 54253743 33715868520 1370175336 155 23009868 1459675510
======================
   8      33 sdc1 30405640 49111 2202032910 89517587 70258209 54253788 33718536640 1370845169 134 23014871 1460350193
======================
   8      33 sdc1 30405651 49111 2202032998 89518839 70260125 54254020 33721200352 1371510466 15 23019874 1461014624
======================
   8      33 sdc1 30405663 49111 2202033094 89520420 70261707 54254660 33723864432 1372125810 50 23024875 1461658814
======================
   8      33 sdc1 30405674 49111 2202033182 89523212 70262450 54256044 33726536608 1372723985 29 23029879 1462250606
======================
   8      33 sdc1 30405685 49111 2202033270 89527503 70262965 54257838 33729206064 1373174157 47 23034881 1462718616
======================
   8      33 sdc1 30405696 49111 2202033358 89531057 70263491 54259375 33731871160 1373456192 79 23039884 1462996316
======================
   8      33 sdc1 30405707 49111 2202033446 89533960 70264226 54260748 33734537848 1374007495 78 23044888 1463564637
======================
   8      33 sdc1 30405717 49111 2202033526 89536521 70265074 54262118 33737210160 1374596939 130 23049891 1464158959
======================
   8      33 sdc1 30405728 49111 2202033614 89538373 70266158 54263020 33739874240 1375217197 156 23054894 1464759771
======================
   8      33 sdc1 30405739 49111 2202033702 89539451 70268158 54263159 33742534032 1375882766 154 23059897 1465425174
======================
   8      33 sdc1 30405749 49111 2202033782 89540347 70270185 54263273 33745195424 1376554638 150 23064899 1466097509
======================
   8      33 sdc1 30405760 49111 2202033870 89541317 70272276 54263316 33747856560 1377223238 132 23069901 1466765342
======================
   8      33 sdc1 30405771 49111 2202033958 89542601 70274183 54263578 33750519312 1377873221 133 23074904 1467422563
======================
   8      33 sdc1 30405782 49111 2202034046 89544224 70275775 54264311 33753179056 1378499623 135 23079905 1468068398
======================
started
   8      33 sdc1 30405905 49111 2202035024 89544770 70276138 54264752 33754370272 1378699531 0 23082177 1468223419
======================
   8      33 sdc1 30419414 49111 2202895752 89548010 70276138 54264752 33754370272 1378699531 1 23085019 1468226655
======================
   8      33 sdc1 30436381 49111 2203982024 89551548 70276140 54264754 33754370304 1378699538 0 23088543 1468230185
======================
   8      33 sdc1 30453774 49111 2205095560 89555159 70276140 54264754 33754370304 1378699538 1 23092144 1468233786
======================
   8      33 sdc1 30471416 49111 2206227592 89558797 70276140 54264754 33754370304 1378699538 1 23095771 1468237414
======================
   8      33 sdc1 30489250 49111 2207371848 89562466 70276140 54264754 33754370304 1378699538 1 23099427 1468241070
======================
   8      33 sdc1 30506220 49111 2208463640 89565960 70276142 54264754 33754370320 1378699538 0 23102903 1468244547
======================
   8      33 sdc1 30523713 49111 2209589832 89569578 70276142 54264754 33754370320 1378699538 0 23106506 1468248152
======================
   8      33 sdc1 30541073 49111 2210708648 89573179 70276142 54264754 33754370320 1378699538 1 23110080 1468251732
======================
   8      33 sdc1 30558443 49111 2211832440 89576793 70276142 54264754 33754370320 1378699538 1 23113669 1468255332
======================
   8      33 sdc1 30575167 49111 2212917336 89580273 70276142 54264754 33754370320 1378699538 0 23117128 1468258800
======================
   8      33 sdc1 30591689 49111 2213991360 89583765 70276142 54264754 33754370320 1378699538 0 23120600 1468262284
======================
   8      33 sdc1 30608755 49111 2215107272 89587327 70276142 54264754 33754370320 1378699538 1 23124139 1468265839
======================
   8      33 sdc1 30626220 49112 2216251256 89590992 70276142 54264754 33754370320 1378699538 1 23127774 1468269498
======================
   8      33 sdc1 30643554 49112 2217389192 89594614 70276142 54264754 33754370320 1378699538 0 23131353 1468273102
======================
   8      33 sdc1 30660458 49112 2218503432 89598193 70276142 54264754 33754370320 1378699538 0 23134879 1468276667
======================
   8      33 sdc1 30677133 49112 2219604656 89601795 70276142 54264754 33754370320 1378699538 1 23138432 1468280261
======================
   8      33 sdc1 30693225 49112 2220673664 89605331 70276142 54264754 33754370320 1378699538 0 23141901 1468283784
======================
   8      33 sdc1 30709264 49113 2221737840 89608865 70276142 54264754 33754370320 1378699538 1 23145379 1468287301
======================
   8      33 sdc1 30725349 49114 2222803344 89612476 70276142 54264754 33754370320 1378699538 0 23148928 1468290894
======================
   8      33 sdc1 30741413 49114 2223867536 89615960 70276142 54264754 33754370320 1378699538 1 23152358 1468294365
======================
   8      33 sdc1 30757297 49116 2224924552 89619525 70276142 54264754 33754370320 1378699538 1 23155858 1468297925
======================
   8      33 sdc1 30773188 49116 2225984384 89623112 70276142 54264754 33754370320 1378699538 0 23159392 1468301497
======================
   8      33 sdc1 30789462 49117 2227065600 89626609 70276142 54264754 33754370320 1378699538 0 23162836 1468304982
======================
   8      33 sdc1 30805549 49117 2228129912 89630119 70276142 54264754 33754370320 1378699538 0 23166298 1468308479
======================
   8      33 sdc1 30821516 49117 2229193808 89633623 70276142 54264754 33754370320 1378699538 0 23169715 1468311965
======================
   8      33 sdc1 30837296 49117 2230239608 89637147 70276142 54264754 33754370320 1378699538 1 23173183 1468315474
======================
   8      33 sdc1 30853127 49117 2231293392 89640721 70276142 54264754 33754370320 1378699538 1 23176705 1468319034
======================
   8      33 sdc1 30869193 49117 2232361640 89644303 70276142 54264754 33754370320 1378699538 0 23180200 1468322594
======================
   8      33 sdc1 30885200 49117 2233425600 89647871 70276142 54264754 33754370320 1378699538 1 23183699 1468326146
======================
   8      33 sdc1 30901151 49119 2234486592 89651491 70276142 54264754 33754370320 1378699538 0 23187251 1468329756
======================
   8      33 sdc1 30917075 49119 2235547560 89655051 70276142 54264754 33754370320 1378699538 1 23190746 1468333305
======================
   8      33 sdc1 30932956 49121 2236603504 89658515 70276142 54264754 33754370320 1378699538 1 23194145 1468336752
======================
   8      33 sdc1 30948982 49121 2237673424 89662091 70276142 54264754 33754370320 1378699538 1 23197647 1468340312
======================
   8      33 sdc1 30964952 49121 2238735016 89665553 70276142 54264754 33754370320 1378699538 0 23201052 1468343759
======================
   8      33 sdc1 30980828 49121 2239798168 89669108 70276142 54264754 33754370320 1378699538 1 23204541 1468347300
======================
   8      33 sdc1 30996974 49121 2240875072 89672668 70276142 54264754 33754370320 1378699538 0 23208027 1468350843
======================
   8      33 sdc1 31012793 49121 2241935560 89676159 70276142 54264754 33754370320 1378699538 0 23211453 1468354324
======================
   8      33 sdc1 31028949 49121 2243012976 89679715 70276142 54264754 33754370320 1378699538 1 23214947 1468357866
======================
   8      33 sdc1 31044635 49121 2244052848 89683155 70276142 54264754 33754370320 1378699538 0 23218345 1468361295
======================
   8      33 sdc1 31060470 49123 2245108992 89686717 70276142 54264754 33754370320 1378699538 0 23221833 1468364838
======================
   8      33 sdc1 31076139 49123 2246161632 89690184 70276142 54264754 33754370320 1378699538 1 23225243 1468368298
======================
   8      33 sdc1 31091881 49123 2247210208 89693698 70276142 54264754 33754370320 1378699538 0 23228706 1468371796
======================
   8      33 sdc1 31107603 49123 2248261328 89697237 70276142 54264754 33754370320 1378699538 1 23232182 1468375316
======================
   8      33 sdc1 31123457 49123 2249320872 89700769 70276142 54264754 33754370320 1378699538 0 23235643 1468378840
======================
   8      33 sdc1 31139511 49123 2250393504 89704279 70276142 54264754 33754370320 1378699538 0 23239094 1468382334
======================
   8      33 sdc1 31155698 49124 2251476704 89707801 70276142 54264754 33754370320 1378699538 1 23242547 1468385840
======================
   8      33 sdc1 31171872 49124 2252552824 89711312 70276142 54264754 33754370320 1378699538 1 23246004 1468389333
======================
   8      33 sdc1 31187598 49125 2253604912 89714890 70276142 54264754 33754370320 1378699538 0 23249507 1468392898
======================
   8      33 sdc1 31203528 49126 2254671232 89718437 70276142 54264754 33754370320 1378699538 0 23252979 1468396436
======================
   8      33 sdc1 31219532 49126 2255742544 89721950 70276142 54264754 33754370320 1378699538 1 23256438 1468399936
======================
   8      33 sdc1 31235508 49126 2256803960 89725492 70276142 54264754 33754370320 1378699538 0 23259916 1468403471
======================
   8      33 sdc1 31251638 49126 2257882824 89728979 70276142 54264754 33754370320 1378699538 1 23263339 1468406945
======================
   8      33 sdc1 31267457 49126 2258939816 89732464 70276142 54264754 33754370320 1378699538 0 23266759 1468410419
======================
   8      33 sdc1 31283175 49126 2259988240 89735958 70276142 54264754 33754370320 1378699538 0 23270207 1468413905
======================
   8      33 sdc1 31298736 49126 2261028608 89739489 70276142 54264754 33754370320 1378699538 0 23273660 1468417425
======================
   8      33 sdc1 31314657 49126 2262090272 89742998 70276142 54264754 33754370320 1378699538 0 23277097 1468420915
======================
   8      33 sdc1 31330024 49126 2263116816 89746510 70276142 54264754 33754370320 1378699538 0 23280549 1468424422
======================
   8      33 sdc1 31345699 49126 2264165008 89749995 70276142 54264754 33754370320 1378699538 1 23283976 1468427899
======================
   8      33 sdc1 31361648 49126 2265226360 89753580 70276142 54264754 33754370320 1378699538 1 23287504 1468431469
======================
   8      33 sdc1 31377886 49126 2266313784 89757128 70276142 54264754 33754370320 1378699538 1 23290991 1468435006
======================
   8      33 sdc1 31393963 49126 2267390208 89760670 70276142 54264754 33754370320 1378699538 1 23294483 1468438540
======================
   8      33 sdc1 31409980 49126 2268463152 89764214 70276142 54264754 33754370320 1378699538 1 23297961 1468442070
======================
   8      33 sdc1 31425826 49126 2269524032 89767757 70276142 54264754 33754370320 1378699538 1 23301433 1468445600
======================
   8      33 sdc1 31441715 49126 2270586640 89771309 70276142 54264754 33754370320 1378699538 1 23304928 1468449138
======================
   8      33 sdc1 31457701 49126 2271659256 89774884 70276142 54264754 33754370320 1378699538 0 23308433 1468452703
======================
   8      33 sdc1 31473750 49126 2272730648 89778414 70276142 54264754 33754370320 1378699538 0 23311903 1468456219
======================
   8      33 sdc1 31489870 49126 2273812112 89781927 70276142 54264754 33754370320 1378699538 0 23315355 1468459718
======================
   8      33 sdc1 31505737 49126 2274867040 89785418 70276142 54264754 33754370320 1378699538 1 23318804 1468463200
======================
   8      33 sdc1 31521436 49126 2275915056 89788864 70276142 54264754 33754370320 1378699538 1 23322206 1468466633
======================
   8      33 sdc1 31537222 49126 2276972560 89792425 70276142 54264754 33754370320 1378699538 1 23325700 1468470183
======================
   8      33 sdc1 31553133 49126 2278032368 89795957 70276142 54264754 33754370320 1378699538 1 23329169 1468473701
======================
   8      33 sdc1 31569073 49126 2279105832 89799490 70276142 54264754 33754370320 1378699538 1 23332638 1468477225
======================
   8      33 sdc1 31585032 49126 2280176832 89802987 70276142 54264754 33754370320 1378699538 1 23336062 1468480715
======================
   8      33 sdc1 31600955 49126 2281244184 89806523 70276142 54264754 33754370320 1378699538 0 23339522 1468484233
======================
   8      33 sdc1 31616954 49126 2282314288 89810147 70276142 54264754 33754370320 1378699538 1 23343069 1468487846
======================
   8      33 sdc1 31632910 49127 2283379208 89813689 70276142 54264754 33754370320 1378699538 1 23346539 1468491374
======================
   8      33 sdc1 31648777 49128 2284444312 89817171 70276142 54264754 33754370320 1378699538 0 23349956 1468494839
======================
   8      33 sdc1 31664714 49128 2285514184 89820749 70276142 54264754 33754370320 1378699538 1 23353466 1468498404
======================
   8      33 sdc1 31680656 49128 2286578688 89824225 70276142 54264754 33754370320 1378699538 0 23356894 1468501866
======================
   8      33 sdc1 31696715 49128 2287650368 89827740 70276142 54264754 33754370320 1378699538 0 23360343 1468505363
======================
   8      33 sdc1 31712758 49128 2288726352 89831314 70276142 54264754 33754370320 1378699538 1 23363851 1468508918
======================
   8      33 sdc1 31728541 49128 2289777848 89834821 70276142 54264754 33754370320 1378699538 1 23367307 1468512415
======================
   8      33 sdc1 31744542 49128 2290850792 89838337 70276142 54264754 33754370320 1378699538 1 23370755 1468515919
======================
   8      33 sdc1 31760517 49128 2291920264 89841849 70276142 54264754 33754370320 1378699538 1 23374216 1468519420
======================
   8      33 sdc1 31776420 49128 2292982624 89845438 70276142 54264754 33754370320 1378699538 1 23377741 1468522989
======================
   8      33 sdc1 31792347 49128 2294054168 89848918 70276142 54264754 33754370320 1378699538 1 23381151 1468526463
======================
   8      33 sdc1 31808120 49128 2295112152 89852444 70276142 54264754 33754370320 1378699538 0 23384599 1468529977
======================
   8      33 sdc1 31824369 49128 2296201824 89856021 70276142 54264754 33754370320 1378699538 1 23388114 1468533539
======================
   8      33 sdc1 31840359 49128 2297271080 89859530 70276142 54264754 33754370320 1378699538 1 23391563 1468537038
======================
   8      33 sdc1 31856157 49128 2298324456 89863109 70276142 54264754 33754370320 1378699538 0 23395078 1468540602
======================
   8      33 sdc1 31872001 49128 2299386232 89866603 70276142 54264754 33754370320 1378699538 0 23398503 1468544089
======================
   8      33 sdc1 31887560 49129 2300427424 89870098 70276142 54264754 33754370320 1378699538 1 23401939 1468547573
======================
   8      33 sdc1 31903671 49129 2301505496 89873653 70276142 54264754 33754370320 1378699538 1 23405425 1468551113
======================
   8      33 sdc1 31919585 49129 2302571440 89877190 70276142 54264754 33754370320 1378699538 1 23408892 1468554630
======================
   8      33 sdc1 31935171 49129 2303613824 89880694 70276142 54264754 33754370320 1378699538 0 23412340 1468558126
======================
   8      33 sdc1 31951201 49130 2304687944 89884186 70276142 54264754 33754370320 1378699538 1 23415765 1468561605
======================
   8      33 sdc1 31966999 49130 2305743968 89887714 70276142 54264754 33754370320 1378699538 0 23419224 1468565109
======================
   8      33 sdc1 31982919 49130 2306808736 89891224 70276142 54264754 33754370320 1378699538 1 23422684 1468568608
======================
   8      33 sdc1 31998481 49130 2307854576 89894671 70276142 54264754 33754370320 1378699538 1 23426064 1468572046
======================
   8      33 sdc1 32014241 49130 2308910808 89898269 70276142 54264754 33754370320 1378699538 0 23429606 1468575632
======================
   8      33 sdc1 32030131 49130 2309974656 89901766 70276142 54264754 33754370320 1378699538 0 23433045 1468579121
======================
   8      33 sdc1 32046023 49130 2311038856 89905363 70276142 54264754 33754370320 1378699538 0 23436576 1468582704
======================
   8      33 sdc1 32061888 49131 2312097880 89908880 70276142 54264754 33754370320 1378699538 1 23440030 1468586210
======================
   8      33 sdc1 32077501 49131 2313141592 89912296 70276142 54264754 33754370320 1378699538 0 23443392 1468589612
======================
   8      33 sdc1 32093430 49131 2314211552 89915904 70276142 54264754 33754370320 1378699538 0 23446927 1468593204
======================
   8      33 sdc1 32106151 49131 2315060672 89918747 70276142 54264754 33754370320 1378699538 0 23449722 1468596030
