======================
   8      17 sdb1 10748533 1936529 2608035474 45740004 18737879 349060203 12419984504 2183548008 0 17621740 2229290392
======================
   8      17 sdb1 10748536 1936529 2608035498 45740004 18737879 349060203 12419984504 2183548008 0 17621740 2229290392
======================
   8      17 sdb1 10748536 1936529 2608035498 45740004 18737882 349060212 12419984600 2183548016 0 17621748 2229290400
======================
   8      17 sdb1 10748536 1936529 2608035498 45740004 18737884 349060213 12419984624 2183548024 0 17621756 2229290408
======================
   8      17 sdb1 10748536 1936529 2608035498 45740004 18737886 349060214 12419984648 2183548032 0 17621764 2229290416
======================
   8      17 sdb1 10748536 1936529 2608035498 45740004 18737888 349060215 12419984672 2183548040 0 17621772 2229290424
======================
   8      17 sdb1 10748536 1936529 2608035498 45740004 18737890 349060216 12419984696 2183548048 0 17621780 2229290432
======================
   8      17 sdb1 10748557 1936529 2608035666 45741604 18739962 349060218 12424191376 2184062268 148 17625880 2229824004
======================
   8      17 sdb1 10748577 1936529 2608035826 45743256 18742468 349060241 12429317720 2184700016 124 17630888 2230464772
======================
   8      17 sdb1 10748595 1936529 2608035970 45745108 18744586 349060265 12433653544 2185336008 154 17635892 2231104916
======================
   8      17 sdb1 10748612 1936529 2608036106 45746880 18746571 349060285 12437712856 2185976796 120 17640896 2231749368
======================
   8      17 sdb1 10748628 1936529 2608036234 45748632 18748559 349060305 12441780360 2186605832 128 17645904 2232380108
======================
   8      17 sdb1 10748645 1936529 2608036370 45750512 18750545 349060325 12445843768 2187236140 126 17650908 2233010996
======================
   8      17 sdb1 10748661 1936529 2608036498 45752264 18752533 349060345 12449911272 2187869904 143 17655916 2233645924
======================
   8      17 sdb1 10748678 1936529 2608036634 45754148 18754518 349060365 12453972632 2188509784 141 17660920 2234289976
======================
   8      17 sdb1 10748694 1936529 2608036762 45755920 18756504 349060386 12458036048 2189150360 134 17665928 2234931164
======================
   8      17 sdb1 10748711 1936529 2608036898 45757716 18758484 349060405 12462087160 2189783768 148 17670932 2235567808
======================
   8      17 sdb1 10748727 1936529 2608037026 45759452 18760467 349060425 12466144424 2190414988 137 17675936 2236199064
======================
   8      17 sdb1 10748744 1936529 2608037162 45761332 18762451 349060445 12470203736 2191059892 153 17680940 2236847524
======================
   8      17 sdb1 10748760 1936529 2608037290 45763108 18764434 349060465 12474261000 2191703312 141 17685944 2237491360
======================
   8      17 sdb1 10748776 1936529 2608037418 45764840 18766418 349060484 12478320304 2192334324 110 17690952 2238125384
======================
   8      17 sdb1 10748793 1936529 2608037554 45766732 18768405 349060504 12482385760 2192967828 143 17695956 2238758296
======================
   8      17 sdb1 10748810 1936529 2608037690 45768512 18770388 349060524 12486443024 2193606168 104 17700960 2239399832
======================
   8      17 sdb1 10748827 1936529 2608037826 45770408 18772371 349060544 12490500288 2194243144 144 17705964 2240032924
======================
   8      17 sdb1 10748843 1936529 2608037954 45772184 18774360 349060563 12494569832 2194887220 104 17710968 2240677972
======================
   8      17 sdb1 10748860 1936529 2608038090 45774052 18776344 349060582 12498629136 2195513944 154 17715972 2241314340
======================
   8      17 sdb1 10748877 1936529 2608038226 45775944 18778323 349060602 12502680256 2196152272 120 17720976 2241953672
======================
   8      17 sdb1 10748893 1936529 2608038354 45777684 18780307 349060621 12506737512 2196777704 149 17725980 2242578692
======================
   8      17 sdb1 10748910 1936529 2608038490 45779600 18782287 349060641 12510788632 2197396956 111 17730988 2243201432
======================
   8      17 sdb1 10748926 1936529 2608038618 45781380 18784271 349060661 12514847944 2198039288 155 17735992 2243847448
======================
   8      17 sdb1 10748942 1936529 2608038746 45783144 18786261 349060681 12518919544 2198676456 103 17740996 2244484748
======================
   8      17 sdb1 10748959 1936529 2608038882 45785028 18788236 349060700 12522960416 2199318556 129 17746000 2245130536
======================
   8      17 sdb1 10748975 1936529 2608039010 45786784 18790222 349060719 12527023816 2199952348 114 17751004 2245765212
======================
   8      17 sdb1 10748992 1936529 2608039146 45788668 18792202 349060738 12531074928 2200599084 135 17756012 2246414544
======================
   8      17 sdb1 10749008 1936529 2608039274 45790428 18794194 349060757 12535152664 2201236596 114 17761016 2247053264
======================
   8      17 sdb1 10749025 1936529 2608039410 45792320 18796178 349060777 12539209928 2201868472 140 17766016 2247686684
======================
   8      17 sdb1 10749041 1936529 2608039538 45794048 18798159 349060796 12543263088 2202505404 121 17771020 2248324496
======================
   8      17 sdb1 10749051 1936529 2608039618 45795164 18799452 349061275 12545823184 2202903512 0 17774228 2248701028
======================
   8      17 sdb1 10749482 1936529 2608116668 45795304 18799487 349061275 12545823464 2202903608 2 17774404 2248701264
======================
   8      17 sdb1 10769885 1936529 2613338556 45803648 18799487 349061275 12545823464 2202903608 1 17779416 2248709608
started
======================
   8      17 sdb1 10786150 1936529 2617501380 45840304 18799490 349061277 12545823504 2202903916 32 17783404 2248746628
======================
   8      17 sdb1 10806935 1936529 2622822340 45998320 18799490 349061277 12545823504 2202903916 32 17788412 2248904748
======================
   8      17 sdb1 10827724 1936529 2628144324 46156336 18799490 349061277 12545823504 2202903916 32 17793416 2249062744
======================
   8      17 sdb1 10848515 1936529 2633466820 46314360 18799490 349061277 12545823504 2202903916 32 17798420 2249220732
======================
   8      17 sdb1 10869312 1936529 2638790852 46472268 18799490 349061277 12545823504 2202903916 31 17803424 2249378584
======================
   8      17 sdb1 10890108 1936529 2644114628 46630024 18799490 349061277 12545823504 2202903916 31 17808428 2249536284
======================
   8      17 sdb1 10910905 1936529 2649438660 46787772 18799492 349061277 12545823520 2202903924 32 17813436 2249694112
======================
   8      17 sdb1 10931691 1936529 2654759364 46945428 18799492 349061277 12545823520 2202903924 32 17818440 2249851748
