======================
   8      33 sdc1 49881500 1417 2437767622 32315632 57833608 119389595 35070664680 1869158784 0 28741292 1901973840
======================
   8      33 sdc1 49881518 1417 2437767766 32317396 57834758 119389595 35073019880 1869706708 145 28745728 1902559736
======================
   8      33 sdc1 49881529 1417 2437767854 32319116 57836064 119389640 35075662288 1870342824 148 28750728 1903195152
======================
   8      33 sdc1 49881540 1417 2437767942 32320792 57837359 119389662 35078306464 1870974712 142 28755732 1903824528
======================
   8      33 sdc1 49881550 1417 2437768022 32322384 57838657 119389684 35080956784 1871604696 143 28760732 1904459960
======================
   8      33 sdc1 49881561 1417 2437768110 32323992 57839947 119389707 35083592768 1872236656 129 28765736 1905093688
======================
   8      33 sdc1 49881572 1417 2437768198 32325796 57841244 119389731 35086241056 1872869488 140 28770736 1905718784
======================
   8      33 sdc1 49881582 1417 2437768278 32327496 57842539 119389753 35088885232 1873481176 129 28775740 1906344124
======================
   8      33 sdc1 49881593 1417 2437768366 32329176 57843881 119389776 35091535552 1874105412 107 28780744 1906968852
======================
   8      33 sdc1 49881605 1417 2437768462 32330964 57845184 119389798 35094196112 1874749144 150 28785776 1907613240
======================
   8      33 sdc1 49881615 1417 2437768542 32332368 57846494 119389820 35096871008 1875396240 156 28790844 1908262896
======================
   8      33 sdc1 49881626 1417 2437768630 32333908 57847787 119389845 35099509048 1876032796 132 28795848 1908903676
======================
   8      33 sdc1 49881637 1417 2437768718 32335508 57849085 119389868 35102157320 1876672300 128 28800852 1909542152
======================
   8      33 sdc1 49881647 1417 2437768798 32337100 57850382 119389891 35104803560 1877304616 130 28805852 1910178352
======================
   8      33 sdc1 49881658 1417 2437768886 32338720 57851673 119389916 35107441592 1877915420 141 28810856 1910791308
======================
   8      33 sdc1 49881669 1417 2437768974 32340192 57852967 119389942 35110083720 1878561936 129 28815856 1911436364
======================
   8      33 sdc1 49881679 1417 2437769054 32341560 57854264 119389966 35112729944 1879199964 120 28820860 1912073796
======================
   8      33 sdc1 49881691 1417 2437769150 32343352 57855558 119389991 35115372072 1879812340 155 28825860 1912692028
======================
   8      33 sdc1 49881701 1417 2437769230 32344604 57856853 119390014 35118016248 1880460116 128 28830864 1913342712
======================
   8      33 sdc1 49881712 1417 2437769318 32346392 57858193 119390039 35120666584 1881094376 138 28835868 1913976692
======================
   8      33 sdc1 49881723 1417 2437769406 32348224 57859495 119390064 35123327144 1881728788 138 28840880 1914609592
======================
   8      33 sdc1 49881734 1417 2437769494 32349724 57861045 119390090 35125979512 1882370144 151 28845880 1915252976
======================
   8      33 sdc1 49881744 1417 2437769574 32351424 57862348 119390121 35128638040 1883003696 149 28850884 1915891468
======================
   8      33 sdc1 49881755 1417 2437769662 32353232 57863653 119390152 35131298600 1883618212 133 28855884 1916504516
======================
   8      33 sdc1 49881766 1417 2437769750 32354988 57864955 119390179 35133959160 1884228512 114 28860888 1917117120
======================
   8      33 sdc1 49881776 1417 2437769830 32356296 57866261 119390206 35136621784 1884870768 94 28865888 1917760796
======================
   8      33 sdc1 49881788 1417 2437769926 32358292 57867562 119390231 35139278256 1885497552 156 28870892 1918386928
======================
   8      33 sdc1 49881799 1417 2437770014 32360096 57868862 119390254 35141934720 1886119028 143 28875896 1919015548
======================
   8      33 sdc1 49881809 1417 2437770094 32361736 57870165 119390283 35144589136 1886742540 141 28880896 1919639812
======================
   8      33 sdc1 49881820 1417 2437770182 32363028 57871472 119390323 35147251744 1887387032 148 28885900 1920287068
======================
   8      33 sdc1 49881831 1417 2437770270 32364700 57872819 119390349 35149914368 1888022252 132 28890900 1920918724
======================
   8      33 sdc1 49881841 1417 2437770350 32366400 57874123 119390372 35152576976 1888643380 113 28895904 1921545748
======================
   8      33 sdc1 49881853 1417 2437770446 32368196 57875682 119390398 35155229344 1889290996 139 28900908 1922196160
======================
   8      33 sdc1 49881864 1417 2437770534 32369648 57876992 119390437 35157887856 1889930512 132 28905908 1922835628
======================
   8      33 sdc1 49881874 1417 2437770614 32371340 57878304 119390474 35160544336 1890561664 155 28910912 1923464508
======================
   8      33 sdc1 49881885 1417 2437770702 32372832 57879611 119390510 35163202856 1891194768 138 28915916 1924105688
======================
   8      33 sdc1 49881896 1417 2437770790 32374408 57880915 119390546 35165861376 1891818932 138 28920916 1924727724
======================
   8      33 sdc1 49881906 1417 2437770870 32375940 57882220 119390582 35168517872 1892462472 121 28925920 1925375048
======================
   8      33 sdc1 49881918 1417 2437770966 32377908 57883525 119390613 35171178432 1893080156 155 28930920 1925993240
======================
   8      33 sdc1 49881929 1417 2437771054 32379624 57884837 119390652 35173836944 1893696144 117 28935924 1926609068
======================
   8      33 sdc1 49881940 1417 2437771142 32380976 57886189 119390695 35176495456 1894356384 155 28940928 1927257048
======================
   8      33 sdc1 49881950 1417 2437771222 32382680 57887491 119390723 35179151936 1894971848 135 28945928 1927890184
======================
   8      33 sdc1 49881961 1417 2437771310 32384496 57888793 119390749 35181808400 1895590052 137 28950932 1928507820
======================
   8      33 sdc1 49881972 1417 2437771398 32386000 57890346 119390787 35184471008 1896219292 136 28955932 1929132436
======================
   8      33 sdc1 49881982 1417 2437771478 32387308 57891657 119390826 35187129440 1896849332 125 28960936 1929774008
======================
   8      33 sdc1 49881993 1417 2437771566 32389056 57892975 119390864 35189790008 1897480548 105 28965940 1930405856
======================
   8      33 sdc1 49882005 1417 2437771662 32390884 57894285 119390902 35192444464 1898121036 139 28970940 1931044548
======================
   8      33 sdc1 49882015 1417 2437771742 32392288 57895594 119390930 35195109040 1898763272 128 28975944 1931689668
======================
started
   8      33 sdc1 49882139 1417 2437772728 32393264 57896302 119390979 35196504240 1899105848 0 28978636 1931998464
======================
   8      33 sdc1 49890406 1417 2439878312 32400376 57896302 119390979 35196504240 1899105848 1 28982560 1932005580
======================
   8      33 sdc1 49901183 1419 2442637480 32409272 57896304 119390981 35196504272 1899105852 2 28987560 1932014464
======================
   8      33 sdc1 49911971 1419 2445398696 32418208 57896304 119390981 35196504272 1899105852 2 28992564 1932023408
======================
   8      33 sdc1 49922766 1419 2448161960 32427140 57896304 119390981 35196504272 1899105852 1 28997564 1932032320
======================
   8      33 sdc1 49933560 1419 2450924968 32435996 57896304 119390981 35196504272 1899105852 2 29002568 1932041180
======================
   8      33 sdc1 49944350 1419 2453686952 32444852 57896306 119390981 35196504288 1899105852 2 29007568 1932050028
======================
   8      33 sdc1 49955658 1419 2456581800 32454184 57896306 119390981 35196504288 1899105852 2 29012808 1932059360
======================
   8      33 sdc1 49966429 1419 2459338920 32463132 57896306 119390981 35196504288 1899105852 2 29017812 1932068312
======================
   8      33 sdc1 49977224 1419 2462102184 32472052 57896306 119390981 35196504288 1899105852 2 29022812 1932077232
======================
   8      33 sdc1 49988020 1419 2464865960 32480956 57896306 119390981 35196504288 1899105852 2 29027816 1932086128
======================
   8      33 sdc1 49998812 1419 2467628456 32489828 57896306 119390981 35196504288 1899105852 2 29032816 1932095004
======================
   8      33 sdc1 50009606 1419 2470391208 32498748 57896306 119390981 35196504288 1899105852 2 29037820 1932103920
======================
   8      33 sdc1 50020545 1419 2473191336 32507792 57896306 119390981 35196504288 1899105852 2 29042892 1932112960
======================
   8      33 sdc1 50031338 1419 2475954344 32516700 57896306 119390981 35196504288 1899105852 1 29047892 1932121868
======================
   8      33 sdc1 50042110 1419 2478711720 32525628 57896306 119390981 35196504288 1899105852 2 29052896 1932130796
======================
   8      33 sdc1 50052903 1419 2481474472 32534520 57896306 119390981 35196504288 1899105852 2 29057896 1932139680
======================
   8      33 sdc1 50063699 1419 2484238248 32543480 57896306 119390981 35196504288 1899105852 2 29062900 1932148636
======================
   8      33 sdc1 50074493 1419 2487001256 32552376 57896306 119390981 35196504288 1899105852 2 29067900 1932157532
======================
   8      33 sdc1 50085472 1419 2489811624 32561496 57896306 119390981 35196504288 1899105852 2 29072988 1932166652
======================
   8      33 sdc1 50096268 1419 2492575400 32570440 57896306 119390981 35196504288 1899105852 2 29077992 1932175596
======================
   8      33 sdc1 50107049 1419 2495335080 32579368 57896306 119390981 35196504288 1899105852 2 29082992 1932184516
======================
   8      33 sdc1 50117830 1419 2498094504 32588272 57896306 119390981 35196504288 1899105852 2 29087996 1932193424
======================
   8      33 sdc1 50128625 1419 2500857768 32597216 57896306 119390981 35196504288 1899105852 2 29092996 1932202352
======================
   8      33 sdc1 50139421 1419 2503621544 32606164 57896306 119390981 35196504288 1899105852 2 29098000 1932211300
======================
   8      33 sdc1 50150219 1419 2506385576 32615064 57896306 119390981 35196504288 1899105852 2 29103004 1932220200
======================
   8      33 sdc1 50161015 1419 2509149096 32624008 57896306 119390981 35196504288 1899105852 1 29108004 1932229136
======================
   8      33 sdc1 50171812 1419 2511913128 32632936 57896306 119390981 35196504288 1899105852 2 29113008 1932238060
======================
   8      33 sdc1 50182603 1419 2514675368 32641852 57896306 119390981 35196504288 1899105852 1 29118012 1932246968
======================
   8      33 sdc1 50193390 1419 2517436584 32650736 57896306 119390981 35196504288 1899105852 2 29123016 1932255856
======================
   8      33 sdc1 50204185 1419 2520199848 32659668 57896306 119390981 35196504288 1899105852 1 29128016 1932264780
======================
   8      33 sdc1 50214981 1419 2522963368 32668552 57896306 119390981 35196504288 1899105852 2 29133020 1932273660
======================
   8      33 sdc1 50225776 1419 2525726632 32677464 57896306 119390981 35196504288 1899105852 2 29138020 1932282568
======================
   8      33 sdc1 50236570 1419 2528489136 32686344 57896306 119390981 35196504288 1899105852 2 29143024 1932291440
======================
   8      33 sdc1 50247419 1419 2531266480 32695320 57896306 119390981 35196504288 1899105852 1 29148052 1932300416
======================
   8      33 sdc1 50258198 1419 2534025648 32704276 57896306 119390981 35196504288 1899105852 2 29153056 1932309368
======================
   8      33 sdc1 50268992 1419 2536788656 32713168 57896306 119390981 35196504288 1899105852 2 29158056 1932318260
======================
   8      33 sdc1 50279854 1419 2539569328 32722164 57896306 119390981 35196504288 1899105852 2 29163092 1932327248
======================
   8      33 sdc1 50290647 1419 2542332080 32731072 57896306 119390981 35196504288 1899105852 2 29168092 1932336148
======================
   8      33 sdc1 50301438 1419 2545094320 32740016 57896306 119390981 35196504288 1899105852 2 29173096 1932345092
======================
   8      33 sdc1 50312218 1419 2547853744 32748964 57896306 119390981 35196504288 1899105852 2 29178096 1932354032
======================
   8      33 sdc1 50323002 1419 2550614448 32757876 57896306 119390981 35196504288 1899105852 2 29183096 1932362936
======================
   8      33 sdc1 50333796 1419 2553377456 32766796 57896306 119390981 35196504288 1899105852 2 29188100 1932371856
======================
   8      33 sdc1 50344826 1419 2556200880 32775888 57896306 119390981 35196504288 1899105852 1 29193212 1932380936
======================
   8      33 sdc1 50355622 1419 2558964656 32784784 57896306 119390981 35196504288 1899105852 2 29198212 1932389816
======================
   8      33 sdc1 50366416 1419 2561727664 32793692 57896306 119390981 35196504288 1899105852 2 29203216 1932398724
======================
   8      33 sdc1 50373740 1419 2563602160 32799736 57896306 119390981 35196504288 1899105852 0 29206608 1932404764
