======================
cpu  2035096 0 129134 63843597 23600 0 998 0 0 0
cpu0 52630 0 5974 1307261 8862 0 292 0 0 0
cpu1 44359 0 5160 1316205 9315 0 261 0 0 0
cpu2 42113 0 2710 1330385 508 0 107 0 0 0
cpu3 41314 0 2476 1331914 34 0 56 0 0 0
cpu4 40450 0 2337 1332445 497 0 44 0 0 0
cpu5 41448 0 2444 1331865 19 0 2 0 0 0
cpu6 41544 0 2284 1331876 37 0 2 0 0 0
cpu7 40880 0 2631 1332159 54 0 4 0 0 0
cpu8 41328 0 2675 1331838 52 0 25 0 0 0
cpu9 40590 0 2567 1331949 602 0 4 0 0 0
cpu10 41694 0 3061 1330859 133 0 2 0 0 0
cpu11 45604 0 2943 1326146 920 0 54 0 0 0
cpu12 47912 0 3058 1323631 8 0 6 0 0 0
cpu13 43156 0 5061 1327498 17 0 2 0 0 0
cpu14 43466 0 2817 1328960 433 0 8 0 0 0
cpu15 41582 0 2802 1330734 537 0 32 0 0 0
cpu16 41564 0 2510 1330246 1287 0 8 0 0 0
cpu17 41332 0 2646 1331686 10 0 18 0 0 0
cpu18 42394 0 2655 1330612 10 0 4 0 0 0
cpu19 43106 0 2629 1329960 23 0 2 0 0 0
cpu20 41066 0 2460 1332204 7 0 1 0 0 0
cpu21 42515 0 2750 1330396 54 0 8 0 0 0
cpu22 43028 0 2565 1329137 12 0 30 0 0 0
cpu23 42859 0 2848 1329947 50 0 2 0 0 0
cpu24 41435 0 2456 1331860 1 0 1 0 0 0
cpu25 41881 0 2409 1331470 3 0 0 0 0 0
cpu26 42167 0 2253 1331332 3 0 0 0 0 0
cpu27 42992 0 2310 1330453 1 0 2 0 0 0
cpu28 42842 0 2274 1330633 1 0 0 0 0 0
cpu29 42092 0 2484 1331133 1 0 0 0 0 0
cpu30 41712 0 2539 1331506 0 0 0 0 0 0
cpu31 41376 0 2286 1332102 0 0 0 0 0 0
cpu32 40188 0 2368 1333209 0 0 0 0 0 0
cpu33 43032 0 2243 1330465 1 0 0 0 0 0
cpu34 40939 0 2073 1332743 0 0 0 0 0 0
cpu35 41346 0 2198 1332219 1 0 0 0 0 0
cpu36 41348 0 2358 1332046 4 0 0 0 0 0
cpu37 43126 0 2496 1330126 8 0 0 0 0 0
cpu38 42030 0 2369 1331342 10 0 1 0 0 0
cpu39 41917 0 2172 1331663 6 0 0 0 0 0
cpu40 41905 0 2614 1331234 4 0 0 0 0 0
cpu41 42120 0 2718 1330908 6 0 0 0 0 0
cpu42 43566 0 2281 1329898 3 0 0 0 0 0
cpu43 41043 0 2410 1332296 4 0 1 0 0 0
cpu44 42026 0 2497 1331232 3 0 0 0 0 0
cpu45 42242 0 2412 1331057 33 0 0 0 0 0
cpu46 42129 0 2346 1331272 3 0 0 0 0 0
cpu47 41687 0 2485 1331464 4 0 1 0 0 0
intr 7805464 116 0 0 0 0 0 0 0 1 7 0 0 0 0 0 0 0 0 56 49 0 0 0 0 0 0 0 0 0 0 0 0 0 0 0 0 0 0 0 0 0 0 0 0 0 0 0 0 0 0 0 0 90703 0 0 0 0 0 0 0 0 0 1403 126118 0 1 112051 18394 10702 27192 32579 19640 0 0 54686 21747 0 0 0 0 0 0 0 0 0 0 0 0 0 0 0 0 0 0 0 0 0 0 0 0 0 0 0 0 0 0 0 0 0 0 0 0 0 0 0 0 0 0 0 0 0 0 0 0 0 0 0 0 0 0 0 0 0 0 0 0 0 0 0 0 0 0 0 0 0 0 0 0 0 0 0 0 0 0 0 0 0 0 0 0 0 0 0 0 0 0 0 0 0 0 0 0 0 0 0 0 0 0 0 2 0 2 2 2 2 2 2 2 0 2 0 2 2 2 2 2 2 2 0 0 0 0 0 0 0 0 0 0 0 0 0 0 0 0 0 0 0 0 0 0 0 0 0 0 0 0 0 0 0 0 0 0 0 0 0 0 0 0 0 0 0 0 0 0 0 0 0 0 0 0 0 0 0 0 0 0 0 0 0 0 0 0 0 0 0 0 0 0 0 0 0 0 0 0 0 0 0 0 0 0 0 0 0 0 0 0 0 0 0 0 0 0 0 0 0 0 0 0 0 0 0 0 0 0 0 0 0 0 0 0 0 0 0 0 0 0 0 0 0 0 0 0 0 0 0 0 0 0 0 0 0 0 0 0 0 0 0 0 0 0 0 0 0 0 0 0 0 0 0 0 0 0 0 0 0 0 0 0 0 0 0 0 0 0 0 0 0 0 0 0 0 0 0 0 0 0 0 0 0 0 0 0 0 0 0 0 0 0 0 0 0 0 0 0 0 0 0 0 0 0 0 0 0 0 0 0 0 0 0 0 0 0 0 0 0 0 0 0 0 0 0 0 0 0 0 0 0 0 0 0 0 0 0 0 0 0 0 0 0 0 0 0 0 0 0 0 0 0 0 0 0 0 0 0 0 0 0 0 0 0 0 0 0 0 0 0 0 0 0 0 0 0 0 0 0 0 0 0 0 0 0 0 0 0 0 0 0 0 0 0 0 0 0 0 0 0 0 0 0 0 0 0 0 0 0 0 0 0 0 0 0 0 0 0 0 0 0 0 0 0 0 0 0 0 0 0 0 0 0 0 0 0 0 0 0 0 0 0 0 0 0 0 0 0 0 0 0 0 0 0 0 0 0 0 0 0 0 0 0 0 0 0 0 0 0 0 0 0 0 0 0 0 0 0 0 0 0 0 0 0 0 0 0 0 0 0 0 0 0 0 0 0 0 0 0 0 0 0 0 0 0 0 0 0 0 0 0 0 0 0 0 0 0 0 0 0 0 0 0 0 0 0 0 0 0 0 0 0 0 0 0 0 0 0 0 0 0 0 0 0 0 0 0 0 0 0 0 0 0 0 0 0 0 0 0 0 0 0 0 0 0 0 0 0 0 0 0 0 0 0 0 0 0 0 0 0 0 0 0 0 0 0 0 0 0 0 0 0 0 0 0 0 0 0 0 0 0 0 0 0 0 0 0 0 0 0 0 0 0 0 0 0 0 0 0 0 0 0 0 0 0 0 0 0 0 0 0 0 0 0 0 0 0 0 0 0 0 0 0 0 0 0 0 0 0 0 0 0 0 0 0 0 0 0 0 0 0 0 0 0 0 0 0 0 0 0 0 0 0 0 0 0 0 0 0 0 0 0 0 0 0 0 0 0 0 0 0 0 0 0 0 0 0 0 0 0 0 0 0 0 0 0 0 0 0 0 0 0 0 0 0 0 0 0 0 0 0 0 0 0 0 0 0 0 0 0 0 0 0 0 0 0 0 0 0 0 0 0 0 0 0 0 0 0 0 0 0 0 0 0 0 0 0 0 0 0 0 0 0 0 0 0 0 0 0 0 0 0 0 0 0 0 0 0 0 0 0 0 0 0 0 0 0 0 0 0 0 0 0 0 0 0 0 0 0 0 0 0 0 0 0 0 0 0 0 0 0 0 0 0 0 0 0 0 0 0 0 0 0 0 0 0 0 0 0 0 0 0 0 0 0 0 0 0 0 0 0 0 0 0 0 0 0 0 0 0 0 0 0 0 0 0 0 0 0 0 0 0 0 0 0 0 0 0 0 0 0 0 0 0 0 0 0 0 0 0 0 0 0 0 0 0 0 0 0 0 0 0 0 0 0 0 0 0 0 0 0 0 0 0 0 0 0 0 0 0 0 0 0 0 0 0 0 0 0 0 0 0 0 0 0 0 0 0 0 0 0 0 0 0 0 0 0 0 0 0 0 0 0 0 0 0 0 0 0 0 0 0 0 0 0 0 0 0 0 0 0 0 0 0 0 0 0 0 0 0 0 0 0 0 0 0 0 0 0 0 0 0 0 0 0 0 0 0 0 0 0 0 0 0 0 0 0 0 0 0 0 0 0 0 0 0 0 0 0 0 0 0 0 0 0 0 0 0 0 0 0 0 0 0 0 0 0 0 0 0 0 0 0 0 0 0 0 0 0 0 0 0 0 0 0 0 0 0 0 0 0 0 0 0 0 0 0 0 0 0 0 0 0 0 0 0 0 0 0 0 0 0 0 0 0 0 0 0 0 0 0 0 0 0 0 0 0 0 0 0 0 0 0 0 0 0 0 0 0 0 0 0 0 0 0 0 0 0 0 0 0 0 0 0 0 0 0 0 0 0 0 0 0 0 0 0 0 0 0 0 0 0 0 0 0 0 0 0 0 0 0 0 0 0 0 0 0 0 0 0 0 0 0 0 0 0 0 0 0 0 0 0 0 0 0 0 0 0 0 0 0 0 0 0 0 0 0 0 0 0 0 0 0 0 0 0 0 0 0 0 0 0 0 0 0 0 0 0 0 0 0 0 0 0 0 0 0 0 0 0 0 0 0 0 0 0 0 0 0 0 0 0 0 0 0 0 0 0 0 0 0 0 0 0 0 0 0 0 0 0 0 0 0 0 0 0 0 0 0 0 0 0 0 0 0 0 0 0 0 0 0 0 0 0 0 0 0 0 0 0 0 0 0 0 0 0 0 0 0 0 0 0 0 0 0 0 0 0 0 0 0 0 0 0 0 0 0 0 0 0 0 0 0 0 0 0 0 0 0 0 0 0 0 0 0 0 0 0 0 0 0 0 0 0 0 0 0 0 0 0 0 0 0 0 0 0 0 0 0 0 0 0 0 0 0 0 0 0 0 0 0 0 0 0 0 0 0 0 0 0 0 0 0 0 0 0 0 0 0 0 0 0 0 0 0 0 0 0 0 0 0 0 0 0 0 0 0 0 0 0 0 0 0 0 0 0 0 0 0 0 0 0 0 0 0 0 0 0 0 0 0 0 0 0 0 0 0 0 0 0 0 0 0 0 0 0 0 0 0 0 0 0 0 0 0 0 0 0 0 0 0 0 0 0 0 0 0 0 0 0 0 0 0 0 0 0 0 0 0 0 0 0 0 0 0 0 0 0 0 0 0 0 0 0 0 0 0 0 0 0 0 0 0 0 0 0 0 0 0 0 0 0 0 0 0 0 0 0 0 0 0 0 0 0 0 0 0 0 0 0 0 0 0 0 0 0 0 0 0 0 0 0 0 0 0 0 0 0
ctxt 5207534
btime 1494099034
processes 60529
procs_running 4
procs_blocked 0
softirq 13533391 5 6372833 2785 296728 216280 0 2181 1203476 0 5439103
started
======================
cpu  2035138 0 129486 63867206 23608 0 998 0 0 0
cpu0 52630 0 5974 1307760 8862 0 292 0 0 0
cpu1 44359 0 5160 1316705 9316 0 261 0 0 0
cpu2 42113 0 2710 1330885 508 0 107 0 0 0
cpu3 41314 0 2476 1332414 34 0 56 0 0 0
cpu4 40450 0 2337 1332945 497 0 44 0 0 0
cpu5 41448 0 2444 1332366 19 0 2 0 0 0
cpu6 41544 0 2284 1332376 37 0 2 0 0 0
cpu7 40880 0 2631 1332659 54 0 4 0 0 0
cpu8 41328 0 2675 1332338 52 0 25 0 0 0
cpu9 40590 0 2567 1332450 602 0 4 0 0 0
cpu10 41694 0 3064 1331350 139 0 2 0 0 0
cpu11 45604 0 2943 1326647 920 0 54 0 0 0
cpu12 47912 0 3058 1324130 8 0 6 0 0 0
cpu13 43195 0 5402 1327619 17 0 2 0 0 0
cpu14 43466 0 2817 1329461 433 0 8 0 0 0
cpu15 41582 0 2802 1331234 537 0 32 0 0 0
cpu16 41564 0 2510 1330746 1287 0 8 0 0 0
cpu17 41332 0 2646 1332186 10 0 18 0 0 0
cpu18 42396 0 2660 1331106 10 0 4 0 0 0
cpu19 43106 0 2630 1330459 23 0 2 0 0 0
cpu20 41066 0 2460 1332704 7 0 1 0 0 0
cpu21 42515 0 2750 1330896 54 0 8 0 0 0
cpu22 43028 0 2565 1329636 12 0 30 0 0 0
cpu23 42860 0 2850 1330445 50 0 2 0 0 0
cpu24 41436 0 2456 1332360 1 0 1 0 0 0
cpu25 41881 0 2409 1331971 3 0 0 0 0 0
cpu26 42167 0 2253 1331832 3 0 0 0 0 0
cpu27 42992 0 2310 1330954 1 0 2 0 0 0
cpu28 42842 0 2274 1331133 1 0 0 0 0 0
cpu29 42092 0 2484 1331633 1 0 0 0 0 0
cpu30 41712 0 2539 1332006 0 0 0 0 0 0
cpu31 41376 0 2286 1332602 0 0 0 0 0 0
cpu32 40188 0 2368 1333710 0 0 0 0 0 0
cpu33 43032 0 2243 1330965 1 0 0 0 0 0
cpu34 40939 0 2073 1333243 0 0 0 0 0 0
cpu35 41348 0 2198 1332718 1 0 0 0 0 0
cpu36 41348 0 2358 1332546 4 0 0 0 0 0
cpu37 43126 0 2496 1330626 8 0 0 0 0 0
cpu38 42030 0 2369 1331842 10 0 1 0 0 0
cpu39 41917 0 2172 1332163 6 0 0 0 0 0
cpu40 41905 0 2614 1331734 4 0 0 0 0 0
cpu41 42120 0 2718 1331409 6 0 0 0 0 0
cpu42 43566 0 2281 1330398 3 0 0 0 0 0
cpu43 41043 0 2410 1332796 4 0 1 0 0 0
cpu44 42026 0 2497 1331732 3 0 0 0 0 0
cpu45 42242 0 2412 1331558 33 0 0 0 0 0
cpu46 42129 0 2346 1331772 3 0 0 0 0 0
cpu47 41687 0 2485 1331964 4 0 1 0 0 0
intr 7808503 116 0 0 0 0 0 0 0 1 7 0 0 0 0 0 0 0 0 56 49 0 0 0 0 0 0 0 0 0 0 0 0 0 0 0 0 0 0 0 0 0 0 0 0 0 0 0 0 0 0 0 0 91087 0 0 0 0 0 0 0 0 0 1407 126134 0 1 112086 18396 10704 27197 32585 19644 0 0 54690 21749 0 0 0 0 0 0 0 0 0 0 0 0 0 0 0 0 0 0 0 0 0 0 0 0 0 0 0 0 0 0 0 0 0 0 0 0 0 0 0 0 0 0 0 0 0 0 0 0 0 0 0 0 0 0 0 0 0 0 0 0 0 0 0 0 0 0 0 0 0 0 0 0 0 0 0 0 0 0 0 0 0 0 0 0 0 0 0 0 0 0 0 0 0 0 0 0 0 0 0 0 0 0 0 2 0 2 2 2 2 2 2 2 0 2 0 2 2 2 2 2 2 2 0 0 0 0 0 0 0 0 0 0 0 0 0 0 0 0 0 0 0 0 0 0 0 0 0 0 0 0 0 0 0 0 0 0 0 0 0 0 0 0 0 0 0 0 0 0 0 0 0 0 0 0 0 0 0 0 0 0 0 0 0 0 0 0 0 0 0 0 0 0 0 0 0 0 0 0 0 0 0 0 0 0 0 0 0 0 0 0 0 0 0 0 0 0 0 0 0 0 0 0 0 0 0 0 0 0 0 0 0 0 0 0 0 0 0 0 0 0 0 0 0 0 0 0 0 0 0 0 0 0 0 0 0 0 0 0 0 0 0 0 0 0 0 0 0 0 0 0 0 0 0 0 0 0 0 0 0 0 0 0 0 0 0 0 0 0 0 0 0 0 0 0 0 0 0 0 0 0 0 0 0 0 0 0 0 0 0 0 0 0 0 0 0 0 0 0 0 0 0 0 0 0 0 0 0 0 0 0 0 0 0 0 0 0 0 0 0 0 0 0 0 0 0 0 0 0 0 0 0 0 0 0 0 0 0 0 0 0 0 0 0 0 0 0 0 0 0 0 0 0 0 0 0 0 0 0 0 0 0 0 0 0 0 0 0 0 0 0 0 0 0 0 0 0 0 0 0 0 0 0 0 0 0 0 0 0 0 0 0 0 0 0 0 0 0 0 0 0 0 0 0 0 0 0 0 0 0 0 0 0 0 0 0 0 0 0 0 0 0 0 0 0 0 0 0 0 0 0 0 0 0 0 0 0 0 0 0 0 0 0 0 0 0 0 0 0 0 0 0 0 0 0 0 0 0 0 0 0 0 0 0 0 0 0 0 0 0 0 0 0 0 0 0 0 0 0 0 0 0 0 0 0 0 0 0 0 0 0 0 0 0 0 0 0 0 0 0 0 0 0 0 0 0 0 0 0 0 0 0 0 0 0 0 0 0 0 0 0 0 0 0 0 0 0 0 0 0 0 0 0 0 0 0 0 0 0 0 0 0 0 0 0 0 0 0 0 0 0 0 0 0 0 0 0 0 0 0 0 0 0 0 0 0 0 0 0 0 0 0 0 0 0 0 0 0 0 0 0 0 0 0 0 0 0 0 0 0 0 0 0 0 0 0 0 0 0 0 0 0 0 0 0 0 0 0 0 0 0 0 0 0 0 0 0 0 0 0 0 0 0 0 0 0 0 0 0 0 0 0 0 0 0 0 0 0 0 0 0 0 0 0 0 0 0 0 0 0 0 0 0 0 0 0 0 0 0 0 0 0 0 0 0 0 0 0 0 0 0 0 0 0 0 0 0 0 0 0 0 0 0 0 0 0 0 0 0 0 0 0 0 0 0 0 0 0 0 0 0 0 0 0 0 0 0 0 0 0 0 0 0 0 0 0 0 0 0 0 0 0 0 0 0 0 0 0 0 0 0 0 0 0 0 0 0 0 0 0 0 0 0 0 0 0 0 0 0 0 0 0 0 0 0 0 0 0 0 0 0 0 0 0 0 0 0 0 0 0 0 0 0 0 0 0 0 0 0 0 0 0 0 0 0 0 0 0 0 0 0 0 0 0 0 0 0 0 0 0 0 0 0 0 0 0 0 0 0 0 0 0 0 0 0 0 0 0 0 0 0 0 0 0 0 0 0 0 0 0 0 0 0 0 0 0 0 0 0 0 0 0 0 0 0 0 0 0 0 0 0 0 0 0 0 0 0 0 0 0 0 0 0 0 0 0 0 0 0 0 0 0 0 0 0 0 0 0 0 0 0 0 0 0 0 0 0 0 0 0 0 0 0 0 0 0 0 0 0 0 0 0 0 0 0 0 0 0 0 0 0 0 0 0 0 0 0 0 0 0 0 0 0 0 0 0 0 0 0 0 0 0 0 0 0 0 0 0 0 0 0 0 0 0 0 0 0 0 0 0 0 0 0 0 0 0 0 0 0 0 0 0 0 0 0 0 0 0 0 0 0 0 0 0 0 0 0 0 0 0 0 0 0 0 0 0 0 0 0 0 0 0 0 0 0 0 0 0 0 0 0 0 0 0 0 0 0 0 0 0 0 0 0 0 0 0 0 0 0 0 0 0 0 0 0 0 0 0 0 0 0 0 0 0 0 0 0 0 0 0 0 0 0 0 0 0 0 0 0 0 0 0 0 0 0 0 0 0 0 0 0 0 0 0 0 0 0 0 0 0 0 0 0 0 0 0 0 0 0 0 0 0 0 0 0 0 0 0 0 0 0 0 0 0 0 0 0 0 0 0 0 0 0 0 0 0 0 0 0 0 0 0 0 0 0 0 0 0 0 0 0 0 0 0 0 0 0 0 0 0 0 0 0 0 0 0 0 0 0 0 0 0 0 0 0 0 0 0 0 0 0 0 0 0 0 0 0 0 0 0 0 0 0 0 0 0 0 0 0 0 0 0 0 0 0 0 0 0 0 0 0 0 0 0 0 0 0 0 0 0 0 0 0 0 0 0 0 0 0 0 0 0 0 0 0 0 0 0 0 0 0 0 0 0 0 0 0 0 0 0 0 0 0 0 0 0 0 0 0 0 0 0 0 0 0 0 0 0 0 0 0 0 0 0 0 0 0 0 0 0 0 0 0 0 0 0 0 0 0 0 0 0 0 0 0 0 0 0 0 0 0 0 0 0 0 0 0 0 0 0 0 0 0 0 0 0 0 0 0 0 0 0 0 0 0 0 0 0 0 0 0 0 0 0 0 0 0 0 0 0 0 0 0 0 0 0 0 0 0 0 0 0 0 0 0 0 0 0 0 0 0 0 0 0 0 0 0 0 0 0 0 0 0 0 0 0 0 0 0 0 0 0 0 0 0 0 0 0 0 0 0 0 0 0 0 0 0 0 0 0 0 0 0 0 0 0 0 0 0 0 0 0 0 0 0 0 0 0 0 0 0 0 0 0 0 0 0 0 0 0 0 0 0 0 0 0 0 0 0 0 0 0 0 0 0 0 0 0 0 0 0 0 0 0 0 0 0 0 0 0 0 0 0 0 0 0 0 0 0 0 0 0 0 0 0 0 0 0 0 0 0 0 0 0 0 0 0 0 0 0 0 0 0 0 0 0 0 0 0 0 0 0 0 0 0 0 0 0 0 0 0 0 0 0 0 0 0 0 0 0 0 0 0 0 0 0 0 0 0 0 0 0 0 0 0 0 0 0 0 0 0 0 0 0 0 0 0 0 0 0 0 0 0 0 0 0 0 0 0
ctxt 5209160
btime 1494099034
processes 60547
procs_running 2
procs_blocked 0
softirq 13538007 5 6375002 2786 296788 216674 0 2181 1204713 0 5439858
======================
cpu  2035210 0 129934 63890690 23610 0 998 0 0 0
cpu0 52631 0 5974 1308260 8862 0 292 0 0 0
cpu1 44359 0 5160 1317204 9317 0 261 0 0 0
cpu2 42129 0 2712 1331366 508 0 107 0 0 0
cpu3 41314 0 2476 1332914 34 0 56 0 0 0
cpu4 40450 0 2337 1333445 497 0 44 0 0 0
cpu5 41448 0 2444 1332866 19 0 2 0 0 0
cpu6 41544 0 2284 1332876 37 0 2 0 0 0
cpu7 40880 0 2631 1333159 54 0 4 0 0 0
cpu8 41328 0 2675 1332838 52 0 25 0 0 0
cpu9 40590 0 2567 1332950 602 0 4 0 0 0
cpu10 41694 0 3064 1331849 140 0 2 0 0 0
cpu11 45604 0 2943 1327146 920 0 54 0 0 0
cpu12 47912 0 3058 1324630 8 0 6 0 0 0
cpu13 43251 0 5846 1327619 17 0 2 0 0 0
cpu14 43466 0 2817 1329961 433 0 8 0 0 0
cpu15 41582 0 2802 1331734 537 0 32 0 0 0
cpu16 41564 0 2510 1331246 1287 0 8 0 0 0
cpu17 41332 0 2646 1332687 10 0 18 0 0 0
cpu18 42396 0 2660 1331606 11 0 4 0 0 0
cpu19 43106 0 2630 1330960 23 0 2 0 0 0
cpu20 41066 0 2460 1333204 7 0 1 0 0 0
cpu21 42515 0 2750 1331397 54 0 8 0 0 0
cpu22 43028 0 2565 1330135 12 0 30 0 0 0
cpu23 42860 0 2850 1330945 50 0 2 0 0 0
cpu24 41436 0 2456 1332861 1 0 1 0 0 0
cpu25 41881 0 2409 1332471 3 0 0 0 0 0
cpu26 42167 0 2253 1332332 3 0 0 0 0 0
cpu27 42992 0 2310 1331454 1 0 2 0 0 0
cpu28 42842 0 2274 1331633 1 0 0 0 0 0
cpu29 42092 0 2484 1332133 1 0 0 0 0 0
cpu30 41712 0 2539 1332506 0 0 0 0 0 0
cpu31 41376 0 2286 1333102 0 0 0 0 0 0
cpu32 40188 0 2368 1334210 0 0 0 0 0 0
cpu33 43032 0 2243 1331466 1 0 0 0 0 0
cpu34 40939 0 2073 1333744 0 0 0 0 0 0
cpu35 41348 0 2198 1333218 1 0 0 0 0 0
cpu36 41348 0 2358 1333047 4 0 0 0 0 0
cpu37 43126 0 2496 1331126 8 0 0 0 0 0
cpu38 42030 0 2369 1332343 10 0 1 0 0 0
cpu39 41917 0 2172 1332663 6 0 0 0 0 0
cpu40 41905 0 2614 1332234 4 0 0 0 0 0
cpu41 42120 0 2718 1331909 6 0 0 0 0 0
cpu42 43566 0 2281 1330898 3 0 0 0 0 0
cpu43 41043 0 2410 1333296 4 0 1 0 0 0
cpu44 42026 0 2497 1332232 3 0 0 0 0 0
cpu45 42242 0 2412 1332058 33 0 0 0 0 0
cpu46 42129 0 2346 1332273 3 0 0 0 0 0
cpu47 41687 0 2485 1332464 4 0 1 0 0 0
intr 7811773 116 0 0 0 0 0 0 0 1 7 0 0 0 0 0 0 0 0 56 49 0 0 0 0 0 0 0 0 0 0 0 0 0 0 0 0 0 0 0 0 0 0 0 0 0 0 0 0 0 0 0 0 91272 0 0 0 0 0 0 0 0 0 1407 126137 0 1 112130 18400 10707 27203 32591 19649 0 0 54694 21752 0 0 0 0 0 0 0 0 0 0 0 0 0 0 0 0 0 0 0 0 0 0 0 0 0 0 0 0 0 0 0 0 0 0 0 0 0 0 0 0 0 0 0 0 0 0 0 0 0 0 0 0 0 0 0 0 0 0 0 0 0 0 0 0 0 0 0 0 0 0 0 0 0 0 0 0 0 0 0 0 0 0 0 0 0 0 0 0 0 0 0 0 0 0 0 0 0 0 0 0 0 0 0 2 0 2 2 2 2 2 2 2 0 2 0 2 2 2 2 2 2 2 0 0 0 0 0 0 0 0 0 0 0 0 0 0 0 0 0 0 0 0 0 0 0 0 0 0 0 0 0 0 0 0 0 0 0 0 0 0 0 0 0 0 0 0 0 0 0 0 0 0 0 0 0 0 0 0 0 0 0 0 0 0 0 0 0 0 0 0 0 0 0 0 0 0 0 0 0 0 0 0 0 0 0 0 0 0 0 0 0 0 0 0 0 0 0 0 0 0 0 0 0 0 0 0 0 0 0 0 0 0 0 0 0 0 0 0 0 0 0 0 0 0 0 0 0 0 0 0 0 0 0 0 0 0 0 0 0 0 0 0 0 0 0 0 0 0 0 0 0 0 0 0 0 0 0 0 0 0 0 0 0 0 0 0 0 0 0 0 0 0 0 0 0 0 0 0 0 0 0 0 0 0 0 0 0 0 0 0 0 0 0 0 0 0 0 0 0 0 0 0 0 0 0 0 0 0 0 0 0 0 0 0 0 0 0 0 0 0 0 0 0 0 0 0 0 0 0 0 0 0 0 0 0 0 0 0 0 0 0 0 0 0 0 0 0 0 0 0 0 0 0 0 0 0 0 0 0 0 0 0 0 0 0 0 0 0 0 0 0 0 0 0 0 0 0 0 0 0 0 0 0 0 0 0 0 0 0 0 0 0 0 0 0 0 0 0 0 0 0 0 0 0 0 0 0 0 0 0 0 0 0 0 0 0 0 0 0 0 0 0 0 0 0 0 0 0 0 0 0 0 0 0 0 0 0 0 0 0 0 0 0 0 0 0 0 0 0 0 0 0 0 0 0 0 0 0 0 0 0 0 0 0 0 0 0 0 0 0 0 0 0 0 0 0 0 0 0 0 0 0 0 0 0 0 0 0 0 0 0 0 0 0 0 0 0 0 0 0 0 0 0 0 0 0 0 0 0 0 0 0 0 0 0 0 0 0 0 0 0 0 0 0 0 0 0 0 0 0 0 0 0 0 0 0 0 0 0 0 0 0 0 0 0 0 0 0 0 0 0 0 0 0 0 0 0 0 0 0 0 0 0 0 0 0 0 0 0 0 0 0 0 0 0 0 0 0 0 0 0 0 0 0 0 0 0 0 0 0 0 0 0 0 0 0 0 0 0 0 0 0 0 0 0 0 0 0 0 0 0 0 0 0 0 0 0 0 0 0 0 0 0 0 0 0 0 0 0 0 0 0 0 0 0 0 0 0 0 0 0 0 0 0 0 0 0 0 0 0 0 0 0 0 0 0 0 0 0 0 0 0 0 0 0 0 0 0 0 0 0 0 0 0 0 0 0 0 0 0 0 0 0 0 0 0 0 0 0 0 0 0 0 0 0 0 0 0 0 0 0 0 0 0 0 0 0 0 0 0 0 0 0 0 0 0 0 0 0 0 0 0 0 0 0 0 0 0 0 0 0 0 0 0 0 0 0 0 0 0 0 0 0 0 0 0 0 0 0 0 0 0 0 0 0 0 0 0 0 0 0 0 0 0 0 0 0 0 0 0 0 0 0 0 0 0 0 0 0 0 0 0 0 0 0 0 0 0 0 0 0 0 0 0 0 0 0 0 0 0 0 0 0 0 0 0 0 0 0 0 0 0 0 0 0 0 0 0 0 0 0 0 0 0 0 0 0 0 0 0 0 0 0 0 0 0 0 0 0 0 0 0 0 0 0 0 0 0 0 0 0 0 0 0 0 0 0 0 0 0 0 0 0 0 0 0 0 0 0 0 0 0 0 0 0 0 0 0 0 0 0 0 0 0 0 0 0 0 0 0 0 0 0 0 0 0 0 0 0 0 0 0 0 0 0 0 0 0 0 0 0 0 0 0 0 0 0 0 0 0 0 0 0 0 0 0 0 0 0 0 0 0 0 0 0 0 0 0 0 0 0 0 0 0 0 0 0 0 0 0 0 0 0 0 0 0 0 0 0 0 0 0 0 0 0 0 0 0 0 0 0 0 0 0 0 0 0 0 0 0 0 0 0 0 0 0 0 0 0 0 0 0 0 0 0 0 0 0 0 0 0 0 0 0 0 0 0 0 0 0 0 0 0 0 0 0 0 0 0 0 0 0 0 0 0 0 0 0 0 0 0 0 0 0 0 0 0 0 0 0 0 0 0 0 0 0 0 0 0 0 0 0 0 0 0 0 0 0 0 0 0 0 0 0 0 0 0 0 0 0 0 0 0 0 0 0 0 0 0 0 0 0 0 0 0 0 0 0 0 0 0 0 0 0 0 0 0 0 0 0 0 0 0 0 0 0 0 0 0 0 0 0 0 0 0 0 0 0 0 0 0 0 0 0 0 0 0 0 0 0 0 0 0 0 0 0 0 0 0 0 0 0 0 0 0 0 0 0 0 0 0 0 0 0 0 0 0 0 0 0 0 0 0 0 0 0 0 0 0 0 0 0 0 0 0 0 0 0 0 0 0 0 0 0 0 0 0 0 0 0 0 0 0 0 0 0 0 0 0 0 0 0 0 0 0 0 0 0 0 0 0 0 0 0 0 0 0 0 0 0 0 0 0 0 0 0 0 0 0 0 0 0 0 0 0 0 0 0 0 0 0 0 0 0 0 0 0 0 0 0 0 0 0 0 0 0 0 0 0 0 0 0 0 0 0 0 0 0 0 0 0 0 0 0 0 0 0 0 0 0 0 0 0 0 0 0 0 0 0 0 0 0 0 0 0 0 0 0 0 0 0 0 0 0 0 0 0 0 0 0 0 0 0 0 0 0 0 0 0 0 0 0 0 0 0 0 0 0 0 0 0 0 0 0 0 0 0 0 0 0 0 0 0 0 0 0 0 0 0 0 0 0 0 0 0 0 0 0 0 0 0 0 0 0 0 0 0 0 0 0 0 0 0 0 0 0 0 0 0 0 0 0 0 0 0 0 0 0 0 0 0 0 0 0 0 0 0 0 0 0 0 0 0 0 0 0 0 0 0 0 0 0 0 0 0 0 0 0 0 0 0 0 0 0 0 0 0 0 0 0 0 0 0 0 0 0 0 0 0 0 0 0 0 0 0 0 0 0 0 0 0 0 0 0 0 0 0 0 0 0 0 0 0 0 0 0 0 0 0 0 0 0 0 0 0 0 0 0 0 0 0 0 0 0 0 0 0 0 0 0 0 0 0 0 0 0 0 0 0 0 0 0 0 0 0 0 0 0 0 0 0 0 0 0 0 0 0 0 0 0 0 0 0 0 0 0 0 0
ctxt 5211206
btime 1494099034
processes 60557
procs_running 2
procs_blocked 0
softirq 13543518 5 6377769 2787 296863 216862 0 2181 1206295 0 5440756
======================
cpu  2035270 0 130377 63914200 23611 0 998 0 0 0
cpu0 52631 0 5974 1308760 8862 0 292 0 0 0
cpu1 44403 0 5498 1317324 9317 0 261 0 0 0
cpu2 42129 0 2712 1331866 509 0 107 0 0 0
cpu3 41314 0 2476 1333414 34 0 56 0 0 0
cpu4 40450 0 2337 1333945 497 0 44 0 0 0
cpu5 41448 0 2444 1333366 19 0 2 0 0 0
cpu6 41544 0 2284 1333376 37 0 2 0 0 0
cpu7 40880 0 2631 1333660 54 0 4 0 0 0
cpu8 41328 0 2675 1333339 52 0 25 0 0 0
cpu9 40590 0 2567 1333450 602 0 4 0 0 0
cpu10 41694 0 3064 1332349 140 0 2 0 0 0
cpu11 45604 0 2943 1327647 920 0 54 0 0 0
cpu12 47912 0 3058 1325130 8 0 6 0 0 0
cpu13 43266 0 5950 1327999 17 0 2 0 0 0
cpu14 43466 0 2817 1330461 433 0 8 0 0 0
cpu15 41582 0 2802 1332235 537 0 32 0 0 0
cpu16 41564 0 2510 1331746 1287 0 8 0 0 0
cpu17 41332 0 2646 1333187 10 0 18 0 0 0
cpu18 42396 0 2660 1332107 11 0 4 0 0 0
cpu19 43106 0 2630 1331460 23 0 2 0 0 0
cpu20 41066 0 2460 1333705 7 0 1 0 0 0
cpu21 42515 0 2750 1331897 54 0 8 0 0 0
cpu22 43028 0 2565 1330634 12 0 30 0 0 0
cpu23 42860 0 2850 1331446 50 0 2 0 0 0
cpu24 41436 0 2456 1333361 1 0 1 0 0 0
cpu25 41881 0 2410 1332971 3 0 0 0 0 0
cpu26 42167 0 2253 1332832 3 0 0 0 0 0
cpu27 42992 0 2310 1331954 1 0 2 0 0 0
cpu28 42842 0 2274 1332134 1 0 0 0 0 0
cpu29 42092 0 2484 1332634 1 0 0 0 0 0
cpu30 41712 0 2539 1333006 0 0 0 0 0 0
cpu31 41376 0 2286 1333603 0 0 0 0 0 0
cpu32 40188 0 2368 1334710 0 0 0 0 0 0
cpu33 43032 0 2243 1331966 1 0 0 0 0 0
cpu34 40939 0 2073 1334244 0 0 0 0 0 0
cpu35 41348 0 2198 1333719 1 0 0 0 0 0
cpu36 41348 0 2358 1333547 4 0 0 0 0 0
cpu37 43126 0 2496 1331626 8 0 0 0 0 0
cpu38 42030 0 2369 1332843 10 0 1 0 0 0
cpu39 41917 0 2172 1333164 6 0 0 0 0 0
cpu40 41905 0 2614 1332734 4 0 0 0 0 0
cpu41 42120 0 2718 1332410 6 0 0 0 0 0
cpu42 43566 0 2281 1331398 3 0 0 0 0 0
cpu43 41043 0 2410 1333797 4 0 1 0 0 0
cpu44 42026 0 2497 1332733 3 0 0 0 0 0
cpu45 42242 0 2412 1332558 33 0 0 0 0 0
cpu46 42129 0 2346 1332773 3 0 0 0 0 0
cpu47 41687 0 2485 1332964 4 0 1 0 0 0
intr 7814277 116 0 0 0 0 0 0 0 1 7 0 0 0 0 0 0 0 0 56 49 0 0 0 0 0 0 0 0 0 0 0 0 0 0 0 0 0 0 0 0 0 0 0 0 0 0 0 0 0 0 0 0 91273 0 0 0 0 0 0 0 0 0 1407 126140 0 1 112163 18402 10709 27208 32597 19653 0 0 54698 21754 0 0 0 0 0 0 0 0 0 0 0 0 0 0 0 0 0 0 0 0 0 0 0 0 0 0 0 0 0 0 0 0 0 0 0 0 0 0 0 0 0 0 0 0 0 0 0 0 0 0 0 0 0 0 0 0 0 0 0 0 0 0 0 0 0 0 0 0 0 0 0 0 0 0 0 0 0 0 0 0 0 0 0 0 0 0 0 0 0 0 0 0 0 0 0 0 0 0 0 0 0 0 0 2 0 2 2 2 2 2 2 2 0 2 0 2 2 2 2 2 2 2 0 0 0 0 0 0 0 0 0 0 0 0 0 0 0 0 0 0 0 0 0 0 0 0 0 0 0 0 0 0 0 0 0 0 0 0 0 0 0 0 0 0 0 0 0 0 0 0 0 0 0 0 0 0 0 0 0 0 0 0 0 0 0 0 0 0 0 0 0 0 0 0 0 0 0 0 0 0 0 0 0 0 0 0 0 0 0 0 0 0 0 0 0 0 0 0 0 0 0 0 0 0 0 0 0 0 0 0 0 0 0 0 0 0 0 0 0 0 0 0 0 0 0 0 0 0 0 0 0 0 0 0 0 0 0 0 0 0 0 0 0 0 0 0 0 0 0 0 0 0 0 0 0 0 0 0 0 0 0 0 0 0 0 0 0 0 0 0 0 0 0 0 0 0 0 0 0 0 0 0 0 0 0 0 0 0 0 0 0 0 0 0 0 0 0 0 0 0 0 0 0 0 0 0 0 0 0 0 0 0 0 0 0 0 0 0 0 0 0 0 0 0 0 0 0 0 0 0 0 0 0 0 0 0 0 0 0 0 0 0 0 0 0 0 0 0 0 0 0 0 0 0 0 0 0 0 0 0 0 0 0 0 0 0 0 0 0 0 0 0 0 0 0 0 0 0 0 0 0 0 0 0 0 0 0 0 0 0 0 0 0 0 0 0 0 0 0 0 0 0 0 0 0 0 0 0 0 0 0 0 0 0 0 0 0 0 0 0 0 0 0 0 0 0 0 0 0 0 0 0 0 0 0 0 0 0 0 0 0 0 0 0 0 0 0 0 0 0 0 0 0 0 0 0 0 0 0 0 0 0 0 0 0 0 0 0 0 0 0 0 0 0 0 0 0 0 0 0 0 0 0 0 0 0 0 0 0 0 0 0 0 0 0 0 0 0 0 0 0 0 0 0 0 0 0 0 0 0 0 0 0 0 0 0 0 0 0 0 0 0 0 0 0 0 0 0 0 0 0 0 0 0 0 0 0 0 0 0 0 0 0 0 0 0 0 0 0 0 0 0 0 0 0 0 0 0 0 0 0 0 0 0 0 0 0 0 0 0 0 0 0 0 0 0 0 0 0 0 0 0 0 0 0 0 0 0 0 0 0 0 0 0 0 0 0 0 0 0 0 0 0 0 0 0 0 0 0 0 0 0 0 0 0 0 0 0 0 0 0 0 0 0 0 0 0 0 0 0 0 0 0 0 0 0 0 0 0 0 0 0 0 0 0 0 0 0 0 0 0 0 0 0 0 0 0 0 0 0 0 0 0 0 0 0 0 0 0 0 0 0 0 0 0 0 0 0 0 0 0 0 0 0 0 0 0 0 0 0 0 0 0 0 0 0 0 0 0 0 0 0 0 0 0 0 0 0 0 0 0 0 0 0 0 0 0 0 0 0 0 0 0 0 0 0 0 0 0 0 0 0 0 0 0 0 0 0 0 0 0 0 0 0 0 0 0 0 0 0 0 0 0 0 0 0 0 0 0 0 0 0 0 0 0 0 0 0 0 0 0 0 0 0 0 0 0 0 0 0 0 0 0 0 0 0 0 0 0 0 0 0 0 0 0 0 0 0 0 0 0 0 0 0 0 0 0 0 0 0 0 0 0 0 0 0 0 0 0 0 0 0 0 0 0 0 0 0 0 0 0 0 0 0 0 0 0 0 0 0 0 0 0 0 0 0 0 0 0 0 0 0 0 0 0 0 0 0 0 0 0 0 0 0 0 0 0 0 0 0 0 0 0 0 0 0 0 0 0 0 0 0 0 0 0 0 0 0 0 0 0 0 0 0 0 0 0 0 0 0 0 0 0 0 0 0 0 0 0 0 0 0 0 0 0 0 0 0 0 0 0 0 0 0 0 0 0 0 0 0 0 0 0 0 0 0 0 0 0 0 0 0 0 0 0 0 0 0 0 0 0 0 0 0 0 0 0 0 0 0 0 0 0 0 0 0 0 0 0 0 0 0 0 0 0 0 0 0 0 0 0 0 0 0 0 0 0 0 0 0 0 0 0 0 0 0 0 0 0 0 0 0 0 0 0 0 0 0 0 0 0 0 0 0 0 0 0 0 0 0 0 0 0 0 0 0 0 0 0 0 0 0 0 0 0 0 0 0 0 0 0 0 0 0 0 0 0 0 0 0 0 0 0 0 0 0 0 0 0 0 0 0 0 0 0 0 0 0 0 0 0 0 0 0 0 0 0 0 0 0 0 0 0 0 0 0 0 0 0 0 0 0 0 0 0 0 0 0 0 0 0 0 0 0 0 0 0 0 0 0 0 0 0 0 0 0 0 0 0 0 0 0 0 0 0 0 0 0 0 0 0 0 0 0 0 0 0 0 0 0 0 0 0 0 0 0 0 0 0 0 0 0 0 0 0 0 0 0 0 0 0 0 0 0 0 0 0 0 0 0 0 0 0 0 0 0 0 0 0 0 0 0 0 0 0 0 0 0 0 0 0 0 0 0 0 0 0 0 0 0 0 0 0 0 0 0 0 0 0 0 0 0 0 0 0 0 0 0 0 0 0 0 0 0 0 0 0 0 0 0 0 0 0 0 0 0 0 0 0 0 0 0 0 0 0 0 0 0 0 0 0 0 0 0 0 0 0 0 0 0 0 0 0 0 0 0 0 0 0 0 0 0 0 0 0 0 0 0 0 0 0 0 0 0 0 0 0 0 0 0 0 0 0 0 0 0 0 0 0 0 0 0 0 0 0 0 0 0 0 0 0 0 0 0 0 0 0 0 0 0 0 0 0 0 0 0 0 0 0 0 0 0 0 0 0 0 0 0 0 0 0 0 0 0 0 0 0 0 0 0 0 0 0 0 0 0 0 0 0 0 0 0 0 0 0 0 0 0 0 0 0 0 0 0 0 0 0 0 0 0 0 0 0 0 0 0 0 0 0 0 0 0 0 0 0 0 0 0 0 0 0 0 0 0 0 0 0 0 0 0 0 0 0 0 0 0 0 0 0 0 0 0 0 0 0 0 0 0 0 0 0 0 0 0 0 0 0 0 0 0 0 0 0 0 0 0 0 0 0 0 0 0 0 0 0 0 0 0 0 0 0 0 0 0 0 0 0 0 0 0 0 0 0 0 0 0 0 0 0 0 0 0 0 0 0 0 0 0 0 0 0 0 0 0 0 0 0 0 0 0 0 0 0 0 0 0 0 0 0 0 0 0 0 0 0 0 0 0 0 0 0 0 0 0 0 0 0 0
ctxt 5212828
btime 1494099034
processes 60567
procs_running 2
procs_blocked 1
softirq 13547492 5 6380039 2788 296921 216866 0 2181 1207373 0 5441319
======================
cpu  2035320 0 130829 63937704 23612 0 998 0 0 0
cpu0 52631 0 5974 1309260 8862 0 292 0 0 0
cpu1 44453 0 5948 1317324 9317 0 261 0 0 0
cpu2 42129 0 2714 1332363 511 0 107 0 0 0
cpu3 41314 0 2476 1333914 34 0 56 0 0 0
cpu4 40450 0 2337 1334446 497 0 44 0 0 0
cpu5 41448 0 2444 1333866 19 0 2 0 0 0
cpu6 41544 0 2284 1333877 37 0 2 0 0 0
cpu7 40880 0 2631 1334160 54 0 4 0 0 0
cpu8 41328 0 2676 1333839 52 0 25 0 0 0
cpu9 40590 0 2567 1333950 602 0 4 0 0 0
cpu10 41694 0 3064 1332849 140 0 2 0 0 0
cpu11 45604 0 2944 1328147 920 0 54 0 0 0
cpu12 47912 0 3058 1325629 8 0 6 0 0 0
cpu13 43266 0 5951 1328499 17 0 2 0 0 0
cpu14 43466 0 2817 1330961 433 0 8 0 0 0
cpu15 41582 0 2802 1332734 537 0 32 0 0 0
cpu16 41564 0 2510 1332246 1287 0 8 0 0 0
cpu17 41332 0 2646 1333687 10 0 18 0 0 0
cpu18 42396 0 2660 1332607 11 0 4 0 0 0
cpu19 43106 0 2630 1331960 23 0 2 0 0 0
cpu20 41066 0 2460 1334205 7 0 1 0 0 0
cpu21 42515 0 2750 1332397 54 0 8 0 0 0
cpu22 43028 0 2565 1331133 12 0 30 0 0 0
cpu23 42860 0 2850 1331946 50 0 2 0 0 0
cpu24 41436 0 2456 1333861 1 0 1 0 0 0
cpu25 41881 0 2410 1333471 3 0 0 0 0 0
cpu26 42167 0 2253 1333332 3 0 0 0 0 0
cpu27 42992 0 2310 1332454 1 0 2 0 0 0
cpu28 42842 0 2274 1332634 1 0 0 0 0 0
cpu29 42092 0 2484 1333134 1 0 0 0 0 0
cpu30 41712 0 2539 1333506 0 0 0 0 0 0
cpu31 41376 0 2286 1334103 0 0 0 0 0 0
cpu32 40188 0 2368 1335210 0 0 0 0 0 0
cpu33 43032 0 2243 1332466 1 0 0 0 0 0
cpu34 40939 0 2073 1334744 0 0 0 0 0 0
cpu35 41348 0 2198 1334219 1 0 0 0 0 0
cpu36 41348 0 2358 1334047 4 0 0 0 0 0
cpu37 43126 0 2496 1332127 8 0 0 0 0 0
cpu38 42030 0 2369 1333343 10 0 1 0 0 0
cpu39 41917 0 2172 1333663 6 0 0 0 0 0
cpu40 41905 0 2614 1333234 4 0 0 0 0 0
cpu41 42120 0 2718 1332910 6 0 0 0 0 0
cpu42 43566 0 2281 1331899 3 0 0 0 0 0
cpu43 41043 0 2410 1334297 4 0 1 0 0 0
cpu44 42026 0 2497 1333233 3 0 0 0 0 0
cpu45 42242 0 2412 1333058 33 0 0 0 0 0
cpu46 42129 0 2346 1333274 3 0 0 0 0 0
cpu47 41687 0 2485 1333465 4 0 1 0 0 0
intr 7817032 116 0 0 0 0 0 0 0 1 7 0 0 0 0 0 0 0 0 56 49 0 0 0 0 0 0 0 0 0 0 0 0 0 0 0 0 0 0 0 0 0 0 0 0 0 0 0 0 0 0 0 0 91277 0 0 0 0 0 0 0 0 0 1407 126143 0 1 112193 18405 10712 27214 32603 19658 0 0 54701 21757 0 0 0 0 0 0 0 0 0 0 0 0 0 0 0 0 0 0 0 0 0 0 0 0 0 0 0 0 0 0 0 0 0 0 0 0 0 0 0 0 0 0 0 0 0 0 0 0 0 0 0 0 0 0 0 0 0 0 0 0 0 0 0 0 0 0 0 0 0 0 0 0 0 0 0 0 0 0 0 0 0 0 0 0 0 0 0 0 0 0 0 0 0 0 0 0 0 0 0 0 0 0 0 2 0 2 2 2 2 2 2 2 0 2 0 2 2 2 2 2 2 2 0 0 0 0 0 0 0 0 0 0 0 0 0 0 0 0 0 0 0 0 0 0 0 0 0 0 0 0 0 0 0 0 0 0 0 0 0 0 0 0 0 0 0 0 0 0 0 0 0 0 0 0 0 0 0 0 0 0 0 0 0 0 0 0 0 0 0 0 0 0 0 0 0 0 0 0 0 0 0 0 0 0 0 0 0 0 0 0 0 0 0 0 0 0 0 0 0 0 0 0 0 0 0 0 0 0 0 0 0 0 0 0 0 0 0 0 0 0 0 0 0 0 0 0 0 0 0 0 0 0 0 0 0 0 0 0 0 0 0 0 0 0 0 0 0 0 0 0 0 0 0 0 0 0 0 0 0 0 0 0 0 0 0 0 0 0 0 0 0 0 0 0 0 0 0 0 0 0 0 0 0 0 0 0 0 0 0 0 0 0 0 0 0 0 0 0 0 0 0 0 0 0 0 0 0 0 0 0 0 0 0 0 0 0 0 0 0 0 0 0 0 0 0 0 0 0 0 0 0 0 0 0 0 0 0 0 0 0 0 0 0 0 0 0 0 0 0 0 0 0 0 0 0 0 0 0 0 0 0 0 0 0 0 0 0 0 0 0 0 0 0 0 0 0 0 0 0 0 0 0 0 0 0 0 0 0 0 0 0 0 0 0 0 0 0 0 0 0 0 0 0 0 0 0 0 0 0 0 0 0 0 0 0 0 0 0 0 0 0 0 0 0 0 0 0 0 0 0 0 0 0 0 0 0 0 0 0 0 0 0 0 0 0 0 0 0 0 0 0 0 0 0 0 0 0 0 0 0 0 0 0 0 0 0 0 0 0 0 0 0 0 0 0 0 0 0 0 0 0 0 0 0 0 0 0 0 0 0 0 0 0 0 0 0 0 0 0 0 0 0 0 0 0 0 0 0 0 0 0 0 0 0 0 0 0 0 0 0 0 0 0 0 0 0 0 0 0 0 0 0 0 0 0 0 0 0 0 0 0 0 0 0 0 0 0 0 0 0 0 0 0 0 0 0 0 0 0 0 0 0 0 0 0 0 0 0 0 0 0 0 0 0 0 0 0 0 0 0 0 0 0 0 0 0 0 0 0 0 0 0 0 0 0 0 0 0 0 0 0 0 0 0 0 0 0 0 0 0 0 0 0 0 0 0 0 0 0 0 0 0 0 0 0 0 0 0 0 0 0 0 0 0 0 0 0 0 0 0 0 0 0 0 0 0 0 0 0 0 0 0 0 0 0 0 0 0 0 0 0 0 0 0 0 0 0 0 0 0 0 0 0 0 0 0 0 0 0 0 0 0 0 0 0 0 0 0 0 0 0 0 0 0 0 0 0 0 0 0 0 0 0 0 0 0 0 0 0 0 0 0 0 0 0 0 0 0 0 0 0 0 0 0 0 0 0 0 0 0 0 0 0 0 0 0 0 0 0 0 0 0 0 0 0 0 0 0 0 0 0 0 0 0 0 0 0 0 0 0 0 0 0 0 0 0 0 0 0 0 0 0 0 0 0 0 0 0 0 0 0 0 0 0 0 0 0 0 0 0 0 0 0 0 0 0 0 0 0 0 0 0 0 0 0 0 0 0 0 0 0 0 0 0 0 0 0 0 0 0 0 0 0 0 0 0 0 0 0 0 0 0 0 0 0 0 0 0 0 0 0 0 0 0 0 0 0 0 0 0 0 0 0 0 0 0 0 0 0 0 0 0 0 0 0 0 0 0 0 0 0 0 0 0 0 0 0 0 0 0 0 0 0 0 0 0 0 0 0 0 0 0 0 0 0 0 0 0 0 0 0 0 0 0 0 0 0 0 0 0 0 0 0 0 0 0 0 0 0 0 0 0 0 0 0 0 0 0 0 0 0 0 0 0 0 0 0 0 0 0 0 0 0 0 0 0 0 0 0 0 0 0 0 0 0 0 0 0 0 0 0 0 0 0 0 0 0 0 0 0 0 0 0 0 0 0 0 0 0 0 0 0 0 0 0 0 0 0 0 0 0 0 0 0 0 0 0 0 0 0 0 0 0 0 0 0 0 0 0 0 0 0 0 0 0 0 0 0 0 0 0 0 0 0 0 0 0 0 0 0 0 0 0 0 0 0 0 0 0 0 0 0 0 0 0 0 0 0 0 0 0 0 0 0 0 0 0 0 0 0 0 0 0 0 0 0 0 0 0 0 0 0 0 0 0 0 0 0 0 0 0 0 0 0 0 0 0 0 0 0 0 0 0 0 0 0 0 0 0 0 0 0 0 0 0 0 0 0 0 0 0 0 0 0 0 0 0 0 0 0 0 0 0 0 0 0 0 0 0 0 0 0 0 0 0 0 0 0 0 0 0 0 0 0 0 0 0 0 0 0 0 0 0 0 0 0 0 0 0 0 0 0 0 0 0 0 0 0 0 0 0 0 0 0 0 0 0 0 0 0 0 0 0 0 0 0 0 0 0 0 0 0 0 0 0 0 0 0 0 0 0 0 0 0 0 0 0 0 0 0 0 0 0 0 0 0 0 0 0 0 0 0 0 0 0 0 0 0 0 0 0 0 0 0 0 0 0 0 0 0 0 0 0 0 0 0 0 0 0 0 0 0 0 0 0 0 0 0 0 0 0 0 0 0 0 0 0 0 0 0 0 0 0 0 0 0 0 0 0 0 0 0 0 0 0 0 0 0 0 0 0 0 0 0 0 0 0 0 0 0 0 0 0 0 0 0 0 0 0 0 0 0 0 0 0 0 0 0 0 0 0 0 0 0 0 0 0 0 0 0 0 0 0 0 0 0 0 0 0 0 0 0 0 0 0 0 0 0 0 0 0 0 0 0 0 0 0 0 0 0 0 0 0 0 0 0 0 0 0 0 0 0 0 0 0 0 0 0 0 0 0 0 0 0 0 0 0 0 0 0 0 0 0 0 0 0 0 0 0 0 0 0 0 0 0 0 0 0 0 0 0 0 0 0 0 0 0 0 0 0 0 0 0 0 0 0 0 0 0 0 0 0 0 0 0 0 0 0 0 0 0 0 0 0 0 0 0 0 0 0 0 0 0 0 0 0 0 0 0 0 0 0 0 0 0 0 0 0 0 0 0 0 0 0 0 0 0 0 0 0 0 0 0 0 0 0 0 0 0 0 0 0 0 0 0 0 0 0 0 0 0 0 0 0 0 0 0 0 0 0 0 0 0 0 0 0 0 0 0 0 0 0 0 0 0 0 0 0
ctxt 5214207
btime 1494099034
processes 60577
procs_running 2
procs_blocked 1
softirq 13552232 5 6382594 2789 296980 216873 0 2181 1208730 0 5442080
======================
cpu  2035376 0 131275 63961210 23614 0 998 0 0 0
cpu0 52631 0 5974 1309760 8862 0 292 0 0 0
cpu1 44508 0 6393 1317324 9317 0 261 0 0 0
cpu2 42129 0 2714 1332862 512 0 107 0 0 0
cpu3 41314 0 2476 1334415 34 0 56 0 0 0
cpu4 40450 0 2337 1334946 497 0 44 0 0 0
cpu5 41448 0 2444 1334366 19 0 2 0 0 0
cpu6 41544 0 2284 1334377 37 0 2 0 0 0
cpu7 40880 0 2631 1334660 54 0 4 0 0 0
cpu8 41328 0 2676 1334339 52 0 25 0 0 0
cpu9 40590 0 2567 1334450 602 0 4 0 0 0
cpu10 41694 0 3064 1333350 140 0 2 0 0 0
cpu11 45604 0 2944 1328647 920 0 54 0 0 0
cpu12 47912 0 3058 1326129 8 0 6 0 0 0
cpu13 43266 0 5951 1328999 17 0 2 0 0 0
cpu14 43466 0 2817 1331462 433 0 8 0 0 0
cpu15 41582 0 2802 1333234 537 0 32 0 0 0
cpu16 41564 0 2510 1332746 1287 0 8 0 0 0
cpu17 41332 0 2646 1334187 10 0 18 0 0 0
cpu18 42396 0 2660 1333107 11 0 4 0 0 0
cpu19 43106 0 2630 1332460 23 0 2 0 0 0
cpu20 41066 0 2460 1334705 7 0 1 0 0 0
cpu21 42515 0 2750 1332897 54 0 8 0 0 0
cpu22 43028 0 2565 1331632 12 0 30 0 0 0
cpu23 42860 0 2850 1332446 50 0 2 0 0 0
cpu24 41436 0 2456 1334362 1 0 1 0 0 0
cpu25 41881 0 2410 1333972 3 0 0 0 0 0
cpu26 42167 0 2253 1333833 3 0 0 0 0 0
cpu27 42992 0 2310 1332954 1 0 2 0 0 0
cpu28 42842 0 2274 1333134 1 0 0 0 0 0
cpu29 42092 0 2484 1333634 1 0 0 0 0 0
cpu30 41712 0 2539 1334006 0 0 0 0 0 0
cpu31 41376 0 2286 1334603 0 0 0 0 0 0
cpu32 40188 0 2368 1335711 0 0 0 0 0 0
cpu33 43032 0 2243 1332966 1 0 0 0 0 0
cpu34 40939 0 2073 1335244 0 0 0 0 0 0
cpu35 41348 0 2198 1334719 1 0 0 0 0 0
cpu36 41348 0 2358 1334547 4 0 0 0 0 0
cpu37 43126 0 2496 1332627 8 0 0 0 0 0
cpu38 42030 0 2369 1333844 10 0 1 0 0 0
cpu39 41917 0 2172 1334163 6 0 0 0 0 0
cpu40 41905 0 2614 1333735 4 0 0 0 0 0
cpu41 42120 0 2718 1333410 6 0 0 0 0 0
cpu42 43566 0 2281 1332399 3 0 0 0 0 0
cpu43 41043 0 2410 1334797 4 0 1 0 0 0
cpu44 42026 0 2497 1333733 3 0 0 0 0 0
cpu45 42242 0 2412 1333558 33 0 0 0 0 0
cpu46 42129 0 2346 1333774 3 0 0 0 0 0
cpu47 41687 0 2485 1333965 4 0 1 0 0 0
intr 7819979 116 0 0 0 0 0 0 0 1 7 0 0 0 0 0 0 0 0 56 49 0 0 0 0 0 0 0 0 0 0 0 0 0 0 0 0 0 0 0 0 0 0 0 0 0 0 0 0 0 0 0 0 91281 0 0 0 0 0 0 0 0 0 1407 126146 0 1 112236 18407 10714 27219 32608 19662 0 0 54703 21759 0 0 0 0 0 0 0 0 0 0 0 0 0 0 0 0 0 0 0 0 0 0 0 0 0 0 0 0 0 0 0 0 0 0 0 0 0 0 0 0 0 0 0 0 0 0 0 0 0 0 0 0 0 0 0 0 0 0 0 0 0 0 0 0 0 0 0 0 0 0 0 0 0 0 0 0 0 0 0 0 0 0 0 0 0 0 0 0 0 0 0 0 0 0 0 0 0 0 0 0 0 0 0 2 0 2 2 2 2 2 2 2 0 2 0 2 2 2 2 2 2 2 0 0 0 0 0 0 0 0 0 0 0 0 0 0 0 0 0 0 0 0 0 0 0 0 0 0 0 0 0 0 0 0 0 0 0 0 0 0 0 0 0 0 0 0 0 0 0 0 0 0 0 0 0 0 0 0 0 0 0 0 0 0 0 0 0 0 0 0 0 0 0 0 0 0 0 0 0 0 0 0 0 0 0 0 0 0 0 0 0 0 0 0 0 0 0 0 0 0 0 0 0 0 0 0 0 0 0 0 0 0 0 0 0 0 0 0 0 0 0 0 0 0 0 0 0 0 0 0 0 0 0 0 0 0 0 0 0 0 0 0 0 0 0 0 0 0 0 0 0 0 0 0 0 0 0 0 0 0 0 0 0 0 0 0 0 0 0 0 0 0 0 0 0 0 0 0 0 0 0 0 0 0 0 0 0 0 0 0 0 0 0 0 0 0 0 0 0 0 0 0 0 0 0 0 0 0 0 0 0 0 0 0 0 0 0 0 0 0 0 0 0 0 0 0 0 0 0 0 0 0 0 0 0 0 0 0 0 0 0 0 0 0 0 0 0 0 0 0 0 0 0 0 0 0 0 0 0 0 0 0 0 0 0 0 0 0 0 0 0 0 0 0 0 0 0 0 0 0 0 0 0 0 0 0 0 0 0 0 0 0 0 0 0 0 0 0 0 0 0 0 0 0 0 0 0 0 0 0 0 0 0 0 0 0 0 0 0 0 0 0 0 0 0 0 0 0 0 0 0 0 0 0 0 0 0 0 0 0 0 0 0 0 0 0 0 0 0 0 0 0 0 0 0 0 0 0 0 0 0 0 0 0 0 0 0 0 0 0 0 0 0 0 0 0 0 0 0 0 0 0 0 0 0 0 0 0 0 0 0 0 0 0 0 0 0 0 0 0 0 0 0 0 0 0 0 0 0 0 0 0 0 0 0 0 0 0 0 0 0 0 0 0 0 0 0 0 0 0 0 0 0 0 0 0 0 0 0 0 0 0 0 0 0 0 0 0 0 0 0 0 0 0 0 0 0 0 0 0 0 0 0 0 0 0 0 0 0 0 0 0 0 0 0 0 0 0 0 0 0 0 0 0 0 0 0 0 0 0 0 0 0 0 0 0 0 0 0 0 0 0 0 0 0 0 0 0 0 0 0 0 0 0 0 0 0 0 0 0 0 0 0 0 0 0 0 0 0 0 0 0 0 0 0 0 0 0 0 0 0 0 0 0 0 0 0 0 0 0 0 0 0 0 0 0 0 0 0 0 0 0 0 0 0 0 0 0 0 0 0 0 0 0 0 0 0 0 0 0 0 0 0 0 0 0 0 0 0 0 0 0 0 0 0 0 0 0 0 0 0 0 0 0 0 0 0 0 0 0 0 0 0 0 0 0 0 0 0 0 0 0 0 0 0 0 0 0 0 0 0 0 0 0 0 0 0 0 0 0 0 0 0 0 0 0 0 0 0 0 0 0 0 0 0 0 0 0 0 0 0 0 0 0 0 0 0 0 0 0 0 0 0 0 0 0 0 0 0 0 0 0 0 0 0 0 0 0 0 0 0 0 0 0 0 0 0 0 0 0 0 0 0 0 0 0 0 0 0 0 0 0 0 0 0 0 0 0 0 0 0 0 0 0 0 0 0 0 0 0 0 0 0 0 0 0 0 0 0 0 0 0 0 0 0 0 0 0 0 0 0 0 0 0 0 0 0 0 0 0 0 0 0 0 0 0 0 0 0 0 0 0 0 0 0 0 0 0 0 0 0 0 0 0 0 0 0 0 0 0 0 0 0 0 0 0 0 0 0 0 0 0 0 0 0 0 0 0 0 0 0 0 0 0 0 0 0 0 0 0 0 0 0 0 0 0 0 0 0 0 0 0 0 0 0 0 0 0 0 0 0 0 0 0 0 0 0 0 0 0 0 0 0 0 0 0 0 0 0 0 0 0 0 0 0 0 0 0 0 0 0 0 0 0 0 0 0 0 0 0 0 0 0 0 0 0 0 0 0 0 0 0 0 0 0 0 0 0 0 0 0 0 0 0 0 0 0 0 0 0 0 0 0 0 0 0 0 0 0 0 0 0 0 0 0 0 0 0 0 0 0 0 0 0 0 0 0 0 0 0 0 0 0 0 0 0 0 0 0 0 0 0 0 0 0 0 0 0 0 0 0 0 0 0 0 0 0 0 0 0 0 0 0 0 0 0 0 0 0 0 0 0 0 0 0 0 0 0 0 0 0 0 0 0 0 0 0 0 0 0 0 0 0 0 0 0 0 0 0 0 0 0 0 0 0 0 0 0 0 0 0 0 0 0 0 0 0 0 0 0 0 0 0 0 0 0 0 0 0 0 0 0 0 0 0 0 0 0 0 0 0 0 0 0 0 0 0 0 0 0 0 0 0 0 0 0 0 0 0 0 0 0 0 0 0 0 0 0 0 0 0 0 0 0 0 0 0 0 0 0 0 0 0 0 0 0 0 0 0 0 0 0 0 0 0 0 0 0 0 0 0 0 0 0 0 0 0 0 0 0 0 0 0 0 0 0 0 0 0 0 0 0 0 0 0 0 0 0 0 0 0 0 0 0 0 0 0 0 0 0 0 0 0 0 0 0 0 0 0 0 0 0 0 0 0 0 0 0 0 0 0 0 0 0 0 0 0 0 0 0 0 0 0 0 0 0 0 0 0 0 0 0 0 0 0 0 0 0 0 0 0 0 0 0 0 0 0 0 0 0 0 0 0 0 0 0 0 0 0 0 0 0 0 0 0 0 0 0 0 0 0 0 0 0 0 0 0 0 0 0 0 0 0 0 0 0 0 0 0 0 0 0 0 0 0 0 0 0 0 0 0 0 0 0 0 0 0 0 0 0 0 0 0 0 0 0 0 0 0 0 0 0 0 0 0 0 0 0 0 0 0 0 0 0 0 0 0 0 0 0 0 0 0 0 0 0 0 0 0 0 0 0 0 0 0 0 0 0 0 0 0 0 0 0 0 0 0 0 0 0 0 0 0 0 0 0 0 0 0 0 0 0 0 0 0 0 0 0 0 0 0 0 0 0 0 0 0 0 0 0 0 0 0 0 0 0 0 0 0 0 0 0 0 0 0 0 0 0 0 0 0 0 0 0 0 0 0 0 0 0 0 0 0 0 0 0 0 0 0 0 0 0 0 0 0 0 0 0 0 0 0 0 0 0 0 0 0 0 0 0 0 0 0 0 0 0 0 0
ctxt 5216052
btime 1494099034
processes 60587
procs_running 2
procs_blocked 1
softirq 13557435 5 6385340 2790 297045 216880 0 2181 1210272 0 5442922
======================
cpu  2035427 0 131726 63984714 23615 0 998 0 0 0
cpu0 52631 0 5974 1310260 8862 0 292 0 0 0
cpu1 44559 0 6842 1317324 9317 0 261 0 0 0
cpu2 42130 0 2714 1333360 513 0 107 0 0 0
cpu3 41314 0 2476 1334915 34 0 56 0 0 0
cpu4 40450 0 2337 1335446 497 0 44 0 0 0
cpu5 41448 0 2444 1334867 19 0 2 0 0 0
cpu6 41544 0 2284 1334877 37 0 2 0 0 0
cpu7 40880 0 2631 1335160 54 0 4 0 0 0
cpu8 41328 0 2676 1334839 52 0 25 0 0 0
cpu9 40590 0 2567 1334951 602 0 4 0 0 0
cpu10 41694 0 3064 1333850 140 0 2 0 0 0
cpu11 45604 0 2944 1329147 920 0 54 0 0 0
cpu12 47912 0 3058 1326628 8 0 6 0 0 0
cpu13 43266 0 5951 1329499 17 0 2 0 0 0
cpu14 43466 0 2817 1331962 433 0 8 0 0 0
cpu15 41582 0 2802 1333734 537 0 32 0 0 0
cpu16 41564 0 2510 1333246 1287 0 8 0 0 0
cpu17 41332 0 2646 1334688 10 0 18 0 0 0
cpu18 42396 0 2660 1333607 11 0 4 0 0 0
cpu19 43106 0 2630 1332960 23 0 2 0 0 0
cpu20 41066 0 2460 1335206 7 0 1 0 0 0
cpu21 42515 0 2750 1333397 54 0 8 0 0 0
cpu22 43028 0 2565 1332132 12 0 30 0 0 0
cpu23 42860 0 2850 1332946 50 0 2 0 0 0
cpu24 41436 0 2456 1334862 1 0 1 0 0 0
cpu25 41881 0 2410 1334472 3 0 0 0 0 0
cpu26 42167 0 2253 1334333 3 0 0 0 0 0
cpu27 42992 0 2310 1333455 1 0 2 0 0 0
cpu28 42842 0 2274 1333634 1 0 0 0 0 0
cpu29 42092 0 2484 1334134 1 0 0 0 0 0
cpu30 41712 0 2539 1334507 0 0 0 0 0 0
cpu31 41376 0 2286 1335104 0 0 0 0 0 0
cpu32 40188 0 2368 1336211 0 0 0 0 0 0
cpu33 43032 0 2243 1333466 1 0 0 0 0 0
cpu34 40939 0 2073 1335744 0 0 0 0 0 0
cpu35 41348 0 2198 1335220 1 0 0 0 0 0
cpu36 41348 0 2358 1335048 4 0 0 0 0 0
cpu37 43126 0 2496 1333127 8 0 0 0 0 0
cpu38 42030 0 2370 1334344 10 0 1 0 0 0
cpu39 41917 0 2172 1334663 6 0 0 0 0 0
cpu40 41905 0 2614 1334235 4 0 0 0 0 0
cpu41 42120 0 2718 1333910 6 0 0 0 0 0
cpu42 43566 0 2281 1332899 3 0 0 0 0 0
cpu43 41043 0 2410 1335297 4 0 1 0 0 0
cpu44 42026 0 2497 1334233 3 0 0 0 0 0
cpu45 42242 0 2412 1334059 33 0 0 0 0 0
cpu46 42129 0 2346 1334274 3 0 0 0 0 0
cpu47 41687 0 2485 1334465 4 0 1 0 0 0
intr 7823002 116 0 0 0 0 0 0 0 1 7 0 0 0 0 0 0 0 0 56 49 0 0 0 0 0 0 0 0 0 0 0 0 0 0 0 0 0 0 0 0 0 0 0 0 0 0 0 0 0 0 0 0 91285 0 0 0 0 0 0 0 0 0 1407 126149 0 1 112277 18410 10717 27225 32614 19667 0 0 54706 21762 0 0 0 0 0 0 0 0 0 0 0 0 0 0 0 0 0 0 0 0 0 0 0 0 0 0 0 0 0 0 0 0 0 0 0 0 0 0 0 0 0 0 0 0 0 0 0 0 0 0 0 0 0 0 0 0 0 0 0 0 0 0 0 0 0 0 0 0 0 0 0 0 0 0 0 0 0 0 0 0 0 0 0 0 0 0 0 0 0 0 0 0 0 0 0 0 0 0 0 0 0 0 0 2 0 2 2 2 2 2 2 2 0 2 0 2 2 2 2 2 2 2 0 0 0 0 0 0 0 0 0 0 0 0 0 0 0 0 0 0 0 0 0 0 0 0 0 0 0 0 0 0 0 0 0 0 0 0 0 0 0 0 0 0 0 0 0 0 0 0 0 0 0 0 0 0 0 0 0 0 0 0 0 0 0 0 0 0 0 0 0 0 0 0 0 0 0 0 0 0 0 0 0 0 0 0 0 0 0 0 0 0 0 0 0 0 0 0 0 0 0 0 0 0 0 0 0 0 0 0 0 0 0 0 0 0 0 0 0 0 0 0 0 0 0 0 0 0 0 0 0 0 0 0 0 0 0 0 0 0 0 0 0 0 0 0 0 0 0 0 0 0 0 0 0 0 0 0 0 0 0 0 0 0 0 0 0 0 0 0 0 0 0 0 0 0 0 0 0 0 0 0 0 0 0 0 0 0 0 0 0 0 0 0 0 0 0 0 0 0 0 0 0 0 0 0 0 0 0 0 0 0 0 0 0 0 0 0 0 0 0 0 0 0 0 0 0 0 0 0 0 0 0 0 0 0 0 0 0 0 0 0 0 0 0 0 0 0 0 0 0 0 0 0 0 0 0 0 0 0 0 0 0 0 0 0 0 0 0 0 0 0 0 0 0 0 0 0 0 0 0 0 0 0 0 0 0 0 0 0 0 0 0 0 0 0 0 0 0 0 0 0 0 0 0 0 0 0 0 0 0 0 0 0 0 0 0 0 0 0 0 0 0 0 0 0 0 0 0 0 0 0 0 0 0 0 0 0 0 0 0 0 0 0 0 0 0 0 0 0 0 0 0 0 0 0 0 0 0 0 0 0 0 0 0 0 0 0 0 0 0 0 0 0 0 0 0 0 0 0 0 0 0 0 0 0 0 0 0 0 0 0 0 0 0 0 0 0 0 0 0 0 0 0 0 0 0 0 0 0 0 0 0 0 0 0 0 0 0 0 0 0 0 0 0 0 0 0 0 0 0 0 0 0 0 0 0 0 0 0 0 0 0 0 0 0 0 0 0 0 0 0 0 0 0 0 0 0 0 0 0 0 0 0 0 0 0 0 0 0 0 0 0 0 0 0 0 0 0 0 0 0 0 0 0 0 0 0 0 0 0 0 0 0 0 0 0 0 0 0 0 0 0 0 0 0 0 0 0 0 0 0 0 0 0 0 0 0 0 0 0 0 0 0 0 0 0 0 0 0 0 0 0 0 0 0 0 0 0 0 0 0 0 0 0 0 0 0 0 0 0 0 0 0 0 0 0 0 0 0 0 0 0 0 0 0 0 0 0 0 0 0 0 0 0 0 0 0 0 0 0 0 0 0 0 0 0 0 0 0 0 0 0 0 0 0 0 0 0 0 0 0 0 0 0 0 0 0 0 0 0 0 0 0 0 0 0 0 0 0 0 0 0 0 0 0 0 0 0 0 0 0 0 0 0 0 0 0 0 0 0 0 0 0 0 0 0 0 0 0 0 0 0 0 0 0 0 0 0 0 0 0 0 0 0 0 0 0 0 0 0 0 0 0 0 0 0 0 0 0 0 0 0 0 0 0 0 0 0 0 0 0 0 0 0 0 0 0 0 0 0 0 0 0 0 0 0 0 0 0 0 0 0 0 0 0 0 0 0 0 0 0 0 0 0 0 0 0 0 0 0 0 0 0 0 0 0 0 0 0 0 0 0 0 0 0 0 0 0 0 0 0 0 0 0 0 0 0 0 0 0 0 0 0 0 0 0 0 0 0 0 0 0 0 0 0 0 0 0 0 0 0 0 0 0 0 0 0 0 0 0 0 0 0 0 0 0 0 0 0 0 0 0 0 0 0 0 0 0 0 0 0 0 0 0 0 0 0 0 0 0 0 0 0 0 0 0 0 0 0 0 0 0 0 0 0 0 0 0 0 0 0 0 0 0 0 0 0 0 0 0 0 0 0 0 0 0 0 0 0 0 0 0 0 0 0 0 0 0 0 0 0 0 0 0 0 0 0 0 0 0 0 0 0 0 0 0 0 0 0 0 0 0 0 0 0 0 0 0 0 0 0 0 0 0 0 0 0 0 0 0 0 0 0 0 0 0 0 0 0 0 0 0 0 0 0 0 0 0 0 0 0 0 0 0 0 0 0 0 0 0 0 0 0 0 0 0 0 0 0 0 0 0 0 0 0 0 0 0 0 0 0 0 0 0 0 0 0 0 0 0 0 0 0 0 0 0 0 0 0 0 0 0 0 0 0 0 0 0 0 0 0 0 0 0 0 0 0 0 0 0 0 0 0 0 0 0 0 0 0 0 0 0 0 0 0 0 0 0 0 0 0 0 0 0 0 0 0 0 0 0 0 0 0 0 0 0 0 0 0 0 0 0 0 0 0 0 0 0 0 0 0 0 0 0 0 0 0 0 0 0 0 0 0 0 0 0 0 0 0 0 0 0 0 0 0 0 0 0 0 0 0 0 0 0 0 0 0 0 0 0 0 0 0 0 0 0 0 0 0 0 0 0 0 0 0 0 0 0 0 0 0 0 0 0 0 0 0 0 0 0 0 0 0 0 0 0 0 0 0 0 0 0 0 0 0 0 0 0 0 0 0 0 0 0 0 0 0 0 0 0 0 0 0 0 0 0 0 0 0 0 0 0 0 0 0 0 0 0 0 0 0 0 0 0 0 0 0 0 0 0 0 0 0 0 0 0 0 0 0 0 0 0 0 0 0 0 0 0 0 0 0 0 0 0 0 0 0 0 0 0 0 0 0 0 0 0 0 0 0 0 0 0 0 0 0 0 0 0 0 0 0 0 0 0 0 0 0 0 0 0 0 0 0 0 0 0 0 0 0 0 0 0 0 0 0 0 0 0 0 0 0 0 0 0 0 0 0 0 0 0 0 0 0 0 0 0 0 0 0 0 0 0 0 0 0 0 0 0 0 0 0 0 0 0 0 0 0 0 0 0 0 0 0 0 0 0 0 0 0 0 0 0 0 0 0 0 0 0 0 0 0 0 0 0 0 0 0 0 0 0 0 0 0 0 0 0 0 0 0 0 0 0 0 0 0 0 0 0 0 0 0 0 0 0 0 0 0 0 0 0 0 0 0 0 0 0 0 0 0 0 0 0 0 0 0 0 0 0 0 0 0 0 0 0 0 0 0 0 0 0 0 0 0 0 0 0 0 0 0 0 0 0 0 0 0 0 0 0 0 0 0 0 0 0 0 0 0 0 0 0 0 0 0 0 0 0 0
ctxt 5217923
btime 1494099034
processes 60597
procs_running 2
procs_blocked 1
softirq 13562723 5 6388093 2791 297115 216887 0 2181 1211824 0 5443827
======================
cpu  2035475 0 132181 64008222 23615 0 998 0 0 0
cpu0 52631 0 5974 1310760 8862 0 292 0 0 0
cpu1 44606 0 7296 1317324 9317 0 261 0 0 0
cpu2 42130 0 2714 1333860 513 0 107 0 0 0
cpu3 41314 0 2476 1335415 34 0 56 0 0 0
cpu4 40450 0 2337 1335946 497 0 44 0 0 0
cpu5 41448 0 2444 1335367 19 0 2 0 0 0
cpu6 41544 0 2284 1335378 37 0 2 0 0 0
cpu7 40880 0 2631 1335660 54 0 4 0 0 0
cpu8 41328 0 2676 1335339 52 0 25 0 0 0
cpu9 40590 0 2567 1335451 602 0 4 0 0 0
cpu10 41694 0 3064 1334350 140 0 2 0 0 0
cpu11 45604 0 2944 1329648 920 0 54 0 0 0
cpu12 47912 0 3058 1327128 8 0 6 0 0 0
cpu13 43266 0 5951 1329999 17 0 2 0 0 0
cpu14 43466 0 2817 1332462 433 0 8 0 0 0
cpu15 41582 0 2802 1334234 537 0 32 0 0 0
cpu16 41564 0 2510 1333746 1287 0 8 0 0 0
cpu17 41332 0 2646 1335188 10 0 18 0 0 0
cpu18 42396 0 2660 1334108 11 0 4 0 0 0
cpu19 43106 0 2630 1333460 23 0 2 0 0 0
cpu20 41066 0 2460 1335706 7 0 1 0 0 0
cpu21 42515 0 2751 1333897 54 0 8 0 0 0
cpu22 43028 0 2565 1332630 12 0 30 0 0 0
cpu23 42860 0 2850 1333446 50 0 2 0 0 0
cpu24 41436 0 2456 1335362 1 0 1 0 0 0
cpu25 41881 0 2410 1334972 3 0 0 0 0 0
cpu26 42167 0 2253 1334833 3 0 0 0 0 0
cpu27 42992 0 2310 1333955 1 0 2 0 0 0
cpu28 42842 0 2274 1334135 1 0 0 0 0 0
cpu29 42092 0 2484 1334634 1 0 0 0 0 0
cpu30 41712 0 2539 1335007 0 0 0 0 0 0
cpu31 41376 0 2286 1335604 0 0 0 0 0 0
cpu32 40188 0 2368 1336711 0 0 0 0 0 0
cpu33 43032 0 2243 1333967 1 0 0 0 0 0
cpu34 40939 0 2073 1336245 0 0 0 0 0 0
cpu35 41348 0 2198 1335720 1 0 0 0 0 0
cpu36 41348 0 2358 1335548 4 0 0 0 0 0
cpu37 43126 0 2496 1333628 8 0 0 0 0 0
cpu38 42030 0 2370 1334844 10 0 1 0 0 0
cpu39 41918 0 2172 1335163 6 0 0 0 0 0
cpu40 41905 0 2614 1334735 4 0 0 0 0 0
cpu41 42120 0 2718 1334410 6 0 0 0 0 0
cpu42 43566 0 2281 1333399 3 0 0 0 0 0
cpu43 41043 0 2410 1335798 4 0 1 0 0 0
cpu44 42026 0 2497 1334734 3 0 0 0 0 0
cpu45 42242 0 2412 1334559 33 0 0 0 0 0
cpu46 42129 0 2346 1334774 3 0 0 0 0 0
cpu47 41687 0 2485 1334966 4 0 1 0 0 0
intr 7825839 116 0 0 0 0 0 0 0 1 7 0 0 0 0 0 0 0 0 56 49 0 0 0 0 0 0 0 0 0 0 0 0 0 0 0 0 0 0 0 0 0 0 0 0 0 0 0 0 0 0 0 0 91309 0 0 0 0 0 0 0 0 0 1407 126156 0 1 112309 18412 10719 27230 32619 19671 0 0 54708 21764 0 0 0 0 0 0 0 0 0 0 0 0 0 0 0 0 0 0 0 0 0 0 0 0 0 0 0 0 0 0 0 0 0 0 0 0 0 0 0 0 0 0 0 0 0 0 0 0 0 0 0 0 0 0 0 0 0 0 0 0 0 0 0 0 0 0 0 0 0 0 0 0 0 0 0 0 0 0 0 0 0 0 0 0 0 0 0 0 0 0 0 0 0 0 0 0 0 0 0 0 0 0 0 2 0 2 2 2 2 2 2 2 0 2 0 2 2 2 2 2 2 2 0 0 0 0 0 0 0 0 0 0 0 0 0 0 0 0 0 0 0 0 0 0 0 0 0 0 0 0 0 0 0 0 0 0 0 0 0 0 0 0 0 0 0 0 0 0 0 0 0 0 0 0 0 0 0 0 0 0 0 0 0 0 0 0 0 0 0 0 0 0 0 0 0 0 0 0 0 0 0 0 0 0 0 0 0 0 0 0 0 0 0 0 0 0 0 0 0 0 0 0 0 0 0 0 0 0 0 0 0 0 0 0 0 0 0 0 0 0 0 0 0 0 0 0 0 0 0 0 0 0 0 0 0 0 0 0 0 0 0 0 0 0 0 0 0 0 0 0 0 0 0 0 0 0 0 0 0 0 0 0 0 0 0 0 0 0 0 0 0 0 0 0 0 0 0 0 0 0 0 0 0 0 0 0 0 0 0 0 0 0 0 0 0 0 0 0 0 0 0 0 0 0 0 0 0 0 0 0 0 0 0 0 0 0 0 0 0 0 0 0 0 0 0 0 0 0 0 0 0 0 0 0 0 0 0 0 0 0 0 0 0 0 0 0 0 0 0 0 0 0 0 0 0 0 0 0 0 0 0 0 0 0 0 0 0 0 0 0 0 0 0 0 0 0 0 0 0 0 0 0 0 0 0 0 0 0 0 0 0 0 0 0 0 0 0 0 0 0 0 0 0 0 0 0 0 0 0 0 0 0 0 0 0 0 0 0 0 0 0 0 0 0 0 0 0 0 0 0 0 0 0 0 0 0 0 0 0 0 0 0 0 0 0 0 0 0 0 0 0 0 0 0 0 0 0 0 0 0 0 0 0 0 0 0 0 0 0 0 0 0 0 0 0 0 0 0 0 0 0 0 0 0 0 0 0 0 0 0 0 0 0 0 0 0 0 0 0 0 0 0 0 0 0 0 0 0 0 0 0 0 0 0 0 0 0 0 0 0 0 0 0 0 0 0 0 0 0 0 0 0 0 0 0 0 0 0 0 0 0 0 0 0 0 0 0 0 0 0 0 0 0 0 0 0 0 0 0 0 0 0 0 0 0 0 0 0 0 0 0 0 0 0 0 0 0 0 0 0 0 0 0 0 0 0 0 0 0 0 0 0 0 0 0 0 0 0 0 0 0 0 0 0 0 0 0 0 0 0 0 0 0 0 0 0 0 0 0 0 0 0 0 0 0 0 0 0 0 0 0 0 0 0 0 0 0 0 0 0 0 0 0 0 0 0 0 0 0 0 0 0 0 0 0 0 0 0 0 0 0 0 0 0 0 0 0 0 0 0 0 0 0 0 0 0 0 0 0 0 0 0 0 0 0 0 0 0 0 0 0 0 0 0 0 0 0 0 0 0 0 0 0 0 0 0 0 0 0 0 0 0 0 0 0 0 0 0 0 0 0 0 0 0 0 0 0 0 0 0 0 0 0 0 0 0 0 0 0 0 0 0 0 0 0 0 0 0 0 0 0 0 0 0 0 0 0 0 0 0 0 0 0 0 0 0 0 0 0 0 0 0 0 0 0 0 0 0 0 0 0 0 0 0 0 0 0 0 0 0 0 0 0 0 0 0 0 0 0 0 0 0 0 0 0 0 0 0 0 0 0 0 0 0 0 0 0 0 0 0 0 0 0 0 0 0 0 0 0 0 0 0 0 0 0 0 0 0 0 0 0 0 0 0 0 0 0 0 0 0 0 0 0 0 0 0 0 0 0 0 0 0 0 0 0 0 0 0 0 0 0 0 0 0 0 0 0 0 0 0 0 0 0 0 0 0 0 0 0 0 0 0 0 0 0 0 0 0 0 0 0 0 0 0 0 0 0 0 0 0 0 0 0 0 0 0 0 0 0 0 0 0 0 0 0 0 0 0 0 0 0 0 0 0 0 0 0 0 0 0 0 0 0 0 0 0 0 0 0 0 0 0 0 0 0 0 0 0 0 0 0 0 0 0 0 0 0 0 0 0 0 0 0 0 0 0 0 0 0 0 0 0 0 0 0 0 0 0 0 0 0 0 0 0 0 0 0 0 0 0 0 0 0 0 0 0 0 0 0 0 0 0 0 0 0 0 0 0 0 0 0 0 0 0 0 0 0 0 0 0 0 0 0 0 0 0 0 0 0 0 0 0 0 0 0 0 0 0 0 0 0 0 0 0 0 0 0 0 0 0 0 0 0 0 0 0 0 0 0 0 0 0 0 0 0 0 0 0 0 0 0 0 0 0 0 0 0 0 0 0 0 0 0 0 0 0 0 0 0 0 0 0 0 0 0 0 0 0 0 0 0 0 0 0 0 0 0 0 0 0 0 0 0 0 0 0 0 0 0 0 0 0 0 0 0 0 0 0 0 0 0 0 0 0 0 0 0 0 0 0 0 0 0 0 0 0 0 0 0 0 0 0 0 0 0 0 0 0 0 0 0 0 0 0 0 0 0 0 0 0 0 0 0 0 0 0 0 0 0 0 0 0 0 0 0 0 0 0 0 0 0 0 0 0 0 0 0 0 0 0 0 0 0 0 0 0 0 0 0 0 0 0 0 0 0 0 0 0 0 0 0 0 0 0 0 0 0 0 0 0 0 0 0 0 0 0 0 0 0 0 0 0 0 0 0 0 0 0 0 0 0 0 0 0 0 0 0 0 0 0 0 0 0 0 0 0 0 0 0 0 0 0 0 0 0 0 0 0 0 0 0 0 0 0 0 0 0 0 0 0 0 0 0 0 0 0 0 0 0 0 0 0 0 0 0 0 0 0 0 0 0 0 0 0 0 0 0 0 0 0 0 0 0 0 0 0 0 0 0 0 0 0 0 0 0 0 0 0 0 0 0 0 0 0 0 0 0 0 0 0 0 0 0 0 0 0 0 0 0 0 0 0 0 0 0 0 0 0 0 0 0 0 0 0 0 0 0 0 0 0 0 0 0 0 0 0 0 0 0 0 0 0 0 0 0 0 0 0 0 0 0 0 0 0 0 0 0 0 0 0 0 0 0 0 0 0 0 0 0 0 0 0 0 0 0 0 0 0 0 0 0 0 0 0 0 0 0 0 0 0 0 0 0 0 0 0 0 0 0 0 0 0 0 0 0 0 0 0 0 0 0 0 0 0 0 0 0 0 0 0 0 0 0 0 0 0 0 0 0 0 0 0 0 0 0 0 0 0 0 0 0 0 0 0 0 0 0 0 0 0 0 0 0 0 0 0 0 0 0 0 0 0 0 0 0 0 0 0
ctxt 5219672
btime 1494099034
processes 60607
procs_running 2
procs_blocked 1
softirq 13567496 5 6390664 2792 297169 216915 0 2181 1213191 0 5444579
======================
cpu  2035507 0 132515 64031422 24014 0 1004 0 0 0
cpu0 52631 0 5995 1311108 8979 0 294 0 0 0
cpu1 44607 0 7354 1317478 9574 0 265 0 0 0
cpu2 42158 0 2969 1334076 513 0 107 0 0 0
cpu3 41315 0 2476 1335889 59 0 56 0 0 0
cpu4 40450 0 2337 1336446 497 0 44 0 0 0
cpu5 41448 0 2444 1335867 19 0 2 0 0 0
cpu6 41544 0 2284 1335878 37 0 2 0 0 0
cpu7 40880 0 2631 1336161 54 0 4 0 0 0
cpu8 41328 0 2676 1335839 52 0 25 0 0 0
cpu9 40590 0 2567 1335951 602 0 4 0 0 0
cpu10 41694 0 3064 1334850 140 0 2 0 0 0
cpu11 45604 0 2944 1330148 920 0 54 0 0 0
cpu12 47912 0 3058 1327628 8 0 6 0 0 0
cpu13 43266 0 5951 1330499 17 0 2 0 0 0
cpu14 43466 0 2817 1332962 433 0 8 0 0 0
cpu15 41582 0 2802 1334733 537 0 32 0 0 0
cpu16 41564 0 2510 1334246 1288 0 8 0 0 0
cpu17 41332 0 2646 1335688 10 0 18 0 0 0
cpu18 42396 0 2660 1334608 11 0 4 0 0 0
cpu19 43106 0 2630 1333961 23 0 2 0 0 0
cpu20 41066 0 2460 1336206 7 0 1 0 0 0
cpu21 42516 0 2751 1334397 54 0 8 0 0 0
cpu22 43028 0 2566 1333130 12 0 30 0 0 0
cpu23 42860 0 2850 1333947 50 0 2 0 0 0
cpu24 41436 0 2456 1335862 1 0 1 0 0 0
cpu25 41881 0 2410 1335472 3 0 0 0 0 0
cpu26 42167 0 2253 1335334 3 0 0 0 0 0
cpu27 42992 0 2310 1334455 1 0 2 0 0 0
cpu28 42842 0 2274 1334635 1 0 0 0 0 0
cpu29 42092 0 2484 1335135 1 0 0 0 0 0
cpu30 41712 0 2539 1335507 0 0 0 0 0 0
cpu31 41376 0 2286 1336104 0 0 0 0 0 0
cpu32 40188 0 2368 1337212 0 0 0 0 0 0
cpu33 43032 0 2243 1334467 1 0 0 0 0 0
cpu34 40939 0 2073 1336745 0 0 0 0 0 0
cpu35 41348 0 2198 1336220 1 0 0 0 0 0
cpu36 41348 0 2358 1336048 4 0 0 0 0 0
cpu37 43126 0 2496 1334128 8 0 0 0 0 0
cpu38 42030 0 2370 1335344 10 0 1 0 0 0
cpu39 41918 0 2172 1335662 6 0 0 0 0 0
cpu40 41905 0 2614 1335236 4 0 0 0 0 0
cpu41 42120 0 2718 1334910 6 0 0 0 0 0
cpu42 43566 0 2281 1333900 3 0 0 0 0 0
cpu43 41043 0 2410 1336298 4 0 1 0 0 0
cpu44 42026 0 2497 1335234 3 0 0 0 0 0
cpu45 42242 0 2412 1335059 33 0 0 0 0 0
cpu46 42129 0 2346 1335274 3 0 0 0 0 0
cpu47 41687 0 2485 1335466 4 0 1 0 0 0
intr 7830419 116 0 0 0 0 0 0 0 1 7 0 0 0 0 0 0 0 0 56 49 0 0 0 0 0 0 0 0 0 0 0 0 0 0 0 0 0 0 0 0 0 0 0 0 0 0 0 0 0 0 0 0 91316 0 0 0 0 0 0 0 0 0 1407 128590 0 1 112346 18415 10722 27236 32625 19676 0 0 54711 21767 0 0 0 0 0 0 0 0 0 0 0 0 0 0 0 0 0 0 0 0 0 0 0 0 0 0 0 0 0 0 0 0 0 0 0 0 0 0 0 0 0 0 0 0 0 0 0 0 0 0 0 0 0 0 0 0 0 0 0 0 0 0 0 0 0 0 0 0 0 0 0 0 0 0 0 0 0 0 0 0 0 0 0 0 0 0 0 0 0 0 0 0 0 0 0 0 0 0 0 0 0 0 0 2 0 2 2 2 2 2 2 2 0 2 0 2 2 2 2 2 2 2 0 0 0 0 0 0 0 0 0 0 0 0 0 0 0 0 0 0 0 0 0 0 0 0 0 0 0 0 0 0 0 0 0 0 0 0 0 0 0 0 0 0 0 0 0 0 0 0 0 0 0 0 0 0 0 0 0 0 0 0 0 0 0 0 0 0 0 0 0 0 0 0 0 0 0 0 0 0 0 0 0 0 0 0 0 0 0 0 0 0 0 0 0 0 0 0 0 0 0 0 0 0 0 0 0 0 0 0 0 0 0 0 0 0 0 0 0 0 0 0 0 0 0 0 0 0 0 0 0 0 0 0 0 0 0 0 0 0 0 0 0 0 0 0 0 0 0 0 0 0 0 0 0 0 0 0 0 0 0 0 0 0 0 0 0 0 0 0 0 0 0 0 0 0 0 0 0 0 0 0 0 0 0 0 0 0 0 0 0 0 0 0 0 0 0 0 0 0 0 0 0 0 0 0 0 0 0 0 0 0 0 0 0 0 0 0 0 0 0 0 0 0 0 0 0 0 0 0 0 0 0 0 0 0 0 0 0 0 0 0 0 0 0 0 0 0 0 0 0 0 0 0 0 0 0 0 0 0 0 0 0 0 0 0 0 0 0 0 0 0 0 0 0 0 0 0 0 0 0 0 0 0 0 0 0 0 0 0 0 0 0 0 0 0 0 0 0 0 0 0 0 0 0 0 0 0 0 0 0 0 0 0 0 0 0 0 0 0 0 0 0 0 0 0 0 0 0 0 0 0 0 0 0 0 0 0 0 0 0 0 0 0 0 0 0 0 0 0 0 0 0 0 0 0 0 0 0 0 0 0 0 0 0 0 0 0 0 0 0 0 0 0 0 0 0 0 0 0 0 0 0 0 0 0 0 0 0 0 0 0 0 0 0 0 0 0 0 0 0 0 0 0 0 0 0 0 0 0 0 0 0 0 0 0 0 0 0 0 0 0 0 0 0 0 0 0 0 0 0 0 0 0 0 0 0 0 0 0 0 0 0 0 0 0 0 0 0 0 0 0 0 0 0 0 0 0 0 0 0 0 0 0 0 0 0 0 0 0 0 0 0 0 0 0 0 0 0 0 0 0 0 0 0 0 0 0 0 0 0 0 0 0 0 0 0 0 0 0 0 0 0 0 0 0 0 0 0 0 0 0 0 0 0 0 0 0 0 0 0 0 0 0 0 0 0 0 0 0 0 0 0 0 0 0 0 0 0 0 0 0 0 0 0 0 0 0 0 0 0 0 0 0 0 0 0 0 0 0 0 0 0 0 0 0 0 0 0 0 0 0 0 0 0 0 0 0 0 0 0 0 0 0 0 0 0 0 0 0 0 0 0 0 0 0 0 0 0 0 0 0 0 0 0 0 0 0 0 0 0 0 0 0 0 0 0 0 0 0 0 0 0 0 0 0 0 0 0 0 0 0 0 0 0 0 0 0 0 0 0 0 0 0 0 0 0 0 0 0 0 0 0 0 0 0 0 0 0 0 0 0 0 0 0 0 0 0 0 0 0 0 0 0 0 0 0 0 0 0 0 0 0 0 0 0 0 0 0 0 0 0 0 0 0 0 0 0 0 0 0 0 0 0 0 0 0 0 0 0 0 0 0 0 0 0 0 0 0 0 0 0 0 0 0 0 0 0 0 0 0 0 0 0 0 0 0 0 0 0 0 0 0 0 0 0 0 0 0 0 0 0 0 0 0 0 0 0 0 0 0 0 0 0 0 0 0 0 0 0 0 0 0 0 0 0 0 0 0 0 0 0 0 0 0 0 0 0 0 0 0 0 0 0 0 0 0 0 0 0 0 0 0 0 0 0 0 0 0 0 0 0 0 0 0 0 0 0 0 0 0 0 0 0 0 0 0 0 0 0 0 0 0 0 0 0 0 0 0 0 0 0 0 0 0 0 0 0 0 0 0 0 0 0 0 0 0 0 0 0 0 0 0 0 0 0 0 0 0 0 0 0 0 0 0 0 0 0 0 0 0 0 0 0 0 0 0 0 0 0 0 0 0 0 0 0 0 0 0 0 0 0 0 0 0 0 0 0 0 0 0 0 0 0 0 0 0 0 0 0 0 0 0 0 0 0 0 0 0 0 0 0 0 0 0 0 0 0 0 0 0 0 0 0 0 0 0 0 0 0 0 0 0 0 0 0 0 0 0 0 0 0 0 0 0 0 0 0 0 0 0 0 0 0 0 0 0 0 0 0 0 0 0 0 0 0 0 0 0 0 0 0 0 0 0 0 0 0 0 0 0 0 0 0 0 0 0 0 0 0 0 0 0 0 0 0 0 0 0 0 0 0 0 0 0 0 0 0 0 0 0 0 0 0 0 0 0 0 0 0 0 0 0 0 0 0 0 0 0 0 0 0 0 0 0 0 0 0 0 0 0 0 0 0 0 0 0 0 0 0 0 0 0 0 0 0 0 0 0 0 0 0 0 0 0 0 0 0 0 0 0 0 0 0 0 0 0 0 0 0 0 0 0 0 0 0 0 0 0 0 0 0 0 0 0 0 0 0 0 0 0 0 0 0 0 0 0 0 0 0 0 0 0 0 0 0 0 0 0 0 0 0 0 0 0 0 0 0 0 0 0 0 0 0 0 0 0 0 0 0 0 0 0 0 0 0 0 0 0 0 0 0 0 0 0 0 0 0 0 0 0 0 0 0 0 0 0 0 0 0 0 0 0 0 0 0 0 0 0 0 0 0 0 0 0 0 0 0 0 0 0 0 0 0 0 0 0 0 0 0 0 0 0 0 0 0 0 0 0 0 0 0 0 0 0 0 0 0 0 0 0 0 0 0 0 0 0 0 0 0 0 0 0 0 0 0 0 0 0 0 0 0 0 0 0 0 0 0 0 0 0 0 0 0 0 0 0 0 0 0 0 0 0 0 0 0 0 0 0 0 0 0 0 0 0 0 0 0 0 0 0 0 0 0 0 0 0 0 0 0 0 0 0 0 0 0 0 0 0 0 0 0 0 0 0 0 0 0 0 0 0 0 0 0 0 0 0 0 0 0 0 0 0 0 0 0 0 0 0 0 0 0 0 0 0 0 0 0 0 0 0 0 0 0 0 0 0 0 0 0 0 0 0 0 0 0 0 0 0 0 0 0 0 0 0 0 0 0 0 0 0 0 0 0 0 0 0 0 0 0 0 0 0 0 0 0 0 0 0 0 0 0 0 0 0 0 0 0 0 0 0 0 0 0 0 0 0 0
ctxt 5221896
btime 1494099034
processes 60617
procs_running 3
procs_blocked 1
softirq 13573816 5 6392450 2793 297235 219356 0 2181 1214480 0 5445316
