======================
   8      33 sdc1 130922434 644800 6513416760 192327212 176148232 318386124 83067915952 2926146263 0 94543743 3119859479
======================
   8      33 sdc1 130922436 644800 6513416776 192327213 176148232 318386124 83067915952 2926146263 0 94543744 3119859480
======================
   8      33 sdc1 130922436 644800 6513416776 192327213 176148235 318386132 83067916040 2926146268 0 94543749 3119859485
======================
   8      33 sdc1 130922436 644800 6513416776 192327213 176148235 318386132 83067916040 2926146268 0 94543749 3119859485
started
======================
   8      33 sdc1 130922480 644800 6513417128 192329055 176148405 318386829 83068989128 2926192963 1 94545769 3119908136
======================
   8      33 sdc1 130922490 644800 6513417208 192332535 176148574 318388890 83071653272 2926251099 8 94550799 3119972770
======================
   8      33 sdc1 130922500 644800 6513417288 192336812 176148716 318390589 83074052312 2926292946 0 94555330 3120015760
======================
   8      33 sdc1 130922512 644800 6513417384 192341271 176148869 318392758 83076656016 2926351324 20 94560325 3120086266
======================
   8      33 sdc1 130922521 644800 6513417456 192345177 176149020 318394511 83079243472 2926404126 6 94565301 3120137257
======================
   8      33 sdc1 130922532 644800 6513417544 192349162 176149165 318396447 83081813200 2926452804 8 94570300 3120190158
======================
   8      33 sdc1 130922542 644800 6513417624 192353061 176149299 318398205 83084191696 2926488098 8 94574911 3120229778
======================
   8      33 sdc1 130922551 644800 6513417696 192357306 176149441 318399934 83086619472 2926528947 0 94579526 3120272255
======================
   8      33 sdc1 130922562 644800 6513417784 192361600 176149598 318401968 83089214072 2926573703 5 94584508 3120323447
======================
   8      33 sdc1 130922573 644800 6513417872 192365793 176149752 318403898 83091658360 2926618990 18 94589137 3120372911
======================
   8      33 sdc1 130922583 644800 6513417952 192369865 176149937 318405822 83094144728 2926672042 27 94593833 3120432111
======================
   8      33 sdc1 130922593 644800 6513418032 192373381 176150270 318407419 83096685800 2926776139 21 94598621 3120538872
======================
   8      33 sdc1 130922604 644800 6513418120 192377305 176150529 318409253 83099356528 2926846816 12 94603655 3120613451
======================
   8      33 sdc1 130922613 644800 6513418192 192381156 176150758 318410913 83101735280 2926906168 11 94608221 3120677752
======================
   8      33 sdc1 130922624 644800 6513418280 192385869 176151023 318412747 83104388024 2926990412 9 94613225 3120765346
======================
   8      33 sdc1 130922634 644800 6513418360 192390068 176151253 318414421 83106803448 2927075896 4 94617784 3120852939
======================
   8      33 sdc1 130922644 644800 6513418440 192393820 176151477 318416241 83109135480 2927153290 29 94622199 3120939622
======================
   8      33 sdc1 130922654 644800 6513418520 192397700 176151703 318417906 83111538680 2927236856 26 94626759 3121021045
======================
   8      33 sdc1 130922663 644800 6513418592 192401868 176151937 318419411 83113936728 2927309979 0 94631317 3121097828
======================
   8      33 sdc1 130922673 644800 6513418672 192405782 176152194 318421270 83116454608 2927389086 6 94636107 3121183754
======================
   8      33 sdc1 130922682 644800 6513418744 192409609 176152426 318422920 83118747152 2927454363 12 94640443 3121253723
======================
   8      33 sdc1 130922693 644800 6513418832 192413701 176152685 318424745 83121282760 2927542537 23 94645223 3121344793
======================
   8      33 sdc1 130922705 644800 6513418928 192417364 176153322 318426328 83123810056 2927748840 107 94650009 3121590129
======================
   8      33 sdc1 130922713 644800 6513418992 192420654 176153774 318427648 83126360472 2928064835 17 94654854 3121872539
======================
   8      33 sdc1 130922725 644800 6513419088 192425143 176154061 318429628 83128983632 2928170362 40 94659855 3121988000
======================
   8      33 sdc1 130922734 644800 6513419160 192429011 176154322 318431134 83131299800 2928243862 18 94664257 3122062718
======================
   8      33 sdc1 130922743 644800 6513419232 192432889 176154590 318432761 83133683688 2928320022 13 94668801 3122142454
======================
   8      33 sdc1 130922754 644800 6513419320 192436972 176154855 318434573 83136137384 2928396837 32 94673464 3122224328
======================
   8      33 sdc1 130922764 644800 6513419400 192441239 176155127 318436177 83138728016 2928491068 0 94678358 3122318258
======================
   8      33 sdc1 130922774 644800 6513419480 192445447 176155378 318438042 83141185256 2928570334 24 94683019 3122406712
======================
   8      33 sdc1 130922784 644800 6513419560 192449221 176155637 318439674 83143588456 2928651096 21 94687584 3122491899
======================
   8      33 sdc1 130922793 644800 6513419632 192453084 176155895 318441303 83145915104 2928731982 21 94691971 3122578349
======================
   8      33 sdc1 130922802 644800 6513419704 192456894 176156142 318442811 83148154960 2928813510 8 94696238 3122658421
======================
   8      33 sdc1 130922813 644800 6513419792 192461140 176156441 318444608 83150799624 2928914508 7 94701241 3122766799
======================
   8      33 sdc1 130922823 644800 6513419872 192465141 176156980 318446036 83153047040 2929094356 122 94705480 3122971611
======================
   8      33 sdc1 130922834 644800 6513419960 192468528 176157531 318447646 83155678280 2929406761 58 94710483 3123273900
======================
   8      33 sdc1 130922844 644800 6513420040 192472697 176157828 318449073 83158149704 2929551490 0 94715136 3123410113
======================
   8      33 sdc1 130922853 644800 6513420112 192476502 176158107 318450865 83160571712 2929627018 25 94719732 3123493863
======================
   8      33 sdc1 130922864 644800 6513420200 192481276 176158412 318452724 83163201616 2929724090 30 94724733 3123594429
======================
   8      33 sdc1 130922873 644800 6513420272 192485113 176158680 318454329 83165513672 2929798612 29 94729104 3123676589
======================
   8      33 sdc1 130922882 644800 6513420344 192488649 176158944 318455769 83167822600 2929881443 5 94733471 3123758512
======================
   8      33 sdc1 130922894 644800 6513420440 192493008 176159231 318457746 83170373248 2929976266 44 94738324 3123859462
======================
   8      33 sdc1 130922903 644800 6513420512 192496900 176159509 318459360 83172808960 2930070663 40 94742902 3123956419
======================
   8      33 sdc1 130922914 644800 6513420600 192501489 176159818 318461157 83175452544 2930156088 30 94747904 3124047078
======================
   8      33 sdc1 130922924 644800 6513420680 192505439 176160108 318462757 83177884216 2930255565 27 94752510 3124150855
======================
   8      33 sdc1 130922933 644800 6513420752 192509230 176160391 318464360 83180202560 2930335157 30 94756882 3124236450
======================
   8      33 sdc1 130922943 644800 6513420832 192512935 176160831 318465738 83182514904 2930480145 128 94761251 3124414517
======================
   8      33 sdc1 130922953 644800 6513420912 192515890 176161466 318467320 83185175968 2930895844 39 94766253 3124815031
======================
   8      33 sdc1 130922964 644800 6513421000 192520720 176161814 318469082 83187830296 2931032057 24 94771304 3124943107
======================
   8      33 sdc1 130922974 644800 6513421080 192524602 176162108 318470682 83190267608 2931128999 18 94775904 3125044038
======================
   8      33 sdc1 130922978 644800 6513421112 192526494 176162239 318471293 83191292080 2931163994 0 94777850 3125076383
