======================
   8      33 sdc1 34330444 20 1594496878 28857945 35030715 31857247 19554817224 643609395 0 15014695 672445658
======================
   8      33 sdc1 34330461 20 1594497014 28858974 35032648 31857247 19557248776 644213008 88 15019293 673071135
======================
   8      33 sdc1 34330473 20 1594497110 28860304 35034457 31857646 19559889760 644865272 128 15024295 673729957
======================
   8      33 sdc1 34330485 20 1594497206 28861737 35036054 31858435 19562527792 645489310 139 15029297 674372269
======================
   8      33 sdc1 34330495 20 1594497286 28864403 35036702 31859911 19565182240 645999497 130 15034300 674914526
======================
   8      33 sdc1 34330505 20 1594497366 28867840 35037147 31861456 19567803888 646313037 29 15039302 675159945
======================
   8      33 sdc1 34330516 20 1594497454 28872368 35037357 31863361 19570435120 646396029 15 15044287 675247187
======================
   8      33 sdc1 34330525 20 1594497526 28876284 35037713 31864882 19572868144 646509989 31 15048888 675374346
======================
   8      33 sdc1 34330536 20 1594497614 28880331 35038198 31866458 19575366960 646688256 57 15053621 675566844
======================
   8      33 sdc1 34330546 20 1594497694 28884131 35038728 31868035 19578017016 646978763 52 15058624 675853286
======================
   8      33 sdc1 34330557 20 1594497782 28886819 35039856 31868886 19580660608 647441842 145 15063627 676332032
======================
   8      33 sdc1 34330568 20 1594497870 28887985 35041887 31869027 19583299040 648106072 153 15068630 676997680
======================
   8      33 sdc1 34330578 20 1594497950 28889052 35043921 31869109 19585931440 648773164 146 15073632 677665012
======================
   8      33 sdc1 34330589 20 1594498038 28890231 35046020 31869132 19588564112 649433771 137 15078635 678326578
======================
   8      33 sdc1 34330600 20 1594498126 28891417 35047763 31869531 19591194080 650071841 106 15083638 678969774
======================
   8      33 sdc1 34330612 20 1594498222 28893058 35049256 31870358 19593823792 650680516 105 15088640 679609847
======================
   8      33 sdc1 34330623 20 1594498310 28896327 35049937 31871929 19596459168 651219203 156 15093643 680145048
======================
   8      33 sdc1 34330634 20 1594498398 28900263 35050410 31873641 19599088800 651615717 92 15098646 680541373
======================
   8      33 sdc1 34330642 20 1594498462 28903522 35050717 31875094 19601717360 651966327 18 15103648 680858298
======================
   8      33 sdc1 34330653 20 1594498550 28907239 35051246 31876605 19604136680 652244159 78 15108220 681154080
======================
   8      33 sdc1 34330665 20 1594498646 28911132 35051875 31878229 19606786984 652617447 135 15113223 681540833
======================
   8      33 sdc1 34330674 20 1594498718 28913875 35052528 31879533 19609437296 653169940 71 15118225 682073974
======================
   8      33 sdc1 34330685 20 1594498806 28915847 35054079 31880020 19612085312 653765173 128 15123228 682681257
======================
   8      33 sdc1 34330696 20 1594498894 28917009 35056111 31880111 19614721736 654427219 146 15128230 683347728
======================
   8      33 sdc1 34330706 20 1594498974 28917979 35058170 31880175 19617364056 655099530 150 15133232 684020123
======================
   8      33 sdc1 34330717 20 1594499062 28919008 35060231 31880258 19620002096 655757527 125 15138235 684683494
======================
   8      33 sdc1 34330729 20 1594499158 28920375 35061985 31880641 19622644168 656397460 141 15143237 685325532
======================
   8      33 sdc1 34330739 20 1594499238 28922056 35063240 31881552 19625287592 657016014 35 15148239 685923661
======================
   8      33 sdc1 34330750 20 1594499326 28924932 35063941 31883093 19627940680 657551847 49 15153242 686456500
======================
   8      33 sdc1 34330761 20 1594499414 28929531 35064362 31884853 19630588368 657716914 44 15158245 686634890
======================
   8      33 sdc1 34330771 20 1594499494 28933421 35064761 31886377 19633227672 657851513 14 15163248 686768080
======================
   8      33 sdc1 34330782 20 1594499582 28936843 35065390 31887863 19635885912 658346416 12 15168251 687271685
======================
   8      33 sdc1 34330794 20 1594499678 28940028 35066099 31889430 19638535128 658892010 77 15173254 687866720
======================
   8      33 sdc1 34330804 20 1594499758 28942712 35066878 31890667 19641180016 659473688 143 15178257 688401810
======================
   8      33 sdc1 34330814 20 1594499838 28943759 35068879 31890765 19643816704 660134367 131 15183259 689067255
======================
   8      33 sdc1 34330825 20 1594499926 28944926 35070915 31890853 19646458776 660805871 3 15188261 689730137
======================
   8      33 sdc1 34330836 20 1594500014 28945975 35072993 31890897 19649091440 661452535 125 15193264 690390389
======================
   8      33 sdc1 34330846 20 1594500094 28947168 35074903 31891125 19651737672 662122984 31 15198266 691059944
======================
   8      33 sdc1 34330857 20 1594500182 28948558 35076656 31891496 19654381080 662760498 31 15203269 691698656
======================
   8      33 sdc1 34330870 20 1594500286 28951816 35077518 31892951 19657024488 663335933 101 15208271 692312431
======================
   8      33 sdc1 34330880 20 1594500366 28954920 35078130 31894634 19659668184 663845668 100 15213274 692870988
======================
   8      33 sdc1 34330890 20 1594500446 28959000 35078532 31896184 19662301856 664083515 41 15218276 693027185
======================
   8      33 sdc1 34330901 20 1594500534 28962883 35079044 31897726 19664886616 664298912 87 15223142 693273712
======================
   8      33 sdc1 34330912 20 1594500622 28965851 35079728 31899248 19667535584 664782225 128 15228144 693795412
======================
   8      33 sdc1 34330923 20 1594500710 28968819 35080423 31900717 19670184296 665298970 140 15233146 694303113
======================
   8      33 sdc1 34330933 20 1594500790 28970493 35081655 31901346 19672829640 665917275 155 15238148 694889650
======================
   8      33 sdc1 34330943 20 1594500870 28971476 35083694 31901432 19675474376 666584300 145 15243151 695558314
======================
   8      33 sdc1 34330954 20 1594500958 28972530 35085730 31901510 19678112360 667245475 152 15248154 696220968
======================
   8      33 sdc1 34330964 20 1594501038 28973415 35087767 31901563 19680656696 667883652 0 15252990 696835341
started
======================
   8      33 sdc1 34333668 20 1594665272 28974371 35087778 31901564 19680656792 667883678 1 15253686 696836321
======================
   8      33 sdc1 34355456 20 1596060216 28978779 35087778 31901564 19680656792 667883678 1 15258084 696840719
======================
   8      33 sdc1 34376797 20 1597426296 28983131 35087780 31901566 19680656824 667883684 1 15262425 696845066
======================
   8      33 sdc1 34397813 20 1598774712 28987470 35087780 31901566 19680656824 667883684 1 15266757 696849399
======================
   8      33 sdc1 34419188 20 1600146744 28991766 35087780 31901566 19680656824 667883684 1 15271045 696853688
======================
   8      33 sdc1 34440419 20 1601513144 28996095 35087780 31901566 19680656824 667883684 0 15275364 696858008
======================
   8      33 sdc1 34462080 20 1602908984 29000482 35087782 31901566 19680656840 667883684 1 15279744 696862391
======================
   8      33 sdc1 34483480 20 1604293048 29004824 35087782 31901566 19680656840 667883684 1 15284073 696866726
======================
   8      33 sdc1 34504391 20 1605651896 29009163 35087782 31901566 19680656840 667883684 1 15288378 696871056
======================
   8      33 sdc1 34525574 20 1607031544 29013498 35087782 31901566 19680656840 667883684 0 15292691 696875386
======================
   8      33 sdc1 34546516 20 1608401656 29017803 35087782 31901566 19680656840 667883684 1 15296963 696879679
======================
   8      33 sdc1 34567618 20 1609788600 29022167 35087782 31901566 19680656840 667883684 1 15301272 696884037
======================
   8      33 sdc1 34588602 20 1611171128 29026579 35087782 31901566 19680656840 667883684 1 15305638 696888444
======================
   8      33 sdc1 34609762 20 1612565440 29031014 35087782 31901566 19680656840 667883684 1 15310023 696892870
======================
   8      33 sdc1 34630707 20 1613953600 29035432 35087782 31901566 19680656840 667883684 1 15314384 696897283
======================
   8      33 sdc1 34651765 20 1615344752 29039823 35087782 31901566 19680656840 667883684 1 15318719 696901664
======================
   8      33 sdc1 34672984 20 1616743216 29044231 35087782 31901566 19680656840 667883684 1 15323086 696906069
======================
   8      33 sdc1 34694077 20 1618137056 29048655 35087782 31901566 19680656840 667883684 1 15327464 696910486
======================
   8      33 sdc1 34715215 20 1619532104 29053099 35087782 31901566 19680656840 667883684 1 15331862 696914922
======================
   8      33 sdc1 34736173 20 1620921656 29057477 35087782 31901566 19680656840 667883684 1 15336201 696919291
======================
   8      33 sdc1 34757317 20 1622321888 29061866 35087782 31901566 19680656840 667883684 1 15340540 696923672
======================
   8      33 sdc1 34778302 20 1623715248 29066253 35087782 31901566 19680656840 667883684 1 15344878 696928054
======================
   8      33 sdc1 34799386 20 1625115632 29070681 35087782 31901566 19680656840 667883684 1 15349259 696932476
======================
   8      33 sdc1 34820369 20 1626506224 29075057 35087782 31901566 19680656840 667883684 1 15353602 696936844
======================
   8      33 sdc1 34841231 20 1627890672 29079388 35087782 31901566 19680656840 667883684 1 15357900 696941165
======================
   8      33 sdc1 34862355 20 1629283504 29083766 35087782 31901566 19680656840 667883684 0 15362236 696945529
======================
   8      33 sdc1 34883446 20 1630677816 29088159 35087782 31901566 19680656840 667883684 1 15366598 696949911
======================
   8      33 sdc1 34904535 20 1632077376 29092564 35087782 31901566 19680656840 667883684 1 15370955 696954308
======================
   8      33 sdc1 34925507 20 1633473432 29096975 35087782 31901566 19680656840 667883684 0 15375324 696958715
======================
   8      33 sdc1 34946691 20 1634878704 29101385 35087782 31901566 19680656840 667883684 1 15379690 696963114
======================
   8      33 sdc1 34967796 20 1636280336 29105801 35087782 31901566 19680656840 667883684 1 15384070 696967526
======================
   8      33 sdc1 34988862 20 1637671728 29110209 35087782 31901566 19680656840 667883684 1 15388426 696971923
======================
   8      33 sdc1 35009801 20 1639064304 29114606 35087782 31901566 19680656840 667883684 1 15392764 696976311
======================
   8      33 sdc1 35030731 20 1640456112 29118984 35087782 31901566 19680656840 667883684 1 15397095 696980680
======================
   8      33 sdc1 35051523 20 1641844312 29123388 35087782 31901566 19680656840 667883684 1 15401444 696985072
======================
   8      33 sdc1 35072517 20 1643237672 29127807 35087782 31901566 19680656840 667883684 1 15405826 696989482
======================
   8      33 sdc1 35093523 20 1644640264 29132257 35087782 31901566 19680656840 667883684 1 15410225 696993924
======================
   8      33 sdc1 35114513 20 1646036496 29136663 35087782 31901566 19680656840 667883684 1 15414580 696998323
======================
   8      33 sdc1 35135444 20 1647430496 29141063 35087782 31901566 19680656840 667883684 1 15418924 697002711
======================
   8      33 sdc1 35156215 20 1648814888 29145399 35087782 31901566 19680656840 667883684 1 15423215 697007036
======================
   8      33 sdc1 35177145 20 1650212144 29149752 35087782 31901566 19680656840 667883684 1 15427525 697011376
======================
   8      33 sdc1 35198200 20 1651611200 29154128 35087782 31901566 19680656840 667883684 1 15431853 697015744
======================
   8      33 sdc1 35219148 20 1653012880 29158554 35087782 31901566 19680656840 667883684 0 15436231 697020162
======================
   8      33 sdc1 35240115 20 1654407120 29162938 35087782 31901566 19680656840 667883684 1 15440574 697024535
======================
   8      33 sdc1 35260957 20 1655802056 29167354 35087782 31901566 19680656840 667883684 1 15444939 697028945
======================
   8      33 sdc1 35281894 20 1657199360 29171799 35087782 31901566 19680656840 667883684 1 15449339 697033385
======================
   8      33 sdc1 35302676 20 1658587112 29176208 35087782 31901566 19680656840 667883684 1 15453698 697037784
======================
   8      33 sdc1 35323396 20 1659971120 29180550 35087782 31901566 19680656840 667883684 1 15457995 697042115
======================
   8      33 sdc1 35344127 20 1661353096 29184919 35087782 31901566 19680656840 667883684 1 15462332 697046479
======================
   8      33 sdc1 35364858 20 1662740592 29189338 35087782 31901566 19680656840 667883684 1 15466699 697050892
======================
   8      33 sdc1 35385819 20 1664138736 29193721 35087782 31901566 19680656840 667883684 1 15471047 697055265
======================
   8      33 sdc1 35406771 20 1665541072 29198129 35087782 31901566 19680656840 667883684 1 15475422 697059662
======================
   8      33 sdc1 35427568 20 1666927832 29202518 35087782 31901566 19680656840 667883684 1 15479774 697064041
======================
   8      33 sdc1 35448387 20 1668320152 29206897 35087782 31901566 19680656840 667883684 1 15484105 697068403
======================
   8      33 sdc1 35469453 20 1669724600 29211322 35087782 31901566 19680656840 667883684 1 15488492 697072822
======================
   8      33 sdc1 35490529 20 1671127272 29215730 35087782 31901566 19680656840 667883684 1 15492866 697077221
======================
   8      33 sdc1 35511539 20 1672531976 29220111 35087782 31901566 19680656840 667883684 1 15497201 697081590
======================
   8      33 sdc1 35532484 20 1673933240 29224503 35087782 31901566 19680656840 667883684 1 15501565 697085981
======================
   8      33 sdc1 35553432 20 1675337040 29228980 35087782 31901566 19680656840 667883684 1 15506004 697090447
======================
   8      33 sdc1 35574310 20 1676736280 29233357 35087782 31901566 19680656840 667883684 1 15510333 697094810
======================
   8      33 sdc1 35595120 20 1678131032 29237761 35087782 31901566 19680656840 667883684 1 15514698 697099210
======================
   8      33 sdc1 35616020 20 1679527624 29242182 35087782 31901566 19680656840 667883684 1 15519094 697103627
======================
   8      33 sdc1 35636878 20 1680919784 29246537 35087782 31901566 19680656840 667883684 0 15523410 697107967
======================
   8      33 sdc1 35657785 20 1682314504 29250975 35087782 31901566 19680656840 667883684 1 15527823 697112397
======================
   8      33 sdc1 35678651 20 1683711664 29255359 35087782 31901566 19680656840 667883684 0 15532160 697116768
======================
   8      33 sdc1 35699567 20 1685111304 29259774 35087782 31901566 19680656840 667883684 1 15536551 697121177
======================
   8      33 sdc1 35720170 20 1686496984 29264176 35087782 31901566 19680656840 667883684 1 15540904 697125564
======================
   8      33 sdc1 35741043 20 1687893552 29268566 35087782 31901566 19680656840 667883684 1 15545264 697129949
======================
   8      33 sdc1 35761962 20 1689298088 29272957 35087782 31901566 19680656840 667883684 1 15549618 697134332
======================
   8      33 sdc1 35782792 20 1690695448 29277359 35087782 31901566 19680656840 667883684 1 15553992 697138728
======================
   8      33 sdc1 35803712 20 1692096928 29281745 35087782 31901566 19680656840 667883684 1 15558352 697143106
======================
   8      33 sdc1 35824492 20 1693488680 29286113 35087782 31901566 19680656840 667883684 1 15562680 697147461
======================
   8      33 sdc1 35845354 20 1694882584 29290518 35087782 31901566 19680656840 667883684 1 15567061 697151863
======================
   8      33 sdc1 35866290 20 1696283992 29294933 35087782 31901566 19680656840 667883684 1 15571441 697156267
======================
   8      33 sdc1 35887156 20 1697679720 29299311 35087782 31901566 19680656840 667883684 1 15575791 697160640
======================
   8      33 sdc1 35908066 20 1699079272 29303695 35087782 31901566 19680656840 667883684 1 15580150 697165015
======================
   8      33 sdc1 35928924 20 1700477512 29308098 35087782 31901566 19680656840 667883684 1 15584514 697169412
======================
   8      33 sdc1 35949836 20 1701877696 29312536 35087782 31901566 19680656840 667883684 1 15588914 697173844
======================
   8      33 sdc1 35970664 20 1703274224 29316932 35087782 31901566 19680656840 667883684 1 15593269 697178228
======================
   8      33 sdc1 35991589 20 1704680808 29321351 35087782 31901566 19680656840 667883684 1 15597660 697182642
======================
   8      33 sdc1 36012537 20 1706087320 29325783 35087782 31901566 19680656840 667883684 1 15602062 697187068
======================
   8      33 sdc1 36033327 20 1707487960 29330178 35087782 31901566 19680656840 667883684 1 15606422 697191457
