======================
   8      33 sdc1 3001634 947039 1006854014 36001905 32833613 26207635 15456450272 434905527 0 9020507 470892322
======================
   8      33 sdc1 3001649 947039 1006854134 36005343 32833878 26209372 15458709664 434999545 17 9024836 470994438
======================
   8      33 sdc1 3001660 947039 1006854222 36010089 32834029 26211328 15461321912 435060632 21 9029838 471057374
======================
   8      33 sdc1 3001669 947039 1006854294 36013573 32834209 26213908 15463651496 435126071 18 9034324 471129977
======================
   8      33 sdc1 3001680 947039 1006854382 36017916 32834361 26215858 15466233640 435207765 20 9039322 471217451
======================
   8      33 sdc1 3001690 947039 1006854462 36021911 32834512 26218988 15468812784 435287688 24 9044325 471307333
======================
   8      33 sdc1 3001700 947039 1006854542 36025560 32834684 26220942 15471474280 435345030 4 9049327 471356963
======================
   8      33 sdc1 3001712 947039 1006854638 36030596 32834832 26223084 15474114904 435390536 18 9054329 471407404
======================
   8      33 sdc1 3001722 947039 1006854718 36034197 32835010 26226304 15476529024 435443789 13 9058898 471466738
======================
   8      33 sdc1 3001732 947039 1006854798 36038350 32835163 26228258 15479188816 435499019 12 9063900 471524981
======================
   8      33 sdc1 3001744 947039 1006854894 36043213 32835311 26230399 15481817360 435563184 27 9068901 471594840
======================
   8      33 sdc1 3001754 947039 1006854974 36046584 32835495 26234962 15484392640 435642314 13 9073754 471677356
======================
   8      33 sdc1 3001766 947039 1006855070 36050833 32835792 26237093 15487052360 435787861 85 9078755 471873841
======================
   8      33 sdc1 3001775 947039 1006855142 36054981 32836125 26241394 15489558080 435977613 36 9083487 472021545
======================
   8      33 sdc1 3001785 947039 1006855222 36058646 32836417 26243025 15492111504 436071134 11 9088308 472119810
======================
   8      33 sdc1 3001796 947039 1006855310 36063623 32836710 26245007 15494764496 436186664 40 9093310 472240504
======================
   8      33 sdc1 3001806 947039 1006855390 36066750 32837027 26251629 15497333040 436299486 13 9098152 472355996
======================
   8      33 sdc1 3001818 947039 1006855486 36071578 32837314 26253502 15499984440 436410856 18 9103156 472471761
======================
   8      33 sdc1 3001826 947039 1006855550 36075457 32837600 26256387 15502315576 436512581 13 9107559 472576599
======================
   8      33 sdc1 3001837 947039 1006855638 36079397 32837891 26258198 15504953520 436587335 11 9112557 472654909
======================
   8      33 sdc1 3001848 947039 1006855726 36084052 32838192 26260010 15507592896 436682036 9 9117557 472753787
======================
   8      33 sdc1 3001858 947039 1006855806 36088048 32838492 26264719 15510114904 436775595 23 9122323 472851073
======================
   8      33 sdc1 3001869 947039 1006855894 36092191 32838772 26266548 15512767848 436859521 14 9127325 472940443
======================
   8      33 sdc1 3001880 947039 1006855982 36096852 32839038 26268389 15515419248 436948591 14 9132328 473034207
======================
   8      33 sdc1 3001890 947039 1006856062 36100445 32839465 26270237 15517750360 437141361 47 9136726 473245785
======================
   8      33 sdc1 3001900 947039 1006856142 36104688 32839803 26271821 15520406040 437282559 13 9141728 473376250
======================
   8      33 sdc1 3001910 947039 1006856222 36108726 32840148 26275929 15522974600 437378659 19 9146553 473477508
======================
   8      33 sdc1 3001921 947039 1006856310 36112867 32840475 26277704 15525561880 437476753 23 9151431 473577719
======================
   8      33 sdc1 3001932 947039 1006856398 36117229 32840792 26279482 15528213528 437602569 24 9156434 473713683
======================
   8      33 sdc1 3001942 947039 1006856478 36121032 32841139 26281357 15530844920 437693768 19 9161388 473803256
======================
   8      33 sdc1 3001953 947039 1006856566 36125155 32841473 26283140 15533495320 437800147 15 9166390 473915172
======================
   8      33 sdc1 3001964 947039 1006856654 36129419 32841808 26286254 15536041768 437887753 23 9171203 474005279
======================
   8      33 sdc1 3001974 947039 1006856734 36133422 32842128 26288041 15538664760 437980003 22 9176143 474103272
======================
   8      33 sdc1 3001985 947039 1006856822 36137932 32842455 26289800 15541320448 438083380 20 9181144 474213579
======================
   8      33 sdc1 3001996 947039 1006856910 36141966 32842799 26293558 15543850864 438194142 27 9185908 474323370
======================
   8      33 sdc1 3002007 947039 1006856998 36146198 32843200 26295201 15546481848 438324856 67 9190848 474478626
======================
   8      33 sdc1 3002017 947039 1006857078 36149650 32843628 26298557 15549147216 438616491 16 9195851 474757972
======================
   8      33 sdc1 3002028 947039 1006857166 36153314 32843978 26300413 15551751312 438725150 25 9200740 474867755
======================
   8      33 sdc1 3002038 947039 1006857246 36157732 32844330 26302166 15554401624 438830555 22 9205742 474981079
======================
   8      33 sdc1 3002048 947039 1006857326 36161755 32844654 26304107 15556739216 438931501 20 9210158 475080830
======================
   8      33 sdc1 3002059 947039 1006857414 36165761 32845011 26305859 15559388240 439021576 20 9215159 475176849
======================
   8      33 sdc1 3002069 947039 1006857494 36170230 32845368 26307605 15562053592 439132347 19 9220162 475294600
======================
   8      33 sdc1 3002079 947039 1006857574 36173848 32845746 26318267 15564432240 439236424 11 9224649 475398055
======================
   8      33 sdc1 3002090 947039 1006857662 36177818 32846093 26320018 15567074224 439327821 9 9229651 475495452
======================
   8      33 sdc1 3002100 947039 1006857742 36182064 32846475 26327221 15569622096 439441625 18 9234445 475612664
======================
   8      33 sdc1 3002110 947039 1006857822 36185857 32846797 26328810 15572086880 439524075 5 9239126 475696832
======================
   8      33 sdc1 3002122 947039 1006857918 36190666 32847134 26330745 15574724832 439644184 37 9244073 475824797
======================
   8      33 sdc1 3002131 947039 1006857990 36193917 32847647 26332201 15577127936 439778496 33 9248599 475962388
======================
   8      33 sdc1 3002142 947039 1006858078 36198037 32848021 26333940 15579779584 439901606 26 9253601 476090416
======================
   8      33 sdc1 3002152 947039 1006858158 36202357 32848388 26335490 15582289680 440024891 0 9258306 476212039
started
======================
   8      33 sdc1 3002241 947039 1006858864 36202643 32850838 26335490 15582944576 440197069 149 9259593 476389702
======================
   8      33 sdc1 3002241 947039 1006858864 36202643 32860910 26335491 15585688896 440939004 158 9264780 477133657
======================
   8      33 sdc1 3002241 947039 1006858864 36202643 32870319 26335495 15588308296 441659233 158 9269783 477853472
======================
   8      33 sdc1 3002241 947039 1006858864 36202643 32879590 26335497 15590915712 442368930 149 9274766 478562044
======================
   8      33 sdc1 3002241 947039 1006858864 36202643 32889141 26335498 15593558400 443083858 135 9279768 479277671
======================
   8      33 sdc1 3002241 947039 1006858864 36202643 32898679 26335499 15596169624 443794922 145 9284758 479988186
======================
   8      33 sdc1 3002241 947039 1006858864 36202643 32908424 26335501 15598783176 444515317 131 9289761 480707611
======================
   8      33 sdc1 3002241 947039 1006858864 36202643 32918151 26335502 15601425608 445229304 133 9294763 481423001
======================
   8      33 sdc1 3002241 947039 1006858864 36202643 32927722 26335504 15604034816 445942995 137 9299762 482135348
======================
   8      33 sdc1 3002241 947039 1006858864 36202643 32937204 26335506 15606677272 446656740 151 9304764 482850696
======================
   8      33 sdc1 3002241 947039 1006858864 36202643 32946717 26335508 15609322008 447372720 142 9309766 483565722
======================
   8      33 sdc1 3002241 947039 1006858864 36202643 32956330 26335511 15611944728 448087804 130 9314769 484285366
======================
   8      33 sdc1 3002241 947039 1006858864 36202643 32965714 26335512 15614578760 448800755 143 9319768 484993439
======================
   8      33 sdc1 3002241 947039 1006858864 36202643 32975223 26335513 15617203808 449518720 140 9324771 485711640
======================
   8      33 sdc1 3002241 947039 1006858864 36202643 32984755 26335514 15619806328 450226772 157 9329745 486419199
======================
   8      33 sdc1 3002241 947039 1006858864 36202643 32994311 26335524 15622433968 450941489 138 9334747 487138132
======================
   8      33 sdc1 3002241 947039 1006858864 36202643 33004070 26335535 15625055496 451663098 142 9339749 487855696
======================
   8      33 sdc1 3002241 947039 1006858864 36202643 33013740 26335546 15627686352 452377979 137 9344751 488574335
======================
   8      33 sdc1 3002241 947039 1006858864 36202643 33023289 26335556 15630296040 453085717 135 9349726 489282147
======================
   8      33 sdc1 3002241 947039 1006858864 36202643 33032845 26335565 15632921160 453806425 150 9354728 489998909
======================
   8      33 sdc1 3002241 947039 1006858864 36202643 33042464 26335577 15635555528 454521298 132 9359731 490716954
======================
   8      33 sdc1 3002241 947039 1006858864 36202643 33052098 26335587 15638186976 455234307 134 9364735 491429999
======================
   8      33 sdc1 3002241 947039 1006858864 36202643 33061766 26335597 15640811704 455954860 133 9369738 492147431
======================
   8      33 sdc1 3002241 947039 1006858864 36202643 33071369 26335602 15643447608 456669609 131 9374739 492865026
======================
   8      33 sdc1 3002241 947039 1006858864 36202643 33080896 26335604 15646063464 457380757 129 9379726 493573322
======================
   8      33 sdc1 3002241 947039 1006858864 36202643 33090307 26335605 15648703616 458098001 128 9384730 494290474
======================
   8      33 sdc1 3002241 947039 1006858864 36202643 33099846 26335616 15651344408 458814024 158 9389742 495008778
======================
   8      33 sdc1 3002241 947039 1006858864 36202643 33109338 26335626 15653963592 459526495 148 9394741 495719019
======================
   8      33 sdc1 3002241 947039 1006858864 36202643 33118781 26335637 15656604744 460241674 146 9399743 496436186
======================
   8      33 sdc1 3002241 947039 1006858864 36202643 33128391 26335644 15659233224 460960047 138 9404746 497154649
======================
   8      33 sdc1 3002241 947039 1006858864 36202643 33137914 26335651 15661856080 461670510 148 9409733 497864603
======================
   8      33 sdc1 3002241 947039 1006858864 36202643 33147608 26335662 15664479080 462390356 152 9414735 498584132
======================
   8      33 sdc1 3002241 947039 1006858864 36202643 33157216 26335673 15667106944 463107394 146 9419738 499301318
======================
   8      33 sdc1 3002241 947039 1006858864 36202643 33166829 26335676 15669703720 463811797 140 9424679 500005343
======================
   8      33 sdc1 3002241 947039 1006858864 36202643 33176438 26335677 15672321112 464531314 134 9429681 500723809
======================
   8      33 sdc1 3002241 947039 1006858864 36202643 33186138 26335685 15674961656 465246117 131 9434683 501439527
======================
   8      33 sdc1 3002241 947039 1006858864 36202643 33195712 26335695 15677579048 465960304 142 9439687 502153030
======================
   8      33 sdc1 3002241 947039 1006858864 36202643 33205107 26335706 15680220200 466675410 156 9444688 502868575
======================
   8      33 sdc1 3002241 947039 1006858864 36202643 33214612 26335717 15682854976 467391916 157 9449691 503585023
======================
   8      33 sdc1 3002241 947039 1006858864 36202643 33224186 26335727 15685477744 468107031 147 9454701 504299434
======================
   8      33 sdc1 3002241 947039 1006858864 36202643 33233610 26335738 15688116336 468822564 132 9459705 505015059
======================
   8      33 sdc1 3002241 947039 1006858864 36202643 33243129 26335748 15690738056 469540342 150 9464707 505733035
======================
   8      33 sdc1 3002241 947039 1006858864 36202643 33252652 26335758 15693335200 470247708 155 9469671 506440039
======================
   8      33 sdc1 3002241 947039 1006858864 36202643 33262290 26335769 15695962784 470962588 150 9474673 507159470
======================
   8      33 sdc1 3002241 947039 1006858864 36202643 33272088 26335780 15698586064 471684355 147 9479677 507876733
