======================
   8      33 sdc1 13476804 24807 1329987466 46417714 35631363 38023558 23284424584 934582739 0 14151507 980983467
======================
   8      33 sdc1 13476820 24807 1329987594 46421099 35631732 38025190 23286721032 934761586 15 14155865 981171023
======================
   8      33 sdc1 13476831 24807 1329987682 46425611 35631887 38027020 23289360464 934827423 3 14160866 981236881
======================
   8      33 sdc1 13476841 24807 1329987762 46429647 35632039 38029078 23291912464 934886554 16 14165697 981302158
======================
   8      33 sdc1 13476851 24807 1329987842 46433669 35632183 38030834 23294348176 934939434 13 14170363 981359192
======================
   8      33 sdc1 13476862 24807 1329987930 46437617 35632336 38032775 23296953360 934999222 12 14175315 981423169
======================
   8      33 sdc1 13476872 24807 1329988010 46441789 35632490 38034721 23299536784 935059485 14 14180214 981486511
======================
   8      33 sdc1 13476883 24807 1329988098 46445550 35632638 38036667 23302117272 935120029 17 14185095 981554619
======================
   8      33 sdc1 13476894 24807 1329988186 46450285 35632806 38038661 23304745088 935198056 15 14190095 981636937
======================
   8      33 sdc1 13476904 24807 1329988266 46454384 35632957 38040613 23307298440 935265959 19 14194965 981709102
======================
   8      33 sdc1 13476914 24807 1329988346 46458486 35633111 38042370 23309896648 935318653 6 14199894 981762303
======================
   8      33 sdc1 13476925 24807 1329988434 46462837 35633269 38044304 23312426880 935365207 13 14204757 981815147
======================
   8      33 sdc1 13476937 24807 1329988530 46466842 35633900 38046053 23315126496 935699753 50 14209847 982172189
======================
   8      33 sdc1 13476947 24807 1329988610 46471268 35634190 38047666 23317767152 935840361 14 14214848 982299749
======================
   8      33 sdc1 13476956 24807 1329988682 46475475 35634454 38049619 23320293360 935955737 37 14219672 982426869
======================
   8      33 sdc1 13476964 24807 1329988746 46479212 35634699 38051078 23322674544 936048514 13 14224195 982516546
======================
   8      33 sdc1 13476975 24807 1329988834 46483559 35635002 38052866 23325256624 936141963 18 14229084 982613695
======================
   8      33 sdc1 13476986 24807 1329988922 46487740 35635289 38054669 23327804336 936226321 24 14233933 982703798
======================
   8      33 sdc1 13476995 24807 1329988994 46492024 35635559 38056291 23330221240 936324731 21 14238556 982800752
======================
   8      33 sdc1 13477006 24807 1329989082 46496314 35635900 38058111 23332874472 936419919 18 14243556 982904898
======================
   8      33 sdc1 13477016 24807 1329989162 46500734 35636227 38059686 23335330856 936522009 4 14248175 983007070
======================
   8      33 sdc1 13477026 24807 1329989242 46504712 35636507 38061480 23337923816 936603005 10 14253055 983095245
======================
   8      33 sdc1 13477037 24807 1329989330 46509047 35636773 38063303 23340448432 936689152 18 14257823 983187818
======================
   8      33 sdc1 13477047 24807 1329989410 46513113 35637179 38064870 23342981104 936841736 137 14262586 983378006
======================
   8      33 sdc1 13477058 24807 1329989498 46517119 35637785 38066462 23345632752 937278437 26 14267589 983787709
======================
   8      33 sdc1 13477069 24807 1329989586 46521858 35638119 38068228 23348277688 937400378 23 14272591 983909022
======================
   8      33 sdc1 13477079 24807 1329989666 46526082 35638438 38070076 23350892768 937492305 23 14277515 984006335
======================
   8      33 sdc1 13477090 24807 1329989754 46530335 35638750 38071850 23353429736 937597543 36 14282297 984117219
======================
   8      33 sdc1 13477100 24807 1329989834 46534350 35639049 38073454 23355858728 937693501 26 14286923 984216075
======================
   8      33 sdc1 13477110 24807 1329989914 46538563 35639381 38075229 23358500712 937798282 22 14291924 984323139
======================
   8      33 sdc1 13477121 24807 1329990002 46542940 35639725 38076917 23361041960 937887847 30 14296767 984413962
======================
   8      33 sdc1 13477132 24807 1329990090 46547216 35640119 38078680 23363690664 938005741 37 14301769 984541624
======================
   8      33 sdc1 13477141 24807 1329990162 46551005 35640474 38080301 23366211728 938111225 10 14306555 984648919
======================
   8      33 sdc1 13477152 24807 1329990250 46555498 35640766 38082075 23368622992 938190540 34 14311097 984733126
======================
   8      33 sdc1 13477163 24807 1329990338 46559679 35641111 38083831 23371278672 938305496 34 14316099 984850399
======================
   8      33 sdc1 13477174 24807 1329990426 46562941 35641820 38085390 23373926296 938705882 63 14321102 985303188
======================
   8      33 sdc1 13477183 24807 1329990498 46567480 35642155 38086800 23376422176 938891962 6 14325811 985443555
======================
   8      33 sdc1 13477195 24807 1329990594 46572151 35642501 38088729 23379062816 938985657 40 14330831 985544377
======================
   8      33 sdc1 13477204 24807 1329990666 46575963 35642829 38090367 23381530712 939115226 26 14335493 985681916
======================
   8      33 sdc1 13477215 24807 1329990754 46580306 35643177 38092128 23384181016 939224027 21 14340496 985791250
======================
   8      33 sdc1 13477226 24807 1329990842 46584598 35643508 38093888 23386711000 939311510 36 14345319 985884062
======================
   8      33 sdc1 13477235 24807 1329990914 46588629 35643844 38095454 23389116896 939414277 32 14349862 985996401
======================
   8      33 sdc1 13477246 24807 1329991002 46592798 35644242 38097162 23391762912 939575559 33 14354865 986157958
======================
   8      33 sdc1 13477257 24807 1329991090 46597449 35644653 38098869 23394410528 939719391 21 14359867 986304038
======================
   8      33 sdc1 13477267 24807 1329991170 46601867 35644992 38100683 23396926224 939818010 36 14364665 986403324
======================
   8      33 sdc1 13477278 24807 1329991258 46605777 35645326 38102445 23399460240 939926452 46 14369451 986529940
======================
   8      33 sdc1 13477289 24807 1329991346 46609129 35645997 38103848 23402120208 940216914 79 14374454 986829657
======================
   8      33 sdc1 13477299 24807 1329991426 46613440 35646427 38105560 23404764888 940541220 42 14379455 987149360
======================
   8      33 sdc1 13477309 24807 1329991506 46617729 35646771 38107126 23407227984 940674706 24 14384096 987281923
======================
   8      33 sdc1 13477319 24807 1329991586 46622335 35647144 38108909 23409882752 940788661 23 14389119 987403143
started
======================
   8      33 sdc1 13477440 24807 1329992548 46623282 35647219 38109080 23410264200 940807628 0 14389905 987413831
======================
   8      33 sdc1 13487026 24808 1332421524 46635986 35647219 38109080 23410264200 940807628 2 14394299 987426527
======================
   8      33 sdc1 13497871 24812 1335198612 46649779 35647221 38109082 23410264232 940807637 2 14399300 987440310
======================
   8      33 sdc1 13508729 24812 1337978260 46663545 35647221 38109082 23410264232 940807637 3 14404302 987454059
======================
   8      33 sdc1 13519593 24812 1340759444 46677370 35647221 38109082 23410264232 940807637 3 14409305 987467875
======================
   8      33 sdc1 13530456 24812 1343540372 46691181 35647221 38109082 23410264232 940807637 3 14414308 987481674
======================
   8      33 sdc1 13541318 24812 1346321044 46704949 35647223 38109082 23410264248 940807638 2 14419310 987495427
======================
   8      33 sdc1 13552177 24812 1349100948 46718705 35647223 38109082 23410264248 940807638 2 14424311 987509163
======================
   8      33 sdc1 13563039 24812 1351881620 46732495 35647223 38109082 23410264248 940807638 2 14429314 987522949
======================
   8      33 sdc1 13573901 24812 1354662292 46746324 35647223 38109082 23410264248 940807638 2 14434315 987536766
======================
   8      33 sdc1 13584763 24812 1357442964 46760238 35647223 38109082 23410264248 940807638 2 14439317 987550664
======================
   8      33 sdc1 13595625 24812 1360223636 46773977 35647223 38109082 23410264248 940807638 3 14444319 987564389
======================
   8      33 sdc1 13606626 24812 1363039892 46787968 35647223 38109082 23410264248 940807638 3 14449386 987578369
======================
   8      33 sdc1 13617489 24812 1365820820 46801807 35647223 38109082 23410264248 940807638 2 14454388 987592196
======================
   8      33 sdc1 13628351 24812 1368601492 46815615 35647223 38109082 23410264248 940807638 2 14459390 987605991
======================
   8      33 sdc1 13639213 24812 1371382164 46829486 35647223 38109082 23410264248 940807638 3 14464392 987619851
======================
   8      33 sdc1 13650076 24812 1374163092 46843325 35647223 38109082 23410264248 940807638 1 14469394 987633679
======================
   8      33 sdc1 13660938 24812 1376943764 46857190 35647223 38109082 23410264248 940807638 3 14474397 987647537
======================
   8      33 sdc1 13671800 24812 1379724436 46871007 35647223 38109082 23410264248 940807638 3 14479398 987661334
======================
   8      33 sdc1 13682658 24812 1382504084 46884848 35647223 38109082 23410264248 940807638 3 14484401 987675171
======================
   8      33 sdc1 13693522 24812 1385285268 46898645 35647223 38109082 23410264248 940807638 2 14489403 987688954
======================
   8      33 sdc1 13704385 24812 1388066196 46912538 35647223 38109082 23410264248 940807638 1 14494405 987702837
======================
   8      33 sdc1 13715246 24812 1390846612 46926377 35647223 38109082 23410264248 940807638 3 14499407 987716669
======================
   8      33 sdc1 13726111 24812 1393628052 46940190 35647223 38109082 23410264248 940807638 3 14504411 987730472
======================
   8      33 sdc1 13736975 24812 1396409236 46954058 35647223 38109082 23410264248 940807638 3 14509413 987744324
======================
   8      33 sdc1 13747838 24812 1399190164 46967906 35647223 38109082 23410264248 940807638 3 14514416 987758161
======================
   8      33 sdc1 13758701 24812 1401971092 46981692 35647223 38109082 23410264248 940807638 2 14519418 987771940
======================
   8      33 sdc1 13769537 24813 1404744852 46993968 35647223 38109082 23410264248 940807638 1 14524420 987784197
======================
   8      33 sdc1 13780331 24814 1407508116 47003624 35647223 38109082 23410264248 940807638 2 14529423 987793827
======================
   8      33 sdc1 13791123 24814 1410271124 47013257 35647223 38109082 23410264248 940807638 2 14534424 987803441
======================
   8      33 sdc1 13801915 24814 1413033876 47022879 35647223 38109082 23410264248 940807638 2 14539427 987813047
======================
   8      33 sdc1 13812705 24816 1415795860 47032518 35647223 38109082 23410264248 940807638 2 14544428 987822665
======================
   8      33 sdc1 13823498 24820 1418557588 47042161 35647223 38109082 23410264248 940807638 2 14549430 987832294
======================
   8      33 sdc1 13834287 24820 1421319324 47051816 35647223 38109082 23410264248 940807638 2 14554433 987841927
======================
   8      33 sdc1 13845082 24821 1424081820 47061472 35647223 38109082 23410264248 940807638 2 14559436 987851570
======================
   8      33 sdc1 13855875 24824 1426844060 47071122 35647223 38109082 23410264248 940807638 2 14564439 987861196
======================
   8      33 sdc1 13866667 24825 1429606556 47080751 35647223 38109082 23410264248 940807638 2 14569441 987870801
======================
   8      33 sdc1 13877458 24825 1432369308 47090406 35647223 38109082 23410264248 940807638 2 14574444 987880438
======================
   8      33 sdc1 13888248 24828 1435131292 47100037 35647223 38109082 23410264248 940807638 2 14579445 987890054
======================
   8      33 sdc1 13899035 24830 1437893276 47109662 35647223 38109082 23410264248 940807638 2 14584448 987899657
======================
   8      33 sdc1 13909826 24830 1440655772 47119299 35647223 38109082 23410264248 940807638 2 14589449 987909272
======================
   8      33 sdc1 13920620 24830 1443419036 47128939 35647223 38109082 23410264248 940807638 1 14594452 987918885
======================
   8      33 sdc1 13931412 24830 1446182044 47138590 35647223 38109082 23410264248 940807638 2 14599455 987928520
======================
   8      33 sdc1 13942204 24832 1448944028 47148234 35647223 38109082 23410264248 940807638 2 14604456 987938143
======================
   8      33 sdc1 13952996 24834 1451706268 47157892 35647223 38109082 23410264248 940807638 2 14609458 987947769
======================
   8      33 sdc1 13963794 24837 1454469572 47167528 35647223 38109082 23410264248 940807638 2 14614462 987957384
