======================
cpu  2055090 0 510900 82362017 334014 0 2678 0 0 0
cpu0 53222 0 32643 1619230 66712 0 608 0 0 0
cpu1 45052 0 20246 1671465 37284 0 417 0 0 0
cpu2 42577 0 11722 1716786 5350 0 123 0 0 0
cpu3 42424 0 11302 1722584 450 0 61 0 0 0
cpu4 41107 0 9102 1725657 906 0 46 0 0 0
cpu5 41847 0 9532 1725320 133 0 3 0 0 0
cpu6 41948 0 9114 1725550 187 0 5 0 0 0
cpu7 41277 0 9676 1725539 291 0 4 0 0 0
cpu8 41735 0 9922 1725122 221 0 25 0 0 0
cpu9 40970 0 10496 1716724 8096 0 42 0 0 0
cpu10 42150 0 11390 1713853 8827 0 40 0 0 0
cpu11 46306 0 22170 1653901 51012 0 299 0 0 0
cpu12 48405 0 14442 1704686 7397 0 40 0 0 0
cpu13 43697 0 14918 1706510 11047 0 43 0 0 0
cpu14 43915 0 13758 1696554 21223 0 121 0 0 0
cpu15 42049 0 13768 1698247 21358 0 125 0 0 0
cpu16 42029 0 14021 1700010 19461 0 108 0 0 0
cpu17 41767 0 11596 1712990 9798 0 70 0 0 0
cpu18 42772 0 10772 1714451 8221 0 54 0 0 0
cpu19 43471 0 10731 1714901 7354 0 26 0 0 0
cpu20 41426 0 9495 1719177 6341 0 28 0 0 0
cpu21 42872 0 9745 1718102 5738 0 34 0 0 0
cpu22 43487 0 13158 1705483 12485 0 155 0 0 0
cpu23 43327 0 13915 1705518 13141 0 76 0 0 0
cpu24 41781 0 7672 1727379 2 0 1 0 0 0
cpu25 42238 0 8812 1725641 150 0 0 0 0 0
cpu26 42522 0 9068 1725240 4 0 0 0 0 0
cpu27 43342 0 7724 1725765 1 0 2 0 0 0
cpu28 43195 0 8353 1725290 1 0 0 0 0 0
cpu29 42439 0 8032 1726322 2 0 0 0 0 0
cpu30 42074 0 8405 1726361 0 0 0 0 0 0
cpu31 41721 0 7598 1727532 1 0 0 0 0 0
cpu32 40537 0 7620 1728706 0 0 0 0 0 0
cpu33 43385 0 8420 1725014 2 0 0 0 0 0
cpu34 41292 0 7928 1727620 0 0 0 0 0 0
cpu35 42058 0 8140 1726623 9 0 0 0 0 0
cpu36 41650 0 7555 1727631 7 0 1 0 0 0
cpu37 43422 0 8358 1725051 11 0 0 0 0 0
cpu38 42328 0 8112 1720764 5163 0 54 0 0 0
cpu39 42190 0 6573 1728071 10 0 0 0 0 0
cpu40 42184 0 6919 1727740 9 0 0 0 0 0
cpu41 42414 0 8457 1723639 2117 0 28 0 0 0
cpu42 43852 0 7494 1725485 4 0 0 0 0 0
cpu43 41322 0 6728 1728781 7 0 2 0 0 0
cpu44 42318 0 7900 1726622 4 0 0 0 0 0
cpu45 42550 0 7808 1726442 33 0 0 0 0 0
cpu46 42430 0 11255 1719515 3420 0 19 0 0 0
cpu47 41996 0 8314 1726406 8 0 1 0 0 0
intr 12225018 116 0 0 0 0 0 0 0 1 7 0 0 0 0 0 0 0 0 56 49 0 0 0 0 0 0 0 0 0 0 0 0 0 0 0 0 0 0 0 0 0 0 0 0 0 0 0 0 0 0 0 0 109933 0 0 0 0 0 0 0 0 0 1471 1799068 0 1 136598 20532 12816 30062 35024 22565 0 0 56924 23834 0 0 0 0 0 0 0 0 0 0 0 0 0 0 0 0 0 0 0 0 0 0 0 0 0 0 0 0 0 0 0 0 0 0 0 0 0 0 0 0 0 0 0 0 0 0 0 0 0 0 0 0 0 0 0 0 0 0 0 0 0 0 0 0 0 0 0 0 0 0 0 0 0 0 0 0 0 0 0 0 0 0 0 0 0 0 0 0 0 0 0 0 0 0 0 0 0 0 0 0 0 0 0 2 0 2 2 2 2 2 2 2 0 2 0 2 2 2 2 2 2 2 0 0 0 0 0 0 0 0 0 0 0 0 0 0 0 0 0 0 0 0 0 0 0 0 0 0 0 0 0 0 0 0 0 0 0 0 0 0 0 0 0 0 0 0 0 0 0 0 0 0 0 0 0 0 0 0 0 0 0 0 0 0 0 0 0 0 0 0 0 0 0 0 0 0 0 0 0 0 0 0 0 0 0 0 0 0 0 0 0 0 0 0 0 0 0 0 0 0 0 0 0 0 0 0 0 0 0 0 0 0 0 0 0 0 0 0 0 0 0 0 0 0 0 0 0 0 0 0 0 0 0 0 0 0 0 0 0 0 0 0 0 0 0 0 0 0 0 0 0 0 0 0 0 0 0 0 0 0 0 0 0 0 0 0 0 0 0 0 0 0 0 0 0 0 0 0 0 0 0 0 0 0 0 0 0 0 0 0 0 0 0 0 0 0 0 0 0 0 0 0 0 0 0 0 0 0 0 0 0 0 0 0 0 0 0 0 0 0 0 0 0 0 0 0 0 0 0 0 0 0 0 0 0 0 0 0 0 0 0 0 0 0 0 0 0 0 0 0 0 0 0 0 0 0 0 0 0 0 0 0 0 0 0 0 0 0 0 0 0 0 0 0 0 0 0 0 0 0 0 0 0 0 0 0 0 0 0 0 0 0 0 0 0 0 0 0 0 0 0 0 0 0 0 0 0 0 0 0 0 0 0 0 0 0 0 0 0 0 0 0 0 0 0 0 0 0 0 0 0 0 0 0 0 0 0 0 0 0 0 0 0 0 0 0 0 0 0 0 0 0 0 0 0 0 0 0 0 0 0 0 0 0 0 0 0 0 0 0 0 0 0 0 0 0 0 0 0 0 0 0 0 0 0 0 0 0 0 0 0 0 0 0 0 0 0 0 0 0 0 0 0 0 0 0 0 0 0 0 0 0 0 0 0 0 0 0 0 0 0 0 0 0 0 0 0 0 0 0 0 0 0 0 0 0 0 0 0 0 0 0 0 0 0 0 0 0 0 0 0 0 0 0 0 0 0 0 0 0 0 0 0 0 0 0 0 0 0 0 0 0 0 0 0 0 0 0 0 0 0 0 0 0 0 0 0 0 0 0 0 0 0 0 0 0 0 0 0 0 0 0 0 0 0 0 0 0 0 0 0 0 0 0 0 0 0 0 0 0 0 0 0 0 0 0 0 0 0 0 0 0 0 0 0 0 0 0 0 0 0 0 0 0 0 0 0 0 0 0 0 0 0 0 0 0 0 0 0 0 0 0 0 0 0 0 0 0 0 0 0 0 0 0 0 0 0 0 0 0 0 0 0 0 0 0 0 0 0 0 0 0 0 0 0 0 0 0 0 0 0 0 0 0 0 0 0 0 0 0 0 0 0 0 0 0 0 0 0 0 0 0 0 0 0 0 0 0 0 0 0 0 0 0 0 0 0 0 0 0 0 0 0 0 0 0 0 0 0 0 0 0 0 0 0 0 0 0 0 0 0 0 0 0 0 0 0 0 0 0 0 0 0 0 0 0 0 0 0 0 0 0 0 0 0 0 0 0 0 0 0 0 0 0 0 0 0 0 0 0 0 0 0 0 0 0 0 0 0 0 0 0 0 0 0 0 0 0 0 0 0 0 0 0 0 0 0 0 0 0 0 0 0 0 0 0 0 0 0 0 0 0 0 0 0 0 0 0 0 0 0 0 0 0 0 0 0 0 0 0 0 0 0 0 0 0 0 0 0 0 0 0 0 0 0 0 0 0 0 0 0 0 0 0 0 0 0 0 0 0 0 0 0 0 0 0 0 0 0 0 0 0 0 0 0 0 0 0 0 0 0 0 0 0 0 0 0 0 0 0 0 0 0 0 0 0 0 0 0 0 0 0 0 0 0 0 0 0 0 0 0 0 0 0 0 0 0 0 0 0 0 0 0 0 0 0 0 0 0 0 0 0 0 0 0 0 0 0 0 0 0 0 0 0 0 0 0 0 0 0 0 0 0 0 0 0 0 0 0 0 0 0 0 0 0 0 0 0 0 0 0 0 0 0 0 0 0 0 0 0 0 0 0 0 0 0 0 0 0 0 0 0 0 0 0 0 0 0 0 0 0 0 0 0 0 0 0 0 0 0 0 0 0 0 0 0 0 0 0 0 0 0 0 0 0 0 0 0 0 0 0 0 0 0 0 0 0 0 0 0 0 0 0 0 0 0 0 0 0 0 0 0 0 0 0 0 0 0 0 0 0 0 0 0 0 0 0 0 0 0 0 0 0 0 0 0 0 0 0 0 0 0 0 0 0 0 0 0 0 0 0 0 0 0 0 0 0 0 0 0 0 0 0 0 0 0 0 0 0 0 0 0 0 0 0 0 0 0 0 0 0 0 0 0 0 0 0 0 0 0 0 0 0 0 0 0 0 0 0 0 0 0 0 0 0 0 0 0 0 0 0 0 0 0 0 0 0 0 0 0 0 0 0 0 0 0 0 0 0 0 0 0 0 0 0 0 0 0 0 0 0 0 0 0 0 0 0 0 0 0 0 0 0 0 0 0 0 0 0 0 0 0 0 0 0 0 0 0 0 0 0 0 0 0 0 0 0 0 0 0 0 0 0 0 0 0 0 0 0 0 0 0 0 0 0 0 0 0 0 0 0 0 0 0 0 0 0 0 0 0 0 0 0 0 0 0 0 0 0 0 0 0 0 0 0 0 0 0 0 0 0 0 0 0 0 0 0 0 0 0 0 0 0 0 0 0 0 0 0 0 0 0 0 0 0 0 0 0 0 0 0 0 0 0 0 0 0 0 0 0 0 0 0 0 0 0 0 0 0 0 0 0 0 0 0 0 0 0 0 0 0 0 0 0 0 0 0 0 0 0 0 0 0 0 0 0 0 0 0 0 0 0 0 0 0 0 0 0 0 0 0 0 0 0 0 0 0 0 0 0 0 0 0 0 0 0 0 0 0 0 0 0 0 0 0 0 0 0 0 0 0 0 0 0 0 0 0 0 0 0 0 0 0 0 0 0 0 0 0 0 0 0 0 0 0 0 0 0 0 0 0 0 0 0 0 0 0 0 0 0 0 0 0 0 0 0 0 0 0 0 0 0 0 0 0 0 0 0 0 0 0 0 0 0 0 0 0 0 0 0 0 0 0 0 0 0 0 0 0 0 0 0 0 0 0 0 0 0 0 0 0 0 0 0 0 0 0 0 0 0 0 0 0 0 0 0 0 0
ctxt 17634823
btime 1494099034
processes 62476
procs_running 3
procs_blocked 0
softirq 18263747 5 7690435 3588 338123 1907400 0 2192 1866965 0 6455039
