10471.804
10215.622
10231.531
9530.625
9013.776
9166.475
9089.679
9249.373
9047.467
8704.901
9052.577
9301.562
9334.237
9237.639
9246.272
8841.092
8955.170
9189.049
9240.072
7299.927
8296.925
7235.267
8310.423
9086.149
9088.236
8970.089
9062.152
6519.817
8985.003
8781.420
6865.659
8661.902
6761.402
9112.554
9199.858
9140.375
8980.885
6570.618
9015.485
9081.982
8239.278
7181.580
8149.230
7570.659
9281.141
8796.709
9022.878
6544.482
8951.487
8958.582
9224.864
7314.634
8228.024
9079.478
6701.309
8610.403
8841.922
6656.593
9142.247
8940.683
6765.365
8859.966
6711.891
9136.780
8211.117
7400.872
9912.215
8071.932
9248.976
9189.671
8721.095
8835.493
6690.113
8788.075
6703.802
9051.483
9898.727
7968.413
9385.563
7337.769
6596.289
6895.701
8702.997
8778.459
6669.788
8940.841
9039.886
7327.894
7915.342
8970.883
8710.598
6469.697
8778.054
8720.199
9005.454
7497.356
7422.248
8680.296
6880.086
8765.077
9027.380
9052.179
9448.161
9275.166
6954.178
8500.315
8924.885
8694.500
8331.103
7096.564
7413.106
8594.453
8828.791
8949.791
8988.982
9093.927
6859.678
8443.310
8939.384
8836.295
9126.221
7290.344
7815.450
8650.001
8243.377
7392.690
5073.770
6847.175
8469.917
8844.667
8260.824
8737.054
8897.089
7263.775
7813.027
8844.591
8712.216
8445.850
8451.684
6866.294
7855.646
7656.251
7862.149
3383.681
