13.6
13.3
13.3
12.4
11.7
11.9
11.8
12.0
11.8
11.3
11.8
12.1
12.2
12.0
12.0
11.5
11.7
12.0
12.0
9.5
10.8
9.4
10.8
11.8
11.8
11.7
11.8
8.5
11.7
11.4
8.9
11.3
8.8
11.9
12.0
11.9
11.7
8.6
11.7
11.8
10.7
9.4
10.6
9.9
12.1
11.5
11.7
8.5
11.7
11.7
12.0
9.5
10.7
11.8
8.7
11.2
11.5
8.7
11.9
11.6
8.8
11.5
8.7
11.9
10.7
9.6
12.9
10.5
12.0
12.0
11.4
11.5
8.7
11.4
8.7
11.8
12.9
10.4
12.2
9.6
8.6
9.0
11.3
11.4
8.7
11.6
11.8
9.5
10.3
11.7
11.3
8.4
11.4
11.4
11.7
9.8
9.7
11.3
9.0
11.4
11.8
11.8
12.3
12.1
9.1
11.1
11.6
11.3
10.8
9.2
9.7
11.2
11.5
11.7
11.7
11.8
8.9
11.0
11.6
11.5
11.9
9.5
10.2
11.3
10.7
9.6
6.6
8.9
11.0
11.5
10.8
11.4
11.6
9.5
10.2
11.5
11.3
11.0
11.0
8.9
10.2
10.0
10.2
4.4
