======================
   8      33 sdc1 78078563 17786 3896822922 94319263 70638096 95312463 51372658776 1516322237 0 33648272 1610597199
started
======================
   8      33 sdc1 78078574 17786 3896823010 94321004 70638264 95313385 51373701648 1516363547 16 33650256 1610642459
======================
   8      33 sdc1 78078586 17786 3896823106 94325988 70638503 95315546 51376448368 1516460042 21 33655461 1610742333
======================
   8      33 sdc1 78078596 17786 3896823186 94330544 70638707 95317419 51379094400 1516532159 16 33660462 1610821289
======================
   8      33 sdc1 78078608 17786 3896823282 94335529 70638912 95319624 51381732336 1516608546 46 33665464 1610904985
======================
   8      33 sdc1 78078619 17786 3896823370 94339736 70639200 95321871 51384367872 1516731532 18 33670465 1611032944
======================
   8      33 sdc1 78078629 17786 3896823450 94344577 70639375 95323763 51387000168 1516808083 15 33675466 1611110961
======================
   8      33 sdc1 78078641 17786 3896823546 94348828 70639567 95325739 51389634352 1516873512 13 33680468 1611182049
======================
   8      33 sdc1 78078652 17786 3896823634 94353158 70639790 95327806 51392272312 1516975851 9 33685469 1611289099
======================
   8      33 sdc1 78078662 17786 3896823714 94357968 70639965 95329736 51394909464 1517053849 9 33690470 1611371026
======================
   8      33 sdc1 78078674 17786 3896823810 94362799 70640140 95331974 51397517520 1517108305 34 33695472 1611435230
======================
   8      33 sdc1 78078685 17786 3896823898 94367772 70640404 95334246 51400155264 1517225441 45 33700473 1611555196
======================
   8      33 sdc1 78078695 17786 3896823978 94371832 70640639 95336285 51402810144 1517344006 36 33705531 1611675324
======================
   8      33 sdc1 78078706 17786 3896824066 94376698 70641035 95337869 51405467136 1517522382 35 33710533 1611874946
======================
   8      33 sdc1 78078718 17786 3896824162 94380846 70641543 95339752 51408107072 1517860939 128 33715536 1612274611
======================
   8      33 sdc1 78078729 17786 3896824250 94384506 70642042 95341461 51410749328 1518278179 129 33720538 1612687456
======================
   8      33 sdc1 78078738 17786 3896824322 94387853 70642486 95343134 51413380736 1518570696 68 33725539 1612930151
======================
   8      33 sdc1 78078748 17786 3896824402 94391700 70642975 95344645 51416011536 1518822817 6 33730541 1613173833
======================
   8      33 sdc1 78078761 17786 3896824506 94396234 70643454 95346748 51418651216 1519190176 147 33735542 1613659266
======================
   8      33 sdc1 78078770 17786 3896824578 94399455 70643943 95348212 51421295504 1519696935 35 33740544 1614080214
======================
   8      33 sdc1 78078783 17786 3896824682 94403022 70644441 95350217 51423936344 1520032188 132 33745546 1614466552
======================
   8      33 sdc1 78078793 17786 3896824762 94405505 70644937 95351932 51426595032 1520558830 136 33750548 1615002968
======================
   8      33 sdc1 78078804 17786 3896824850 94408927 70645408 95353668 51429251560 1521048648 127 33755549 1615476880
======================
   8      33 sdc1 78078814 17786 3896824930 94412438 70645846 95355193 51431902256 1521485633 63 33760550 1615863781
======================
   8      33 sdc1 78078824 17786 3896825010 94415632 70646389 95356884 51434555256 1521762438 89 33765551 1616197943
======================
   8      33 sdc1 78078836 17786 3896825106 94418871 70646925 95358628 51437211032 1522265856 123 33770552 1616681428
======================
   8      33 sdc1 78078848 17786 3896825202 94421845 70647488 95360321 51439861360 1522786659 136 33775554 1617244865
======================
   8      33 sdc1 78078857 17786 3896825274 94424630 70648010 95362055 51442514024 1523351360 89 33780556 1617767922
======================
   8      33 sdc1 78078867 17786 3896825354 94427676 70648530 95363601 51445173192 1523743451 27 33785557 1618140328
======================
   8      33 sdc1 78078878 17786 3896825442 94431872 70649070 95365308 51447824264 1524161131 33 33790559 1618562927
======================
   8      33 sdc1 78078889 17786 3896825530 94435655 70649608 95367301 51450479680 1524636612 61 33795561 1619044101
======================
   8      33 sdc1 78078899 17786 3896825610 94439095 70650099 95368775 51453139312 1525175093 19 33800563 1619594133
======================
   8      33 sdc1 78078910 17786 3896825698 94441477 70650661 95370733 51455790024 1525585588 47 33805565 1619992502
======================
   8      33 sdc1 78078922 17786 3896825794 94445154 70651187 95372426 51458446136 1526115085 59 33810569 1620568989
======================
   8      33 sdc1 78078933 17786 3896825882 94448856 70651707 95374227 51461098488 1526512202 80 33815572 1620979787
======================
   8      33 sdc1 78078943 17786 3896825962 94451490 70652244 95375782 51463756656 1527030956 90 33820574 1621512056
======================
   8      33 sdc1 78078953 17786 3896826042 94455280 70652790 95377264 51466413416 1527362655 45 33825577 1621792687
======================
   8      33 sdc1 78078965 17786 3896826138 94458500 70653391 95379085 51469058768 1527913404 127 33830579 1622382501
======================
   8      33 sdc1 78078976 17786 3896826226 94461924 70653951 95380997 51471724952 1528406500 136 33835581 1622892902
======================
   8      33 sdc1 78078987 17786 3896826314 94464813 70654537 95382670 51474382576 1529003748 126 33840582 1623464727
======================
   8      33 sdc1 78078997 17786 3896826394 94466908 70655202 95384236 51477037112 1529439814 124 33845584 1623936983
======================
   8      33 sdc1 78079009 17786 3896826490 94470584 70655812 95386013 51479699392 1529864616 145 33850582 1624379645
======================
   8      33 sdc1 78079020 17786 3896826578 94473989 70656415 95387488 51482360968 1530367098 129 33855583 1624866531
======================
   8      33 sdc1 78079029 17786 3896826650 94477177 70657030 95389011 51485021304 1530783195 104 33860585 1625273355
======================
   8      33 sdc1 78079040 17786 3896826738 94480343 70657614 95390660 51487675552 1531199073 89 33865586 1625708368
======================
   8      33 sdc1 78079051 17786 3896826826 94483315 70658257 95392259 51490340328 1531643304 90 33870588 1626096998
======================
   8      33 sdc1 78079062 17786 3896826914 94487163 70658853 95393977 51493004608 1532042175 138 33875590 1626555567
