======================
   8      33 sdc1 39035054 21 1954384416 31762963 36843850 51727615 28179437944 883400825 0 18572549 915139394
started
======================
   8      33 sdc1 39035063 21 1954384488 31763798 36843961 51728111 28180084160 883420371 8 18573797 915161780
======================
   8      33 sdc1 39035075 21 1954384584 31768306 36844310 51730102 28182916632 883519866 17 18579109 915268946
======================
   8      33 sdc1 39035088 21 1954384688 31772929 36844632 51731921 28185571632 883634498 19 18584117 915384720
======================
   8      33 sdc1 39035099 21 1954384776 31776936 36844964 51733855 28188206008 883735666 37 18589096 915490191
======================
   8      33 sdc1 39035109 21 1954384856 31781188 36845299 51735506 28190837928 883830631 5 18594055 915589195
======================
   8      33 sdc1 39035121 21 1954384952 31785939 36845633 51737700 28193490016 883983586 71 18599060 915763051
======================
   8      33 sdc1 39035132 21 1954385040 31789221 36846234 51739147 28196120280 884200270 139 18604014 916016608
======================
   8      33 sdc1 39035143 21 1954385128 31791418 36847068 51740484 28198787480 884789328 132 18609034 916603401
======================
   8      33 sdc1 39035153 21 1954385208 31793106 36847918 51741777 28201445080 885396602 103 18614036 917227316
======================
   8      33 sdc1 39035164 21 1954385296 31795815 36848723 51743126 28204098064 885980518 115 18619037 917803464
======================
   8      33 sdc1 39035176 21 1954385392 31797969 36849561 51744482 28206760992 886563035 137 18624040 918387949
======================
   8      33 sdc1 39035186 21 1954385472 31799835 36850469 51745813 28209462208 887101580 129 18629127 918927532
======================
   8      33 sdc1 39035197 21 1954385560 31802275 36851424 51747087 28212114688 887707052 134 18634127 919530805
======================
   8      33 sdc1 39035208 21 1954385648 31804636 36852341 51748313 28214818792 888330402 132 18639211 920155222
======================
   8      33 sdc1 39035218 21 1954385728 31806361 36853332 51749492 28217480128 888950002 112 18644212 920775421
======================
   8      33 sdc1 39035229 21 1954385816 31808446 36854350 51750668 28220136056 889582531 55 18649214 921366891
======================
   8      33 sdc1 39035241 21 1954385912 31810562 36855368 51751894 28222796376 890165083 155 18654216 921973063
======================
   8      33 sdc1 39035251 21 1954385992 31812261 36856427 51752964 28225458160 890803126 148 18659218 922600312
======================
   8      33 sdc1 39035262 21 1954386080 31814082 36857530 51754053 28228119368 891431567 143 18664219 923237898
======================
   8      33 sdc1 39035272 21 1954386160 31816056 36858601 51755035 28230792264 892070608 52 18669222 923890379
======================
   8      33 sdc1 39035283 21 1954386248 31817854 36859698 51756163 28233460344 892691183 52 18674224 924510536
======================
   8      33 sdc1 39035294 21 1954386336 31819632 36860790 51757273 28236130920 893322130 80 18679227 925155339
======================
   8      33 sdc1 39035306 21 1954386432 31821444 36861901 51758329 28238801384 893956899 95 18684229 925798022
======================
   8      33 sdc1 39035316 21 1954386512 31823116 36863084 51759304 28241481352 894603702 77 18689253 926434233
======================
   8      33 sdc1 39035327 21 1954386600 31824831 36864269 51760332 28244151160 895195034 81 18694255 927029277
======================
   8      33 sdc1 39035338 21 1954386688 31826499 36865473 51761360 28246822464 895831189 137 18699257 927672931
======================
   8      33 sdc1 39035348 21 1954386768 31827994 36866660 51762277 28249495736 896469231 123 18704258 928310905
======================
   8      33 sdc1 39035360 21 1954386864 31829818 36867869 51763254 28252158168 897103491 139 18709259 928951199
======================
   8      33 sdc1 39035371 21 1954386952 31831438 36869082 51764318 28254826360 897697161 149 18714260 929545005
======================
   8      33 sdc1 39035382 21 1954387040 31833113 36870382 51765233 28257510568 898349682 156 18719302 930187508
======================
   8      33 sdc1 39035392 21 1954387120 31834529 36871640 51766125 28260183304 898985088 149 18724305 930832341
======================
   8      33 sdc1 39035403 21 1954387208 31836189 36872984 51766927 28262854184 899628045 141 18729307 931471544
======================
   8      33 sdc1 39035414 21 1954387296 31837919 36874274 51767796 28265519392 900258599 135 18734308 932112860
======================
   8      33 sdc1 39035425 21 1954387384 31839394 36875589 51768717 28268188704 900892406 146 18739310 932747380
======================
   8      33 sdc1 39035436 21 1954387472 31840891 36876925 51769554 28270859488 901538349 137 18744312 933386434
======================
   8      33 sdc1 39035447 21 1954387560 31842504 36878272 51770350 28273527312 902172605 137 18749318 934021570
======================
   8      33 sdc1 39035456 21 1954387632 31843550 36879653 51771168 28276193496 902807236 56 18754319 934633642
======================
   8      33 sdc1 39035468 21 1954387728 31845022 36881043 51772116 28278886856 903428673 136 18759374 935286963
======================
   8      33 sdc1 39035479 21 1954387816 31846621 36882383 51772918 28281554008 904064016 125 18764375 935924722
======================
   8      33 sdc1 39035490 21 1954387904 31848211 36883688 51773785 28284224472 904713567 139 18769377 936574920
======================
   8      33 sdc1 39035501 21 1954387992 31849651 36885071 51774573 28286894560 905358186 142 18774378 937218188
======================
   8      33 sdc1 39035512 21 1954388080 31851327 36886449 51775439 28289571784 905997842 131 18779401 937853024
======================
   8      33 sdc1 39035522 21 1954388160 31852703 36887858 51776174 28292242944 906635322 146 18784402 938496512
======================
   8      33 sdc1 39035533 21 1954388248 31854079 36889292 51776907 28294906832 907276752 132 18789404 939138337
======================
   8      33 sdc1 39035544 21 1954388336 31855555 36890689 51777654 28297568648 907915982 127 18794405 939782543
======================
   8      33 sdc1 39035554 21 1954388416 31856965 36892144 51778445 28300228488 908555863 118 18799407 940416572
