4956.401
5279.558
5353.164
5337.152
5353.170
5282.800
5090.774
5186.746
5311.495
5372.318
5205.940
5327.548
4981.969
5337.167
5308.357
5218.755
5330.746
5164.376
5276.334
5352.975
5420.357
5269.967
5109.998
5365.925
5087.560
5237.926
5119.566
5125.978
5276.376
5212.363
5122.759
5212.358
5375.545
5289.183
5327.548
5247.560
5103.579
5225.187
5110.055
5257.225
5123.854
5207.765
5276.338
5148.348
5189.981
5215.566
5285.960
5314.765
5282.749
5241.164
5068.384
5151.571
5263.549
5394.784
5205.977
5132.393
5013.958
5276.369
5148.390
5397.954
5077.958
5167.608
5036.075
5199.584
5129.172
5215.550
5180.335
5301.964
5266.747
5042.761
5103.553
5097.173
5119.582
5289.171
5295.572
5132.373
5215.583
5199.607
5193.167
5263.574
5110.000
5007.611
5266.723
5116.363
5132.410
4885.985
5257.151
5010.767
5321.140
5305.171
5167.554
5349.965
5212.341
5029.976
4898.754
5116.365
5109.957
5132.379
5141.984
5212.369
5250.724
5125.974
5097.162
5161.214
5375.553
5141.877
5356.333
5253.947
5103.584
5026.771
5241.115
5154.707
5014.008
5241.166
5209.150
5106.776
5257.168
5141.967
5231.563
5289.176
5138.503
5254.437
5180.337
5257.188
5257.173
5103.537
5266.748
5199.560
4927.554
5241.159
5183.553
5039.566
4953.117
5177.210
5090.806
5087.617
5174.003
5164.301
5225.148
5084.403
5135.548
5093.943
5257.201
5061.994
5180.360
5298.732
4930.784
5164.389
5141.960
5397.956
5177.180
5010.769
5218.727
5202.766
4978.785
5074.771
5001.184
5135.571
5039.587
5199.555
5237.955
5077.926
5125.983
4962.797
5282.765
5183.584
5148.358
5234.754
5119.562
5359.512
5231.570
5324.347
5237.840
5164.384
5269.998
5247.583
5282.736
5263.570
5199.548
5161.156
5055.511
5196.316
5055.562
5241.154
5097.015
5061.980
5157.958
5138.770
5199.591
5154.758
5157.993
5106.796
5129.191
5375.573
5202.779
5244.351
5250.770
5157.950
5196.342
5116.377
5167.552
5055.594
4997.953
5324.341
5253.956
5317.970
4991.554
5234.586
5148.396
4956.354
5090.785
5333.980
5103.573
5036.350
5177.141
5154.747
5097.156
5237.970
5029.958
5049.183
5058.712
5449.195
5263.562
5253.968
5167.581
5186.777
5100.385
5183.565
5189.972
5266.751
5296.251
5282.772
5129.141
5173.953
5349.940
5231.549
5189.993
4962.806
5077.985
5113.174
5084.363
5202.755
5212.370
4972.403
5106.827
5250.788
5199.591
5279.592
5221.950
5183.563
5131.997
5247.553
5205.989
5042.759
5170.768
4997.941
5349.945
5145.179
5119.596
5266.758
5209.161
5020.377
5221.974
5273.160
5250.704
5177.157
5177.104
5164.344
5369.167
5058.780
5103.590
5125.953
5298.727
5321.146
5314.500
5039.579
5151.577
5186.718
5113.181
5109.813
5173.968
5375.562
5209.194
5369.150
5324.386
5257.193
5173.959
5001.171
5340.366
4956.383
5356.356
5153.078
5061.947
5151.561
5193.192
5308.339
5138.783
5113.167
5295.558
5430.272
5504.040
6287.127
6750.639
