======================
   8      33 sdc1 192248495 1762231 10228233916 322120216 255925948 456106869 134471404904 190256182 0 127300471 513718725
======================
   8      33 sdc1 192248499 1762231 10228233948 322120217 255925948 456106869 134471404904 190256182 0 127300472 513718726
======================
   8      33 sdc1 192248499 1762231 10228233948 322120217 255925951 456106883 134471405040 190256192 0 127300482 513718736
======================
   8      33 sdc1 192248499 1762231 10228233948 322120217 255925951 456106883 134471405040 190256192 0 127300482 513718736
started
======================
   8      33 sdc1 192248499 1762231 10228233948 322120217 255925963 456106885 134471405152 190256192 0 127300482 513718736
======================
   8      33 sdc1 192248507 1762231 10228234012 322120730 255927101 456106906 134472834352 190573228 155 127303163 514059495
======================
   8      33 sdc1 192248519 1762231 10228234108 322121657 255929224 456106930 134475505280 191239824 150 127308165 514727921
======================
   8      33 sdc1 192248529 1762231 10228234188 322122430 255931344 456106949 134478167120 191920512 143 127313167 515409837
======================
   8      33 sdc1 192248540 1762231 10228234276 322123397 255933448 456107009 134480807264 192591308 146 127318168 516081692
======================
   8      33 sdc1 192248552 1762231 10228234372 322124533 255935600 456107031 134483502328 193230439 146 127323256 516722262
======================
   8      33 sdc1 192248562 1762231 10228234452 322125474 255937707 456107061 134486153784 193908598 157 127328260 517397195
======================
   8      33 sdc1 192248574 1762231 10228234548 322126610 255939822 456107102 134488809056 194569821 132 127333261 518060733
======================
   8      33 sdc1 192248585 1762231 10228234636 322127463 255941931 456107136 134491462696 195249016 146 127338263 518741763
======================
   8      33 sdc1 192248595 1762231 10228234716 322128306 255944041 456107230 134494111504 195893463 131 127343264 519388186
======================
   8      33 sdc1 192248606 1762231 10228234804 322129309 255946152 456107270 134496766264 196560677 154 127348266 520056480
======================
   8      33 sdc1 192248617 1762231 10228234892 322130331 255948264 456107306 134499425840 197215939 137 127353276 520713193
======================
   8      33 sdc1 192248628 1762231 10228234980 322131309 255950375 456107347 134502078368 197892109 94 127358277 521387107
======================
   8      33 sdc1 192248639 1762231 10228235068 322132421 255952487 456107395 134504733872 198545748 140 127363281 522043200
======================
   8      33 sdc1 192248650 1762231 10228235156 322133413 255954610 456107511 134507388152 199212443 152 127368282 522709657
======================
   8      33 sdc1 192248660 1762231 10228235236 322134370 255956713 456107551 134510037152 199881734 156 127373283 523378966
======================
   8      33 sdc1 192248670 1762231 10228235316 322135309 255958818 456107588 134512685080 200550953 146 127378285 524051523
======================
   8      33 sdc1 192248681 1762231 10228235404 322136277 255960924 456107625 134515337848 201219312 142 127383289 524723278
======================
   8      33 sdc1 192248691 1762231 10228235484 322137040 255963045 456107746 134517993072 201874361 128 127388290 525378475
======================
   8      33 sdc1 192248703 1762231 10228235580 322138029 255965158 456107794 134520652624 202551310 156 127393294 526054945
======================
   8      33 sdc1 192248714 1762231 10228235668 322138874 255967271 456107832 134523311480 203228185 133 127398295 526732496
======================
   8      33 sdc1 192248725 1762231 10228235756 322139880 255969378 456107873 134525967536 203903355 150 127403297 527404629
======================
   8      33 sdc1 192248735 1762231 10228235836 322140859 255971498 456107987 134528625216 204535659 140 127408298 528041958
======================
   8      33 sdc1 192248746 1762231 10228235924 322141725 255973641 456108022 134531318112 205221117 136 127413365 528730170
======================
   8      33 sdc1 192248757 1762231 10228236012 322142632 255975757 456108068 134533980472 205885719 127 127418366 529394492
======================
   8      33 sdc1 192248768 1762231 10228236100 322143617 255977868 456108120 134536636944 206560428 111 127423368 530069614
======================
   8      33 sdc1 192248779 1762231 10228236188 322144674 255979989 456108227 134539294864 207221613 146 127428370 530729039
======================
   8      33 sdc1 192248790 1762231 10228236276 322145656 255982105 456108270 134541956000 207893203 154 127433372 531400977
======================
   8      33 sdc1 192248800 1762231 10228236356 322146703 255984216 456108306 134544613352 208556030 137 127438373 532061586
======================
   8      33 sdc1 192248811 1762231 10228236444 322147701 255986344 456108342 134547292552 209224026 133 127443413 532735457
======================
   8      33 sdc1 192248822 1762231 10228236532 322148704 255988455 456108389 134549949192 209894361 144 127448415 533405039
======================
   8      33 sdc1 192248832 1762231 10228236612 322149693 255990578 456108511 134552610216 210537753 104 127453416 534049445
======================
   8      33 sdc1 192248844 1762231 10228236708 322150687 255992690 456108546 134555268832 211211228 144 127458418 534720976
======================
   8      33 sdc1 192248855 1762231 10228236796 322151625 255994808 456108587 134557934584 211881604 131 127463422 535385889
======================
   8      33 sdc1 192248865 1762231 10228236876 322152573 255996922 456108621 134560597256 212556297 152 127468424 536055134
======================
   8      33 sdc1 192248876 1762231 10228236964 322153553 255999042 456108734 134563253120 213196143 149 127473429 536697224
======================
   8      33 sdc1 192248887 1762231 10228237052 322154537 256001157 456108784 134565915720 213864890 138 127478431 537370311
======================
   8      33 sdc1 192248897 1762231 10228237132 322155400 256003272 456108829 134568577656 214549190 4 127483432 538048327
======================
   8      33 sdc1 192248908 1762231 10228237220 322156472 256005391 456108866 134571240696 215206778 22 127488438 538715895
======================
   8      33 sdc1 192248919 1762231 10228237308 322157348 256007511 456108982 134573896808 215852664 36 127493441 539362920
======================
   8      33 sdc1 192248930 1762231 10228237396 322158153 256009624 456109016 134576554312 216531586 34 127498444 540042189
======================
   8      33 sdc1 192248941 1762231 10228237484 322159284 256011772 456109056 134579260752 217203932 16 127503532 540710831
======================
   8      33 sdc1 192248952 1762231 10228237572 322160219 256013886 456109106 134581918848 217875776 40 127508535 541390624
======================
   8      33 sdc1 192248962 1762231 10228237652 322161170 256015997 456109147 134584575744 218541592 68 127513537 542063619
======================
   8      33 sdc1 192248973 1762231 10228237740 322162171 256018127 456109274 134587239464 219189591 73 127518539 542712483
======================
   8      33 sdc1 192248985 1762231 10228237836 322163126 256020238 456109314 134589895368 219858100 79 127523542 543383149
======================
   8      33 sdc1 192248995 1762231 10228237916 322164093 256022351 456109346 134592553272 220529996 54 127528545 544048967
