======================
   8      33 sdc1 33094686 1116733 1914218268 69719095 33622733 36263958 21425733072 616398367 0 15011578 686092275
======================
   8      33 sdc1 33095265 1116733 1914222900 69719245 33622783 36272092 21425798544 616401361 0 15011861 686095417
======================
   8      33 sdc1 33095283 1116733 1914223044 69719454 33625023 36408438 21426730600 616485318 133 15013683 686187520
======================
   8      33 sdc1 33095300 1116733 1914223180 69719929 33626685 36561556 21428145472 616726463 0 15016371 686421202
======================
   8      33 sdc1 33095317 1116733 1914223316 69720151 33630876 36727118 21429503576 616932943 0 15018987 686628118
======================
   8      33 sdc1 33095328 1116733 1914223404 69720633 33640832 36983983 21431638144 617324418 0 15023079 687020074
======================
   8      33 sdc1 33095350 1116733 1914223580 69720720 33644080 37077546 21432367640 617376367 39 15024516 687072896
======================
   8      33 sdc1 33095363 1116733 1914223684 69721075 33650311 37300029 21434127704 617622344 90 15027883 687321165
======================
   8      33 sdc1 33095363 1116733 1914223684 69721075 33655877 37581147 21436535848 618080339 0 15032468 687776465
started
======================
   8      33 sdc1 33131651 1116733 1914513982 69738775 33655883 37581147 21436535896 618080352 1 15033609 687794174
======================
   8      33 sdc1 33179220 1116733 1914894534 69750965 33661910 37605686 21436780424 618106229 1 15037513 687832223
======================
   8      33 sdc1 33210745 1116733 1915146734 69754287 33679498 37630286 21437117928 618165076 1 15041538 687894374
======================
   8      33 sdc1 33240375 1116733 1915383774 69757363 33702986 37663108 21437568408 618242975 1 15045625 687975338
======================
   8      33 sdc1 33271292 1116733 1915631110 69760639 33720484 37687707 21437905184 618301278 1 15049620 688036897
======================
   8      33 sdc1 33302463 1116733 1915880478 69763894 33738031 37712320 21438242464 618359945 1 15053629 688098805
======================
   8      33 sdc1 33330116 1116733 1916101702 69766872 33763968 37747809 21438733872 618450295 1 15057551 688192119
======================
   8      33 sdc1 33361679 1116733 1916354206 69770138 33782131 37778426 21439124120 618548173 0 15061673 688293247
======================
   8      33 sdc1 33386446 1116733 1916552342 69772741 33792161 37803022 21439401128 618585110 1 15064873 688332774
======================
   8      33 sdc1 33418705 1116733 1916810414 69776042 33809635 37827620 21439737712 618642928 1 15068896 688393878
======================
   8      33 sdc1 33447491 1116733 1917040702 69779066 33832796 37860417 21440185360 618720088 130 15072903 688474289
======================
   8      33 sdc1 33477328 1116733 1917279398 69782234 33850649 37885016 21440524992 618779552 1 15076836 688536663
======================
   8      33 sdc1 33508382 1116733 1917527830 69785484 33868162 37909613 21440861872 618838045 1 15080838 688598386
======================
   8      33 sdc1 33537526 1116733 1917760982 69788735 33895564 37937925 21441307584 618932289 1 15084846 688695860
======================
   8      33 sdc1 33568933 1116733 1918012238 69792024 33907380 37970675 21441664120 618977652 0 15088918 688744499
======================
   8      33 sdc1 33599291 1116733 1918255102 69795205 33924973 37995364 21442002376 619036409 0 15092857 688806422
======================
   8      33 sdc1 33622286 1116733 1918439062 69797612 33942418 38019969 21442338776 619094936 1 15096009 688867333
======================
   8      33 sdc1 33660368 1116733 1918743718 69805050 33960201 38044603 21442678112 619154198 1 15100060 688934016
======================
   8      33 sdc1 33683844 1116733 1918931526 69807540 33978806 38069209 21443023808 619216080 1 15103329 688998381
======================
   8      33 sdc1 33712338 1116733 1919159478 69810669 34002246 38095676 21443423064 619294770 1 15107212 689080174
======================
   8      33 sdc1 33735782 1116733 1919347030 69813296 34021356 38123787 21443800368 619363731 156 15110477 689152045
======================
   8      33 sdc1 33769125 1116733 1919613774 69816782 34030012 38149208 21444073448 619398776 1 15114481 689190264
======================
   8      33 sdc1 33797921 1116733 1919844142 69819810 34053529 38182052 21444524336 619477542 1 15118522 689272188
======================
   8      33 sdc1 33828678 1116733 1920090198 69823012 34071165 38206674 21444862400 619536552 0 15122477 689334387
======================
   8      33 sdc1 33859970 1116733 1920340534 69826259 34088742 38231368 21445200568 619595668 0 15126482 689396733
======================
   8      33 sdc1 33886992 1116733 1920556710 69829067 34106526 38255966 21445539624 619655127 1 15130054 689458987
======================
   8      33 sdc1 33916464 1116733 1920792486 69832266 34128745 38290754 21445995688 619733113 1 15134119 689540159
======================
   8      33 sdc1 33948154 1116733 1921046006 69835775 34144874 38319231 21446352536 619795632 1 15138155 689606174
======================
   8      33 sdc1 33978019 1116733 1921284926 69838881 34168423 38352063 21446803584 619874333 0 15142270 689687968
======================
   8      33 sdc1 34010523 1116733 1921544958 69842187 34186100 38376683 21447141968 619932933 1 15146336 689749859
======================
   8      33 sdc1 34040457 1116733 1921784430 69845336 34205522 38409466 21447559608 619999523 139 15150403 689819810
======================
   8      33 sdc1 34070701 1116733 1922026382 69848504 34227292 38434106 21447930888 620070638 1 15154410 689893842
======================
   8      33 sdc1 34101833 1116733 1922275438 69851864 34243827 38460872 21448277304 620130886 0 15158390 689957435
======================
   8      33 sdc1 34131142 1116733 1922509910 69855185 34266172 38497812 21448751584 620214917 1 15162490 690044767
======================
   8      33 sdc1 34157133 1116733 1922717838 69857852 34277950 38514215 21448977032 620254254 0 15165658 690086755
