======================
   8      33 sdc1 99413022 213680 6329393572 154778736 124146736 232495180 79228128056 20052584 0 57245456 175366420
======================
   8      33 sdc1 99413079 213680 6329394028 154778796 124148950 232525935 79230635448 20630152 129 57250252 176001396
======================
   8      33 sdc1 99413095 213680 6329394156 154780264 124152907 232545860 79233279944 21241536 49 57255244 176559636
======================
   8      33 sdc1 99413097 213680 6329394172 154780568 124154073 232563690 79235925464 21853904 130 57260240 177226960
======================
   8      33 sdc1 99413114 213680 6329394308 154782304 124157821 232583351 79238580488 22432884 144 57265240 177802972
======================
   8      33 sdc1 99413114 213680 6329394308 154782304 124158955 232600327 79241226752 23097596 156 57270236 178471752
======================
   8      33 sdc1 99413132 213680 6329394452 154784564 124162482 232619534 79243876720 23657888 154 57275228 179018632
======================
   8      33 sdc1 99413133 213680 6329394460 154784760 124163618 232635981 79246525248 24315700 143 57280216 179691908
======================
   8      33 sdc1 99413149 213680 6329394588 154786968 124167066 232653551 79249166288 24894676 90 57285208 180217112
======================
   8      33 sdc1 99413157 213680 6329394652 154788220 124168324 232670759 79251875752 25501824 70 57290296 180837208
======================
   8      33 sdc1 99413167 213680 6329394732 154789772 124171126 232688773 79254608216 26131168 145 57295432 181456220
======================
   8      33 sdc1 99413182 213680 6329394852 154792248 124172894 232706349 79257256400 26700040 121 57300420 182067176
======================
   8      33 sdc1 99413200 213680 6329394996 154795204 124176288 232725369 79259903368 27377272 142 57305412 182717704
======================
   8      33 sdc1 99413217 213680 6329395132 154798296 124177462 232740731 79262547624 27884852 137 57310404 183269880
======================
   8      33 sdc1 99413222 213680 6329395172 154799112 124180799 232759495 79265197296 28555192 136 57315400 183922716
======================
   8      33 sdc1 99413236 213680 6329395284 154801728 124181953 232773864 79267857608 29109820 151 57320396 184496592
======================
   8      33 sdc1 99413241 213680 6329395324 154802572 124184700 232786763 79270478408 29810020 0 57325328 185147644
started
======================
   8      33 sdc1 99418756 215097 6330227086 154829452 124184710 232786764 79270478496 29810044 19 57326960 185174576
======================
   8      33 sdc1 99432450 220108 6332373198 154904576 124187368 232799931 79270945280 29973968 152 57331984 185421912
======================
   8      33 sdc1 99436184 220642 6333179198 154971824 124194390 232810027 79272405616 30586688 167 57336984 186109256
======================
   8      33 sdc1 99442495 221051 6334471294 155039652 124199676 232818512 79273462560 31049520 133 57341904 186640548
======================
   8      33 sdc1 99447279 221629 6335486406 155103092 124207079 232839624 79274749288 31587760 166 57346848 187248040
======================
   8      33 sdc1 99452605 222018 6336598862 155168900 124212766 232848456 79275976928 32109800 154 57351800 187837348
======================
   8      33 sdc1 99457815 222366 6337668102 155237528 124217835 232859661 79277263656 32514236 15 57356792 188310468
======================
   8      33 sdc1 99461134 222437 6338489574 155293468 124222005 232879735 79278897336 33036596 144 57361732 188911536
======================
   8      33 sdc1 99462378 222452 6338800470 155350144 124225785 232902979 79280961928 33681208 149 57366732 189642068
======================
   8      33 sdc1 99471377 222471 6340633390 155418136 124226810 232912081 79281714000 33906196 17 57371648 189914708
======================
   8      33 sdc1 99475737 222498 6341352614 155507792 124230859 232936834 79283386960 34444444 164 57376676 190562032
======================
   8      33 sdc1 99483348 222529 6342610566 155595292 124234805 232947128 79284566664 34893764 169 57381604 191094536
======================
   8      33 sdc1 99488798 222570 6343517278 155683320 124241448 232966074 79285989152 35360116 67 57386592 191654516
======================
   8      33 sdc1 99494331 222608 6344436766 155772572 124246888 232978838 79287427184 35922812 167 57391580 192314636
======================
   8      33 sdc1 99498674 222663 6345160830 155860932 124254199 232996260 79288992480 36585452 159 57396568 193066324
======================
   8      33 sdc1 99505370 222708 6346278710 155947592 124259449 233009530 79290271616 37100668 147 57401564 193674712
======================
   8      33 sdc1 99510855 222775 6347195326 156034532 124265851 233029517 79291701464 37593312 165 57406536 194261084
======================
   8      33 sdc1 99516302 222865 6348093782 156123292 124272721 233039396 79293069848 38222060 19 57411444 194973160
======================
   8      33 sdc1 99522026 222984 6349017958 156215004 124280044 233049132 79294440632 38759760 111 57416428 195613164
======================
   8      33 sdc1 99527344 223112 6349843382 156310792 124288125 233065275 79295866208 39442340 98 57421420 196393388
======================
   8      33 sdc1 99534338 223234 6350871798 156415100 124294669 233074583 79297120512 39982380 170 57426424 197041568
======================
   8      33 sdc1 99540187 223351 6351740054 156515736 124302613 233095738 79298512400 40660864 151 57431416 197826736
======================
   8      33 sdc1 99546892 223502 6352729774 156617736 124310427 233104464 79299809344 41310572 114 57436408 198579496
======================
   8      33 sdc1 99553116 223623 6353645006 156721652 124318191 233114877 79301174704 41975624 175 57441392 199352692
======================
   8      33 sdc1 99559452 223781 6354577350 156822596 124327173 233132159 79302501384 42681752 163 57446396 200172192
======================
   8      33 sdc1 99565606 223878 6355481774 156927516 124334845 233142335 79303873336 43361736 177 57451388 200950648
======================
   8      33 sdc1 99572141 223997 6356435750 157032412 124343236 233162455 79305189944 44056968 156 57456376 201754708
======================
   8      33 sdc1 99578203 224102 6357335038 157134908 124351431 233171454 79306537472 44761064 162 57461364 202562512
======================
   8      33 sdc1 99584447 224199 6358234806 157238240 124359630 233180505 79307917776 45457924 166 57466356 203368312
======================
   8      33 sdc1 99590940 224307 6359172382 157341004 124367856 233200830 79309270112 46137920 163 57471344 204153116
======================
   8      33 sdc1 99597628 224433 6360098190 157450696 124375835 233209612 79310603584 46834600 173 57476336 204963412
======================
   8      33 sdc1 99604427 224554 6361021462 157561524 124383934 233218576 79311940576 47536204 157 57481324 205775844
======================
   8      33 sdc1 99611362 224687 6361963814 157670148 124392328 233238956 79313249848 48227956 146 57486308 206577216
======================
   8      33 sdc1 99618309 224823 6362906566 157776124 124401059 233247227 79314568648 48926360 152 57491304 207383968
======================
   8      33 sdc1 99625175 224976 6363832102 157882564 124409543 233256289 79315916000 49613272 176 57496296 208183052
======================
   8      33 sdc1 99632894 225148 6364878182 157992500 124418756 233275718 79317142904 50321776 169 57501288 208999012
======================
   8      33 sdc1 99640009 225278 6365831902 158100292 124427342 233285949 79318467800 51016616 168 57506276 209806380
======================
   8      33 sdc1 99647105 225433 6366777654 158211276 124435474 233294333 79319807320 51720556 166 57511260 210621956
======================
   8      33 sdc1 99654692 225571 6367804702 158321372 124444341 233313743 79321068488 52414460 162 57516248 211430888
======================
   8      33 sdc1 99662211 225694 6368800702 158430148 124453428 233322692 79322358568 53118732 162 57521244 212244128
======================
   8      33 sdc1 99668931 225862 6369684206 158525064 124462118 233331716 79323792768 53781100 155 57526232 213000216
======================
   8      33 sdc1 99676581 225977 6370663710 158641364 124470264 233352153 79325091376 54482456 154 57531220 213824348
======================
   8      33 sdc1 99684047 226120 6371619662 158754868 124478777 233360396 79326403232 55185964 157 57536212 214641516
======================
   8      33 sdc1 99691413 226251 6372566302 158870636 124487089 233368698 79327743296 55888836 171 57541204 215463784
======================
   8      33 sdc1 99699496 226404 6373596054 158982540 124496708 233388136 79328993104 56593176 155 57546192 216280180
======================
   8      33 sdc1 99707853 226532 6374677718 159100520 124505402 233397759 79330198512 57285904 152 57551176 217095128
======================
   8      33 sdc1 99716096 226690 6375766030 159217420 124514282 233407167 79331391040 57986892 185 57556188 217913160
======================
   8      33 sdc1 99724492 226839 6376841206 159336676 124522975 233429112 79332593784 58685524 173 57561172 218732624
======================
   8      33 sdc1 99732723 226943 6377910654 159454408 124531342 233438227 79333817392 59386384 175 57566156 219551948
======================
   8      33 sdc1 99740979 227082 6378982878 159571388 124539781 233447443 79335026696 60082884 178 57571148 220366360
======================
   8      33 sdc1 99747904 227212 6379856526 159667268 124550436 233469144 79336494056 60781564 153 57576136 221160816
