1861.775
1593.490
1756.480
1963.656
641.951
544.254
843.436
1540.984
546.754
811.042
1543.997
721.739
814.031
1472.587
616.550
701.547
1360.292
877.233
694.543
1531.183
773.936
694.146
1098.310
1171.911
693.246
1200.606
1018.314
525.855
956.835
1477.806
502.865
674.746
1813.271
553.956
670.644
1572.978
820.235
664.543
1316.090
1183.906
510.757
1339.798
1106.512
491.960
766.139
1787.266
500.660
496.558
1978.048
497.358
500.058
2050.049
500.657
494.860
1728.478
897.923
494.557
820.635
1784.064
494.461
489.558
1769.271
783.938
501.858
908.331
1515.575
495.759
494.960
1759.978
504.058
814.030
1260.595
827.230
1198.607
503.261
811.435
1203.606
509.056
637.146
1479.284
509.455
645.649
1287.893
682.946
505.458
988.716
1126.506
506.764
886.542
1142.306
503.058
617.552
1476.287
507.958
613.047
1582.872
506.157
611.547
1723.066
503.857
610.151
1599.383
503.760
946.929
1180.810
502.458
836.434
1198.416
511.165
507.859
1418.896
634.052
494.657
1323.705
597.851
504.155
1358.886
588.147
504.361
825.531
1124.410
505.457
578.151
1372.795
507.854
606.951
1410.694
501.457
576.453
1539.190
506.265
571.258
1561.902
503.658
496.857
1574.280
513.256
500.158
1632.668
509.057
502.756
1490.489
557.561
506.265
1411.793
595.248
499.557
1020.621
852.025
562.055
725.641
781.334
841.342
821.236
725.942
844.734
835.042
721.746
835.835
788.937
549.553
840.633
958.730
509.260
713.238
1082.816
506.156
714.241
1086.419
507.356
544.457
1210.622
575.561
508.154
1086.115
773.036
500.860
686.943
1159.006
505.359
693.042
1218.801
509.458
692.137
1241.915
516.357
528.156
825.038
1115.205
504.660
683.343
1230.001
510.557
513.257
1110.116
771.935
517.955
827.433
1146.605
507.959
665.247
1272.602
505.958
675.646
1283.593
508.160
503.458
1342.091
612.250
508.555
652.948
1245.696
508.366
659.853
1267.521
507.263
654.153
1279.604
502.658
652.250
1240.008
509.458
646.448
1263.104
505.954
651.447
1258.102
512.359
651.744
1216.408
567.652
643.247
1036.718
855.332
642.747
826.829
1072.112
503.355
801.240
1162.111
504.458
638.148
1185.707
656.247
634.445
817.037
1068.920
506.657
788.536
1180.306
504.157
624.248
1274.493
508.859
507.066
777.744
1164.714
507.656
778.936
1141.012
501.967
777.343
1194.615
512.455
776.839
940.729
802.037
774.040
815.443
992.125
606.547
829.431
1149.519
497.959
759.635
1239.502
503.465
591.360
1121.731
766.748
595.157
824.544
1113.830
512.464
750.549
1258.717
507.258
584.753
1092.124
746.734
500.159
739.040
1168.312
506.457
735.938
1194.505
509.455
568.251
1321.100
518.158
507.156
726.340
1158.012
500.959
727.748
1166.619
508.053
730.142
1003.220
811.028
557.149
828.632
1133.315
559.951
830.134
1177.912
552.952
836.431
1158.502
555.052
842.129
1049.717
624.248
719.938
825.435
973.118
708.844
829.035
988.917
710.141
832.529
1048.016
699.543
828.331
1075.609
700.243
830.938
973.617
695.044
835.728
978.521
759.338
838.637
862.933
865.129
841.334
557.857
1162.115
841.335
560.454
1033.119
841.340
740.141
943.220
841.632
746.034
821.129
940.523
704.139
486.764
842.541
763.345
500.859
835.232
767.036
501.957
659.545
842.733
598.553
658.447
844.729
601.954
510.459
821.434
774.435
505.756
815.137
784.234
505.155
808.530
765.941
502.056
813.930
763.237
497.655
620.247
807.541
601.149
601.455
836.639
605.053
632.956
848.146
607.956
623.653
849.134
608.243
618.747
845.027
599.054
483.157
763.132
784.237
481.365
765.447
783.250
486.460
586.550
812.832
634.845
480.763
750.844
785.642
481.365
1009.928
829.841
493.462
462.262
1330.091
564.452
476.463
1075.417
813.740
464.060
562.551
1304.499
469.660
568.948
1174.009
641.755
562.853
779.342
1103.516
559.752
789.839
1114.716
481.358
705.944
975.818
792.936
706.247
781.132
984.526
541.956
802.539
1145.616
533.457
804.432
1134.205
523.959
804.234
1019.726
602.348
810.739
661.548
999.014
803.930
680.838
955.431
689.850
794.146
994.136
514.760
813.633
925.932
639.850
674.945
872.430
924.227
517.059
787.236
1157.302
497.357
819.835
1152.107
477.259
665.849
913.427
827.129
654.746
787.735
951.916
656.846
785.531
963.330
490.158
801.131
1104.513
486.064
803.050
1040.020
493.860
803.933
1077.217
475.163
808.233
993.218
475.758
803.935
961.420
472.760
808.535
920.232
472.463
634.944
788.739
870.531
636.446
791.633
892.427
623.349
797.842
936.826
477.259
773.937
1096.412
540.656
784.839
902.325
734.140
617.148
798.631
1006.626
476.561
776.034
1188.805
471.261
615.249
861.922
942.826
607.648
798.936
1052.116
609.446
802.134
1054.814
592.747
805.032
968.311
688.244
817.531
841.333
653.541
745.947
779.844
905.934
745.641
788.536
911.824
733.232
801.339
896.121
581.353
804.132
884.027
761.434
807.337
620.048
1002.520
803.145
637.255
988.028
721.640
803.932
947.021
731.242
792.535
896.323
713.242
800.727
578.951
922.038
806.551
654.452
1017.723
808.642
650.043
973.018
714.437
793.035
552.557
1081.319
813.832
480.762
701.747
813.935
499.543
703.238
802.528
509.758
1151.106
661.245
479.559
508.155
1261.705
503.758
475.860
1127.110
664.649
486.457
511.357
1316.597
495.258
509.556
1147.503
646.746
481.460
661.745
1179.407
475.758
663.049
985.421
747.339
499.556
792.635
1119.709
478.558
652.049
785.437
966.222
653.841
792.535
1009.416
489.857
801.329
1110.414
482.861
647.441
790.139
954.122
481.264
795.148
1119.821
473.466
629.355
1034.120
745.735
480.660
793.535
1151.512
474.760
627.145
1115.412
661.246
484.257
778.438
1431.077
522.754
652.846
1125.299
947.123
644.543
909.925
1192.409
643.847
785.431
1330.088
645.643
786.945
1272.785
514.257
772.833
1286.300
510.256
769.535
1240.402
522.057
632.845
1204.008
527.653
518.560
955.023
1042.619
509.255
770.443
1325.004
524.860
751.344
1239.902
673.245
765.839
775.934
1157.613
764.836
781.539
1171.515
645.547
797.934
655.845
1273.790
803.835
641.946
1332.896
806.636
518.355
787.737
1229.211
518.957
598.951
1415.071
603.352
608.646
791.340
1336.098
608.251
804.131
1291.000
577.852
746.740
822.334
1203.708
597.758
781.543
1353.212
510.965
754.349
1142.324
832.343
746.649
784.650
1262.301
732.242
790.134
995.619
862.930
808.132
851.832
1122.504
800.929
796.336
1172.507
804.028
850.631
897.735
737.940
1126.411
819.637
731.336
1141.814
623.146
718.943
990.619
1046.612
586.854
790.632
1336.296
581.252
789.238
1393.305
566.262
803.733
1414.594
561.253
808.945
1397.792
574.851
705.844
1040.518
1165.800
563.652
779.841
1459.170
561.756
790.147
1425.082
564.852
800.531
1408.403
570.953
794.832
1325.795
554.354
810.727
1361.391
549.752
802.629
1282.104
593.950
803.237
1184.203
646.747
799.239
1181.308
534.858
809.838
1300.199
541.652
803.238
1284.301
518.652
683.647
1334.390
326.299
