======================
   8      33 sdc1 2483807 476127 755117254 19320506 336168 17263245 9731592008 157551326 0 4978732 176867116
======================
   8      33 sdc1 2483822 476127 755117374 19324077 336371 17265047 9733880264 157619471 16 4983058 176942708
======================
   8      33 sdc1 2483833 476127 755117462 19328797 336535 17267009 9736532144 157677328 13 4988060 177003309
======================
   8      33 sdc1 2483844 476127 755117550 19333682 336692 17268947 9739186608 157753786 9 4993060 177086891
======================
   8      33 sdc1 2483855 476127 755117638 19338328 336851 17271106 9741819120 157831373 24 4998060 177172571
======================
   8      33 sdc1 2483866 476127 755117726 19342633 337007 17273060 9744469568 157909500 20 5003060 177255679
======================
   8      33 sdc1 2483876 476127 755117806 19347100 337161 17274822 9747127992 158001336 4 5008063 177346059
======================
   8      33 sdc1 2483887 476127 755117894 19351715 337320 17276989 9749804512 158085075 23 5013065 177441185
======================
   8      33 sdc1 2483899 476127 755117990 19356814 337482 17279138 9752465832 158168810 27 5018066 177525390
======================
   8      33 sdc1 2483909 476127 755118070 19361017 337635 17280901 9755129888 158254694 10 5023067 177613031
======================
   8      33 sdc1 2483920 476127 755118158 19365612 337802 17283039 9757797832 158336323 36 5028069 177706709
======================
   8      33 sdc1 2483930 476127 755118238 19369822 338087 17284693 9760475688 158457735 9 5033071 177828314
======================
   8      33 sdc1 2483942 476127 755118334 19374798 338327 17286766 9763131512 158566211 25 5038073 177943106
======================
   8      33 sdc1 2483952 476127 755118414 19379602 338578 17288618 9765773672 158667939 31 5043075 178044367
======================
   8      33 sdc1 2483961 476127 755118486 19383963 338877 17290436 9768433536 158760219 21 5048075 178146235
======================
   8      33 sdc1 2483972 476127 755118574 19388860 339140 17292294 9771097800 158846679 18 5053075 178234342
======================
   8      33 sdc1 2483982 476127 755118654 19393030 339422 17294139 9773758896 158963017 13 5058078 178359610
======================
   8      33 sdc1 2483994 476127 755118750 19398126 339706 17296158 9776414992 159048924 39 5063078 178447331
======================
   8      33 sdc1 2484005 476127 755118838 19402766 339980 17298011 9779054432 159143115 31 5068080 178548068
======================
   8      33 sdc1 2484015 476127 755118918 19407668 340249 17299691 9781710088 159258641 6 5073082 178664095
======================
   8      33 sdc1 2484026 476127 755119006 19412167 340524 17301690 9784352240 159343807 28 5078081 178757612
======================
   8      33 sdc1 2484037 476127 755119094 19416841 340793 17303544 9787002696 159439484 25 5083084 178854188
======================
   8      33 sdc1 2484047 476127 755119174 19421408 341082 17305377 9789667936 159551276 23 5088086 178974749
======================
   8      33 sdc1 2484058 476127 755119262 19426012 341493 17307083 9792330768 159705672 16 5093086 179130678
======================
   8      33 sdc1 2484069 476127 755119350 19430465 341791 17308909 9794996272 159812409 13 5098089 179242589
======================
   8      33 sdc1 2484080 476127 755119438 19435476 342100 17310908 9797664216 159911489 36 5103089 179348425
======================
   8      33 sdc1 2484091 476127 755119526 19440202 342416 17312702 9800325728 160019146 29 5108090 179455311
======================
   8      33 sdc1 2484102 476127 755119614 19444679 342726 17314535 9802984256 160125431 30 5113092 179568321
======================
   8      33 sdc1 2484112 476127 755119694 19449214 343035 17316356 9805664808 160232711 22 5118095 179684458
======================
   8      33 sdc1 2484123 476127 755119782 19453978 343340 17318167 9808317872 160342831 16 5123098 179795683
======================
   8      33 sdc1 2484134 476127 755119870 19458509 343648 17319993 9810970792 160442877 19 5128099 179901830
======================
   8      33 sdc1 2484145 476127 755119958 19463525 343968 17321968 9813637752 160548522 36 5133100 180012179
======================
   8      33 sdc1 2484155 476127 755120038 19467694 344272 17323605 9816307200 160661399 2 5138102 180125334
======================
   8      33 sdc1 2484167 476127 755120134 19472907 344592 17325589 9818953648 160774801 29 5143105 180244350
======================
   8      33 sdc1 2484178 476127 755120222 19477537 344991 17327308 9821627216 160912951 32 5148106 180394599
======================
   8      33 sdc1 2484188 476127 755120302 19482070 345359 17329081 9824294096 161049316 16 5153109 180531028
======================
   8      33 sdc1 2484199 476127 755120390 19486796 345696 17330867 9826944328 161153922 17 5158112 180640552
======================
   8      33 sdc1 2484210 476127 755120478 19491485 346022 17332671 9829613872 161254000 9 5163113 180745491
======================
   8      33 sdc1 2484220 476127 755120558 19495722 346345 17334476 9832274024 161368305 5 5168116 180861825
======================
   8      33 sdc1 2484232 476127 755120654 19500629 346681 17336447 9834928536 161470853 30 5173119 180972347
======================
   8      33 sdc1 2484243 476127 755120742 19505480 347003 17338249 9837593784 161575637 27 5178119 181078510
======================
   8      33 sdc1 2484253 476127 755120822 19510095 347331 17340048 9840242928 161690133 24 5183121 181198259
======================
   8      33 sdc1 2484264 476127 755120910 19514766 347671 17341830 9842904136 161789926 22 5188120 181304098
======================
   8      33 sdc1 2484275 476127 755120998 19519466 348008 17343596 9845576160 161902865 15 5193122 181422028
======================
   8      33 sdc1 2484286 476127 755121086 19524487 348336 17345427 9848233632 162010182 14 5198123 181534295
======================
   8      33 sdc1 2484297 476127 755121174 19529162 348693 17347194 9850901608 162118804 8 5203124 181645137
======================
   8      33 sdc1 2484308 476127 755121262 19533704 349151 17349017 9853563080 162301346 31 5208126 181836617
======================
   8      33 sdc1 2484318 476127 755121342 19538407 349504 17350792 9856211976 162412883 28 5213127 181953465
======================
   8      33 sdc1 2484329 476127 755121430 19543206 349851 17352573 9858899168 162520384 28 5218129 182064734
======================
   8      33 sdc1 2484340 476127 755121518 19547726 350213 17354347 9861555168 162633258 17 5223131 182180824
======================
   8      33 sdc1 2484351 476127 755121606 19552644 350561 17356296 9864228736 162735533 40 5228134 182287604
======================
started
   8      33 sdc1 2484408 476127 755122056 19555071 350777 17357184 9865824104 162805194 0 5231176 182355444
======================
   8      33 sdc1 2489122 479956 757293736 19689672 350777 17357184 9865824104 162805194 38 5235086 182490625
======================
   8      33 sdc1 2495074 484906 760083368 19864233 350780 17357188 9865824160 162805344 33 5240089 182665253
======================
   8      33 sdc1 2500703 490193 762877864 20029077 350780 17357188 9865824160 162805344 33 5245091 182830068
======================
   8      33 sdc1 2506333 495479 765672360 20193944 350780 17357188 9865824160 162805344 33 5250093 182994919
======================
   8      33 sdc1 2511961 500767 768466856 20358744 350780 17357188 9865824160 162805344 33 5255095 183159722
======================
   8      33 sdc1 2517590 506053 771261352 20523619 350780 17357188 9865824160 162805344 32 5260098 183324580
======================
   8      33 sdc1 2523218 511340 774055336 20688423 350780 17357188 9865824160 162805344 33 5265100 183489414
======================
   8      33 sdc1 2528847 516627 776849832 20853255 350780 17357188 9865824160 162805344 33 5270102 183654223
======================
   8      33 sdc1 2534475 521915 779644328 21018059 350782 17357190 9865824192 162805402 33 5275105 183819098
======================
   8      33 sdc1 2540104 527202 782438824 21182907 350782 17357190 9865824192 162805402 33 5280107 183983940
======================
   8      33 sdc1 2545732 532488 785232808 21347721 350782 17357190 9865824192 162805402 33 5285109 184148758
======================
   8      33 sdc1 2551360 537775 788027304 21512531 350782 17357190 9865824192 162805402 33 5290110 184313539
======================
   8      33 sdc1 2557003 543046 790821032 21677056 350782 17357190 9865824192 162805402 33 5295112 184478088
======================
   8      33 sdc1 2562632 548334 793615784 21841894 350782 17357190 9865824192 162805402 33 5300115 184642917
======================
   8      33 sdc1 2568258 553619 796409000 22006662 350782 17357190 9865824192 162805402 33 5305116 184807673
======================
   8      33 sdc1 2573888 558903 799203240 22171514 350782 17357190 9865824192 162805402 33 5310118 184972511
======================
   8      33 sdc1 2579516 564190 801997224 22336315 350782 17357190 9865824192 162805402 33 5315121 185137332
======================
   8      33 sdc1 2585143 569477 804791208 22501097 350782 17357190 9865824192 162805402 33 5320123 185302130
======================
   8      33 sdc1 2590808 574726 807585448 22666827 350782 17357190 9865824192 162805402 34 5325125 185467862
======================
   8      33 sdc1 2596606 579840 810378920 22836645 350782 17357190 9865824192 162805402 34 5330127 185637657
======================
   8      33 sdc1 2602403 584956 813172904 23006443 350782 17357190 9865824192 162805402 34 5335129 185807469
======================
   8      33 sdc1 2608203 590067 815965864 23176358 350782 17357190 9865824192 162805402 34 5340130 185977355
======================
   8      33 sdc1 2613999 595183 818759848 23346121 350782 17357190 9865824192 162805402 34 5345132 186147163
======================
   8      33 sdc1 2619798 600298 821553320 23515949 350782 17357190 9865824192 162805402 34 5350134 186316943
======================
   8      33 sdc1 2625596 605411 824346792 23685751 350782 17357190 9865824192 162805402 35 5355136 186486808
======================
   8      33 sdc1 2631396 610526 827140776 23855679 350782 17357190 9865824192 162805402 34 5360138 186656668
======================
   8      33 sdc1 2637193 615641 829934248 24025442 350782 17357190 9865824192 162805402 34 5365140 186826475
======================
   8      33 sdc1 2642992 620756 832728232 24195283 350782 17357190 9865824192 162805402 34 5370142 186996267
======================
   8      33 sdc1 2648791 625869 835521704 24365181 350782 17357190 9865824192 162805402 34 5375144 187166206
======================
   8      33 sdc1 2654590 630984 838315688 24535036 350782 17357190 9865824192 162805402 34 5380146 187336014
======================
   8      33 sdc1 2660386 636100 841109160 24704781 350782 17357190 9865824192 162805402 34 5385147 187505768
======================
   8      33 sdc1 2666187 641211 843902632 24874720 350782 17357190 9865824192 162805402 34 5390150 187675719
======================
   8      33 sdc1 2671983 646327 846696104 25044481 350782 17357190 9865824192 162805402 34 5395151 187845484
======================
   8      33 sdc1 2677783 651441 849490088 25214368 350782 17357190 9865824192 162805402 34 5400153 188015325
======================
   8      33 sdc1 2683583 656554 852283816 25384252 350782 17357190 9865824192 162805402 34 5405155 188185221
======================
   8      33 sdc1 2689381 661669 855077544 25554059 350782 17357190 9865824192 162805402 34 5410157 188355010
======================
   8      33 sdc1 2695179 666785 857871528 25723885 350782 17357190 9865824192 162805402 34 5415160 188524851
======================
   8      33 sdc1 2700979 671897 860665000 25893786 350782 17357190 9865824192 162805402 34 5420162 188694769
======================
   8      33 sdc1 2706777 677013 863458984 26063588 350782 17357190 9865824192 162805402 34 5425164 188864555
======================
   8      33 sdc1 2712575 682129 866252968 26233409 350782 17357190 9865824192 162805402 34 5430166 189034359
======================
   8      33 sdc1 2718376 687241 869046696 26403317 350782 17357190 9865824192 162805402 34 5435168 189204245
======================
   8      33 sdc1 2724174 692356 871840424 26573152 350782 17357190 9865824192 162805402 34 5440170 189374095
======================
   8      33 sdc1 2729972 697470 874633896 26742927 350782 17357190 9865824192 162805402 34 5445172 189543850
======================
   8      33 sdc1 2735772 702584 877427880 26912823 350782 17357190 9865824192 162805402 34 5450175 189713790
======================
   8      33 sdc1 2741570 707698 880221352 27082673 350782 17357190 9865824192 162805402 34 5455176 189883586
