======================
cpu  2064759 0 703927 113789672 1828845 0 4725 0 0 0
cpu0 53532 0 74546 2091722 231645 0 1305 0 0 0
cpu1 45478 0 51741 2162588 194418 0 1070 0 0 0
cpu2 43328 0 13736 2394201 15657 0 159 0 0 0
cpu3 43673 0 11820 2409879 2250 0 61 0 0 0
cpu4 41124 0 9249 2410514 6803 0 46 0 0 0
cpu5 41854 0 9604 2416044 269 0 3 0 0 0
cpu6 41956 0 9230 2415281 1265 0 5 0 0 0
cpu7 41284 0 9776 2415656 1012 0 4 0 0 0
cpu8 41741 0 9966 2415948 275 0 25 0 0 0
cpu9 40978 0 10597 2407181 8458 0 44 0 0 0
cpu10 42156 0 11476 2404161 9353 0 40 0 0 0
cpu11 46320 0 22459 2342281 53151 0 313 0 0 0
cpu12 48535 0 20209 2341317 54604 0 74 0 0 0
cpu13 44827 0 23457 2296441 100714 0 54 0 0 0
cpu14 44553 0 25666 2292349 102668 0 145 0 0 0
cpu15 42260 0 19350 2304184 99379 0 204 0 0 0
cpu16 42629 0 20999 2307483 94374 0 131 0 0 0
cpu17 42059 0 21980 2310526 91628 0 89 0 0 0
cpu18 43179 0 22995 2307809 91838 0 127 0 0 0
cpu19 44018 0 19869 2311021 91174 0 70 0 0 0
cpu20 42049 0 21143 2314331 88683 0 53 0 0 0
cpu21 43340 0 15711 2317004 89879 0 53 0 0 0
cpu22 43626 0 19768 2330419 70170 0 302 0 0 0
cpu23 43901 0 21176 2300056 100055 0 96 0 0 0
cpu24 41788 0 7686 2418303 4 0 1 0 0 0
cpu25 42252 0 8851 2416525 151 0 0 0 0 0
cpu26 42539 0 9121 2416108 6 0 0 0 0 0
cpu27 43357 0 7765 2416648 12 0 2 0 0 0
cpu28 43204 0 8390 2416192 3 0 0 0 0 0
cpu29 42444 0 8044 2417253 2 0 0 0 0 0
cpu30 42078 0 8419 2417296 0 0 0 0 0 0
cpu31 41724 0 7605 2418473 2 0 0 0 0 0
cpu32 40597 0 7846 2419440 2 0 0 0 0 0
cpu33 43390 0 8428 2415951 3 0 0 0 0 0
cpu34 41297 0 7946 2418546 0 0 0 0 0 0
cpu35 42297 0 8232 2417229 11 0 0 0 0 0
cpu36 41748 0 8050 2380082 37772 0 3 0 0 0
cpu37 43438 0 8422 2412332 3596 0 0 0 0 0
cpu38 42386 0 8378 2393597 22865 0 55 0 0 0
cpu39 42225 0 9775 2401554 14179 0 0 0 0 0
cpu40 42252 0 8493 2393130 23781 0 10 0 0 0
cpu41 42447 0 8630 2403896 12570 0 28 0 0 0
cpu42 43948 0 9636 2382428 31305 0 55 0 0 0
cpu43 41364 0 6925 2404911 14543 0 2 0 0 0
cpu44 42338 0 8559 2416484 358 0 4 0 0 0
cpu45 42601 0 9186 2392623 23190 0 6 0 0 0
cpu46 42591 0 13484 2391452 19713 0 42 0 0 0
cpu47 42034 0 9516 2390804 25037 0 26 0 0 0
intr 28590516 116 0 0 0 0 0 0 0 1 7 0 0 0 0 0 0 0 0 56 49 0 0 0 0 0 0 0 0 0 0 0 0 0 0 0 0 0 0 0 0 0 0 0 0 0 0 0 0 0 0 0 0 139589 0 0 0 0 0 0 0 0 0 1615 10673443 0 1 180046 24449 16844 33993 39145 26505 0 0 61037 27679 0 0 0 0 0 0 0 0 0 0 0 0 0 0 0 0 0 0 0 0 0 0 0 0 0 0 0 0 0 0 0 0 0 0 0 0 0 0 0 0 0 0 0 0 0 0 0 0 0 0 0 0 0 0 0 0 0 0 0 0 0 0 0 0 0 0 0 0 0 0 0 0 0 0 0 0 0 0 0 0 0 0 0 0 0 0 0 0 0 0 0 0 0 0 0 0 0 0 0 0 0 0 0 2 0 2 2 2 2 2 2 2 0 2 0 2 2 2 2 2 2 2 0 0 0 0 0 0 0 0 0 0 0 0 0 0 0 0 0 0 0 0 0 0 0 0 0 0 0 0 0 0 0 0 0 0 0 0 0 0 0 0 0 0 0 0 0 0 0 0 0 0 0 0 0 0 0 0 0 0 0 0 0 0 0 0 0 0 0 0 0 0 0 0 0 0 0 0 0 0 0 0 0 0 0 0 0 0 0 0 0 0 0 0 0 0 0 0 0 0 0 0 0 0 0 0 0 0 0 0 0 0 0 0 0 0 0 0 0 0 0 0 0 0 0 0 0 0 0 0 0 0 0 0 0 0 0 0 0 0 0 0 0 0 0 0 0 0 0 0 0 0 0 0 0 0 0 0 0 0 0 0 0 0 0 0 0 0 0 0 0 0 0 0 0 0 0 0 0 0 0 0 0 0 0 0 0 0 0 0 0 0 0 0 0 0 0 0 0 0 0 0 0 0 0 0 0 0 0 0 0 0 0 0 0 0 0 0 0 0 0 0 0 0 0 0 0 0 0 0 0 0 0 0 0 0 0 0 0 0 0 0 0 0 0 0 0 0 0 0 0 0 0 0 0 0 0 0 0 0 0 0 0 0 0 0 0 0 0 0 0 0 0 0 0 0 0 0 0 0 0 0 0 0 0 0 0 0 0 0 0 0 0 0 0 0 0 0 0 0 0 0 0 0 0 0 0 0 0 0 0 0 0 0 0 0 0 0 0 0 0 0 0 0 0 0 0 0 0 0 0 0 0 0 0 0 0 0 0 0 0 0 0 0 0 0 0 0 0 0 0 0 0 0 0 0 0 0 0 0 0 0 0 0 0 0 0 0 0 0 0 0 0 0 0 0 0 0 0 0 0 0 0 0 0 0 0 0 0 0 0 0 0 0 0 0 0 0 0 0 0 0 0 0 0 0 0 0 0 0 0 0 0 0 0 0 0 0 0 0 0 0 0 0 0 0 0 0 0 0 0 0 0 0 0 0 0 0 0 0 0 0 0 0 0 0 0 0 0 0 0 0 0 0 0 0 0 0 0 0 0 0 0 0 0 0 0 0 0 0 0 0 0 0 0 0 0 0 0 0 0 0 0 0 0 0 0 0 0 0 0 0 0 0 0 0 0 0 0 0 0 0 0 0 0 0 0 0 0 0 0 0 0 0 0 0 0 0 0 0 0 0 0 0 0 0 0 0 0 0 0 0 0 0 0 0 0 0 0 0 0 0 0 0 0 0 0 0 0 0 0 0 0 0 0 0 0 0 0 0 0 0 0 0 0 0 0 0 0 0 0 0 0 0 0 0 0 0 0 0 0 0 0 0 0 0 0 0 0 0 0 0 0 0 0 0 0 0 0 0 0 0 0 0 0 0 0 0 0 0 0 0 0 0 0 0 0 0 0 0 0 0 0 0 0 0 0 0 0 0 0 0 0 0 0 0 0 0 0 0 0 0 0 0 0 0 0 0 0 0 0 0 0 0 0 0 0 0 0 0 0 0 0 0 0 0 0 0 0 0 0 0 0 0 0 0 0 0 0 0 0 0 0 0 0 0 0 0 0 0 0 0 0 0 0 0 0 0 0 0 0 0 0 0 0 0 0 0 0 0 0 0 0 0 0 0 0 0 0 0 0 0 0 0 0 0 0 0 0 0 0 0 0 0 0 0 0 0 0 0 0 0 0 0 0 0 0 0 0 0 0 0 0 0 0 0 0 0 0 0 0 0 0 0 0 0 0 0 0 0 0 0 0 0 0 0 0 0 0 0 0 0 0 0 0 0 0 0 0 0 0 0 0 0 0 0 0 0 0 0 0 0 0 0 0 0 0 0 0 0 0 0 0 0 0 0 0 0 0 0 0 0 0 0 0 0 0 0 0 0 0 0 0 0 0 0 0 0 0 0 0 0 0 0 0 0 0 0 0 0 0 0 0 0 0 0 0 0 0 0 0 0 0 0 0 0 0 0 0 0 0 0 0 0 0 0 0 0 0 0 0 0 0 0 0 0 0 0 0 0 0 0 0 0 0 0 0 0 0 0 0 0 0 0 0 0 0 0 0 0 0 0 0 0 0 0 0 0 0 0 0 0 0 0 0 0 0 0 0 0 0 0 0 0 0 0 0 0 0 0 0 0 0 0 0 0 0 0 0 0 0 0 0 0 0 0 0 0 0 0 0 0 0 0 0 0 0 0 0 0 0 0 0 0 0 0 0 0 0 0 0 0 0 0 0 0 0 0 0 0 0 0 0 0 0 0 0 0 0 0 0 0 0 0 0 0 0 0 0 0 0 0 0 0 0 0 0 0 0 0 0 0 0 0 0 0 0 0 0 0 0 0 0 0 0 0 0 0 0 0 0 0 0 0 0 0 0 0 0 0 0 0 0 0 0 0 0 0 0 0 0 0 0 0 0 0 0 0 0 0 0 0 0 0 0 0 0 0 0 0 0 0 0 0 0 0 0 0 0 0 0 0 0 0 0 0 0 0 0 0 0 0 0 0 0 0 0 0 0 0 0 0 0 0 0 0 0 0 0 0 0 0 0 0 0 0 0 0 0 0 0 0 0 0 0 0 0 0 0 0 0 0 0 0 0 0 0 0 0 0 0 0 0 0 0 0 0 0 0 0 0 0 0 0 0 0 0 0 0 0 0 0 0 0 0 0 0 0 0 0 0 0 0 0 0 0 0 0 0 0 0 0 0 0 0 0 0 0 0 0 0 0 0 0 0 0 0 0 0 0 0 0 0 0 0 0 0 0 0 0 0 0 0 0 0 0 0 0 0 0 0 0 0 0 0 0 0 0 0 0 0 0 0 0 0 0 0 0 0 0 0 0 0 0 0 0 0 0 0 0 0 0 0 0 0 0 0 0 0 0 0 0 0 0 0 0 0 0 0 0 0 0 0 0 0 0 0 0 0 0 0 0 0 0 0 0 0 0 0 0 0 0 0 0 0 0 0 0 0 0 0 0 0 0 0 0 0 0 0 0 0 0 0 0 0 0 0 0 0 0 0 0 0 0 0 0 0 0 0 0 0 0 0 0 0 0 0 0 0 0 0 0 0 0 0 0 0 0 0 0 0 0 0 0 0 0 0 0 0 0 0 0 0 0 0 0 0 0 0 0 0 0 0 0 0 0 0 0 0 0 0 0 0 0 0 0 0 0 0 0 0 0 0 0 0 0 0 0 0 0 0 0 0 0 0 0 0 0 0 0 0 0 0 0 0 0 0 0
ctxt 34128535
btime 1494099034
processes 75381
procs_running 2
procs_blocked 0
softirq 31235860 5 8939569 4970 409521 10809311 0 2206 2835542 0 8234736
