======================
   8      33 sdc1 41983212 7731 2709464484 53952189 37106607 60233947 33173619544 1002922747 0 21984807 1056846992
======================
   8      33 sdc1 41983229 7731 2709464620 53955822 37106821 60235738 33175907800 1002995834 16 21989127 1056927491
======================
   8      33 sdc1 41983240 7731 2709464708 53960529 37106987 60237709 33178567824 1003053811 12 21994128 1056988303
======================
   8      33 sdc1 41983251 7731 2709464796 53965421 37107144 60239646 33181216912 1003130091 9 21999127 1057071834
======================
   8      33 sdc1 41983262 7731 2709464884 53970086 37107302 60241808 33183865808 1003200235 22 22004127 1057149457
======================
   8      33 sdc1 41983273 7731 2709464972 53974392 37107455 60243763 33186498528 1003277471 20 22009130 1057232396
======================
   8      33 sdc1 41983283 7731 2709465052 53978864 37107609 60245525 33189158296 1003369398 4 22014132 1057322627
======================
   8      33 sdc1 41983294 7731 2709465140 53983520 37107765 60247693 33191795072 1003451143 25 22019133 1057417014
======================
   8      33 sdc1 41983306 7731 2709465236 53988628 37107928 60249704 33194473032 1003536450 18 22024135 1057500556
======================
   8      33 sdc1 41983316 7731 2709465316 53992940 37108078 60251607 33197119104 1003621191 12 22029137 1057587590
======================
   8      33 sdc1 41983327 7731 2709465404 53997577 37108239 60253760 33199787304 1003698331 29 22034162 1057674706
======================
   8      33 sdc1 41983338 7731 2709465492 54001115 37108626 60255427 33202497680 1003895083 109 22039252 1057985758
======================
   8      33 sdc1 41983349 7731 2709465580 54004868 37109034 60257199 33205146800 1004338975 25 22044253 1058322454
======================
   8      33 sdc1 41983359 7731 2709465660 54009624 37109301 60259053 33207791904 1004451933 27 22049255 1058435931
======================
   8      33 sdc1 41983370 7731 2709465748 54014199 37109588 60260887 33210430016 1004536603 27 22054257 1058530088
======================
   8      33 sdc1 41983381 7731 2709465836 54019075 37109870 60262728 33213088536 1004637867 24 22059259 1058631441
======================
   8      33 sdc1 41983391 7731 2709465916 54023205 37110181 60264538 33215725320 1004735123 26 22064260 1058744925
======================
   8      33 sdc1 41983402 7731 2709466004 54028035 37110504 60266343 33218383856 1004841739 20 22069262 1058850879
======================
   8      33 sdc1 41983414 7731 2709466100 54032720 37110820 60268330 33221038208 1004961327 44 22074263 1058978353
======================
   8      33 sdc1 41983423 7731 2709466172 54037306 37111120 60269971 33223669744 1005059124 18 22079264 1059072892
======================
   8      33 sdc1 41983435 7731 2709466268 54042159 37111430 60271963 33226329608 1005155155 44 22084268 1059176705
======================
   8      33 sdc1 41983446 7731 2709466356 54047027 37111734 60273620 33228997600 1005281417 7 22089270 1059302547
======================
   8      33 sdc1 41983456 7731 2709466436 54051511 37112030 60275603 33231669848 1005380051 24 22094271 1059409396
======================
   8      33 sdc1 41983468 7731 2709466532 54056319 37112390 60277500 33234336728 1005491412 55 22099275 1059527114
======================
   8      33 sdc1 41983480 7731 2709466628 54059380 37113018 60279195 33237002128 1005876516 97 22104278 1059981034
======================
   8      33 sdc1 41983489 7731 2709466700 54063946 37113350 60280833 33239671592 1006171156 47 22109280 1060211919
======================
   8      33 sdc1 41983499 7731 2709466780 54068196 37113678 60282453 33242326224 1006292031 6 22114280 1060334774
======================
   8      33 sdc1 41983511 7731 2709466876 54073256 37114006 60284427 33244988872 1006398541 35 22119280 1060448070
======================
   8      33 sdc1 41983521 7731 2709466956 54077765 37114361 60286195 33247661112 1006546657 28 22124282 1060603409
======================
   8      33 sdc1 41983532 7731 2709467044 54082345 37114704 60287973 33250318208 1006683525 24 22129285 1060743467
======================
   8      33 sdc1 41983543 7731 2709467132 54087057 37115065 60289746 33252991792 1006790235 23 22134286 1060855015
======================
   8      33 sdc1 41983553 7731 2709467212 54091666 37115415 60291531 33255651768 1006923039 12 22139287 1060990404
======================
   8      33 sdc1 41983564 7731 2709467300 54096184 37115733 60293313 33258300800 1007029899 9 22144287 1061101732
======================
   8      33 sdc1 41983575 7731 2709467388 54100761 37116080 60295094 33260959472 1007139168 4 22149287 1061214324
======================
   8      33 sdc1 41983586 7731 2709467476 54105446 37116465 60297013 33263618128 1007302958 29 22154288 1061388619
======================
   8      33 sdc1 41983597 7731 2709467564 54110292 37116790 60298817 33266284744 1007418346 24 22159292 1061505987
======================
   8      33 sdc1 41983608 7731 2709467652 54114431 37117287 60300415 33268959680 1007598931 53 22164294 1061718751
======================
   8      33 sdc1 41983618 7731 2709467732 54118320 37117784 60302081 33271626544 1007993720 13 22169297 1062091410
======================
   8      33 sdc1 41983629 7731 2709467820 54123036 37118129 60303863 33274289384 1008113474 10 22174299 1062213409
======================
   8      33 sdc1 41983640 7731 2709467908 54127807 37118502 60305619 33276957584 1008222750 3 22179301 1062323917
======================
   8      33 sdc1 41983652 7731 2709468004 54132892 37118867 60307555 33279620152 1008342494 33 22184302 1062449028
======================
   8      33 sdc1 41983662 7731 2709468084 54137311 37119245 60309306 33282281648 1008455439 28 22189303 1062571753
======================
   8      33 sdc1 41983673 7731 2709468172 54142136 37119621 60311055 33284950920 1008567453 23 22194305 1062685688
======================
   8      33 sdc1 41983684 7731 2709468260 54146831 37119986 60312795 33287620264 1008683345 15 22199307 1062806584
======================
   8      33 sdc1 41983694 7731 2709468340 54151214 37120335 60314578 33290292648 1008827230 8 22204311 1062954862
======================
   8      33 sdc1 41983706 7731 2709468436 54155977 37120740 60316442 33292962216 1008970370 72 22209312 1063138574
======================
   8      33 sdc1 41983719 7731 2709468540 54160002 37121399 60318281 33295634288 1009437305 109 22214315 1063598472
======================
   8      33 sdc1 41983727 7731 2709468604 54163683 37121755 60319710 33298283336 1009631179 35 22219317 1063778454
======================
   8      33 sdc1 41983738 7731 2709468692 54168381 37122121 60321484 33300959736 1009748108 18 22224317 1063893029
======================
   8      33 sdc1 41983749 7731 2709468780 54172983 37122462 60323265 33303606152 1009861312 15 22229319 1064012352
======================
   8      33 sdc1 41983759 7731 2709468860 54177640 37122820 60325031 33306279776 1009987341 10 22234320 1064140766
======================
   8      33 sdc1 41983885 7731 2709469862 54180619 37123078 60326052 33307851864 1010069273 0 22237332 1064221838
started
======================
   8      33 sdc1 41989975 7795 2711028142 54299172 37123082 60326053 33307851904 1010069278 43 22240261 1064340788
======================
   8      33 sdc1 42001652 7901 2714044590 54525455 37123084 60326057 33307851952 1010069348 42 22245693 1064567145
======================
   8      33 sdc1 42012426 7988 2716825262 54731821 37123084 60326057 33307851952 1010069348 43 22250695 1064773513
======================
   8      33 sdc1 42023159 8118 2719605934 54938535 37123084 60326057 33307851952 1010069348 34 22255696 1064980233
======================
   8      33 sdc1 42033932 8204 2722386094 55143947 37123084 60326057 33307851952 1010069348 44 22260697 1065185607
======================
   8      33 sdc1 42044724 8274 2725166766 55350941 37123086 60326059 33307851984 1010069398 44 22265698 1065392600
======================
   8      33 sdc1 42055564 8295 2727947182 55556851 37123086 60326059 33307851984 1010069398 41 22270700 1065598603
======================
   8      33 sdc1 42066477 8345 2730753710 55769046 37123086 60326059 33307851984 1010069398 41 22275747 1065810685
======================
   8      33 sdc1 42077246 8438 2733534382 55973542 37123086 60326059 33307851984 1010069398 44 22280749 1066015252
======================
   8      33 sdc1 42088029 8517 2736315054 56179618 37123086 60326059 33307851984 1010069398 43 22285750 1066221318
======================
   8      33 sdc1 42098845 8562 2739095470 56387781 37123086 60326059 33307851984 1010069398 37 22290751 1066429473
======================
   8      33 sdc1 42109639 8629 2741875886 56593341 37123086 60326059 33307851984 1010069398 44 22295753 1066634983
======================
   8      33 sdc1 42120412 8718 2744656558 56800275 37123086 60326059 33307851984 1010069398 44 22300754 1066841988
======================
   8      33 sdc1 42131236 8759 2747437742 57009719 37123086 60326059 33307851984 1010069398 38 22305756 1067051381
======================
   8      33 sdc1 42142069 8787 2750218414 57218056 37123086 60326059 33307851984 1010069398 44 22310758 1067259691
======================
   8      33 sdc1 42152902 8815 2752998830 57426280 37123086 60326059 33307851984 1010069398 38 22315759 1067467932
======================
   8      33 sdc1 42163688 8891 2755779502 57633952 37123086 60326059 33307851984 1010069398 39 22320760 1067675587
======================
   8      33 sdc1 42174495 8946 2758560174 57842683 37123086 60326059 33307851984 1010069398 43 22325761 1067884308
======================
   8      33 sdc1 42185323 8979 2761340590 58051854 37123086 60326059 33307851984 1010069398 40 22330763 1068093497
======================
   8      33 sdc1 42196109 9058 2764121774 58255576 37123086 60326059 33307851984 1010069398 42 22335765 1068297182
======================
   8      33 sdc1 42206880 9148 2766902446 58458284 37123086 60326059 33307851984 1010069398 42 22340766 1068499860
======================
   8      33 sdc1 42217645 9245 2769683118 58664415 37123086 60326059 33307851984 1010069398 37 22345767 1068706007
======================
   8      33 sdc1 42228435 9316 2772463790 58871134 37123086 60326059 33307851984 1010069398 44 22350768 1068912702
======================
   8      33 sdc1 42239199 9417 2775244462 59077359 37123086 60326059 33307851984 1010069398 42 22355770 1069118937
======================
   8      33 sdc1 42249973 9504 2778025134 59283724 37123086 60326059 33307851984 1010069398 33 22360771 1069325271
======================
   8      33 sdc1 42260753 9588 2780806318 59489893 37123086 60326059 33307851984 1010069398 43 22365773 1069531427
======================
   8      33 sdc1 42271543 9659 2783586990 59693515 37123086 60326059 33307851984 1010069398 44 22370775 1069735076
======================
   8      33 sdc1 42282391 9672 2786367406 59903262 37123086 60326059 33307851984 1010069398 44 22375776 1069944851
======================
   8      33 sdc1 42293253 9672 2789148078 60119833 37123086 60326059 33307851984 1010069398 44 22380778 1070161426
======================
   8      33 sdc1 42303962 9826 2791929006 60327225 37123086 60326059 33307851984 1010069398 43 22385779 1070368745
======================
   8      33 sdc1 42314759 9891 2794709678 60534862 37123086 60326059 33307851984 1010069398 44 22390780 1070576384
======================
   8      33 sdc1 42325553 9961 2797490862 60743111 37123086 60326059 33307851984 1010069398 42 22395783 1070784686
======================
   8      33 sdc1 42336411 9962 2800270766 60956149 37123086 60326059 33307851984 1010069398 41 22400784 1070997693
======================
   8      33 sdc1 42347240 9995 2803051438 61169567 37123086 60326059 33307851984 1010069398 41 22405785 1071211109
======================
   8      33 sdc1 42358101 9995 2805831854 61386179 37123086 60326059 33307851984 1010069398 42 22410787 1071427741
======================
   8      33 sdc1 42368944 10013 2808612270 61601698 37123086 60326059 33307851984 1010069398 42 22415788 1071643202
======================
   8      33 sdc1 42379701 10118 2811392942 61807265 37123086 60326059 33307851984 1010069398 43 22420789 1071848754
======================
   8      33 sdc1 42390515 10168 2814174126 62014868 37123086 60326059 33307851984 1010069398 43 22425791 1072056371
======================
   8      33 sdc1 42401303 10243 2816954798 62221399 37123086 60326059 33307851984 1010069398 42 22430792 1072262871
======================
   8      33 sdc1 42412085 10322 2819735470 62427230 37123086 60326059 33307851984 1010069398 42 22435794 1072468709
======================
   8      33 sdc1 42422847 10422 2822516142 62632387 37123086 60326059 33307851984 1010069398 44 22440795 1072673874
======================
   8      33 sdc1 42433628 10503 2825296814 62839367 37123086 60326059 33307851984 1010069398 44 22445796 1072880849
======================
   8      33 sdc1 42444488 10504 2828077230 63050018 37123086 60326059 33307851984 1010069398 40 22450798 1073091491
======================
   8      33 sdc1 42455233 10624 2830858414 63255508 37123086 60326059 33307851984 1010069398 37 22455800 1073296979
======================
   8      33 sdc1 42466016 10702 2833639086 63461926 37123086 60326059 33307851984 1010069398 43 22460801 1073503416
