======================
   8      33 sdc1 327 0 14122 3617 18721 2958293 1488996184 7385293 0 46552 7388909
======================
   8      33 sdc1 384 0 14578 3668 20315 3002729 1491007552 7556034 115 50399 7822667
======================
   8      33 sdc1 386 0 14594 5652 20563 3014867 1493600000 8043192 55 55315 8090311
======================
   8      33 sdc1 402 0 14722 7543 23832 3037269 1496518488 8474039 77 60918 8581030
======================
   8      33 sdc1 418 0 14850 11329 24697 3053039 1499331544 8762731 9 66231 8777182
======================
   8      33 sdc1 420 0 14866 13117 27546 3076914 1501971000 9236676 87 71233 9348013
======================
   8      33 sdc1 437 0 15002 15661 28463 3094398 1505067984 9606790 22 77057 9656591
======================
   8      33 sdc1 440 0 15026 18088 31379 3117593 1507867384 9975275 41 82366 9995084
======================
   8      33 sdc1 456 0 15154 22754 32053 3139598 1510614776 10148217 112 87569 10311381
======================
   8      33 sdc1 466 0 15234 24933 34981 3160155 1513370536 10538741 44 92765 10580824
======================
   8      33 sdc1 475 0 15306 29513 35412 3181875 1516389184 10834991 92 98489 11023974
======================
   8      33 sdc1 493 0 15450 33244 38784 3203412 1519312792 11223132 139 104035 11313256
======================
   8      33 sdc1 502 0 15522 39208 39189 3213434 1521965248 11689155 37 109034 11731804
======================
   8      33 sdc1 524 0 15698 44692 42201 3231858 1524583144 11943020 13 113954 11997182
======================
   8      33 sdc1 534 0 15778 48968 42658 3247952 1527224240 12311739 64 118949 12364444
======================
   8      33 sdc1 544 0 15858 53062 45231 3265973 1529889928 12567947 77 123951 12681502
======================
started
   8      33 sdc1 665 0 16820 54431 45499 3270419 1531421392 12751524 0 126877 12806072
======================
   8      33 sdc1 7729 0 886276 59192 45499 3270419 1531421392 12751524 1 129291 12810829
======================
   8      33 sdc1 14810 0 1962204 62783 45518 3273368 1531445136 12751983 1 132174 12814878
======================
   8      33 sdc1 26120 0 2957884 68825 46723 3280684 1531679328 12802017 156 135365 12876125
======================
   8      33 sdc1 26419 0 3016324 73573 58225 3290909 1534070472 13478187 148 140367 13575688
======================
   8      33 sdc1 30972 0 3898676 76889 59316 3296479 1534525248 13605731 0 143644 13691595
======================
   8      33 sdc1 36488 0 4969524 79845 59351 3302014 1534569808 13607226 0 146614 13696043
======================
   8      33 sdc1 40606 30 5780692 83080 63479 3318926 1535153200 13745359 1 149957 13839067
======================
   8      33 sdc1 41498 30 5955724 87619 72662 3328873 1537252064 14314413 150 154669 14435362
======================
   8      33 sdc1 46358 30 6887404 90823 73297 3334501 1537522320 14379058 0 157786 14487935
======================
   8      33 sdc1 51172 59 7828132 93787 74469 3339415 1537770216 14434233 0 160850 14546448
======================
   8      33 sdc1 52069 59 8007172 98346 82235 3362363 1539848664 14992436 156 165534 15130157
======================
   8      33 sdc1 55556 59 8786012 101797 83772 3368449 1540519488 15169843 1 168978 15300682
======================
   8      33 sdc1 59816 59 9849292 104632 83806 3373652 1540561384 15171179 0 171902 15304849
======================
   8      33 sdc1 60529 59 10025620 109121 88961 3398668 1542682160 15700990 140 176546 15866967
======================
   8      33 sdc1 63862 59 10705732 112752 90506 3406805 1543549848 15915277 1 180142 16075916
======================
   8      33 sdc1 70065 59 11691324 115875 90539 3411914 1543590984 15916530 0 182903 16080291
======================
   8      33 sdc1 71865 59 11968396 121084 96628 3434300 1545447312 16390474 150 187294 16572956
======================
   8      33 sdc1 75334 59 12518236 125239 102094 3442262 1546599696 16707171 1 191119 16891851
======================
   8      33 sdc1 81714 59 13511676 128502 102130 3447841 1546644616 16708681 0 193949 16896624
======================
   8      33 sdc1 84543 59 13959236 132894 108940 3469794 1548080560 17073703 156 197978 17279476
======================
   8      33 sdc1 87116 59 14363396 137662 114958 3480540 1549625008 17482497 1 202106 17686434
======================
   8      33 sdc1 93289 59 15340036 140945 115000 3487002 1549677040 17484647 0 204976 17691864
======================
   8      33 sdc1 96390 59 15831124 145378 122255 3504931 1550923104 17808690 154 208888 18026253
======================
   8      33 sdc1 98524 59 16156156 150558 129012 3516453 1552668472 18288718 0 213231 18512374
======================
   8      33 sdc1 104901 59 17155732 153794 129045 3521626 1552710120 18289977 1 216054 18516866
======================
   8      33 sdc1 109331 59 17840484 157672 133353 3538157 1553511448 18484744 131 219522 18721896
======================
   8      33 sdc1 110339 59 17994276 163302 144248 3548536 1555654160 19095103 1 224251 19337210
======================
   8      33 sdc1 116859 59 18986924 166469 144282 3553795 1555696504 19096432 0 226974 19341701
======================
   8      33 sdc1 121571 59 19715620 170368 148323 3569345 1556385208 19256259 152 230384 19510548
======================
   8      33 sdc1 122384 59 19817740 176824 160433 3579703 1558665144 19894721 0 235216 20156093
======================
   8      33 sdc1 128703 59 20583348 179786 160466 3584780 1558706024 19895984 0 237498 20160314
======================
   8      33 sdc1 135403 61 21401036 183786 162465 3590957 1559088984 19982646 1 240599 20251505
======================
   8      33 sdc1 136175 61 21492228 190012 177018 3608821 1561390032 20631359 147 245456 20913002
======================
   8      33 sdc1 143008 62 22332540 193968 178944 3614721 1561726352 20718027 0 248473 21000530
======================
   8      33 sdc1 149731 62 23153164 197823 180974 3621829 1562106304 20800598 0 251550 21087153
======================
   8      33 sdc1 151515 63 23368524 203435 194271 3639122 1564079440 21357477 132 256124 21656518
======================
   8      33 sdc1 157419 64 24087132 207792 197619 3646272 1564731856 21526410 1 259397 21826198
======================
   8      33 sdc1 164515 66 24948628 211498 199105 3652839 1564992920 21581460 0 262316 21885073
======================
   8      33 sdc1 166083 66 25137612 217275 212433 3669303 1567026856 22139407 156 266928 22457472
======================
   8      33 sdc1 171725 67 25827260 221685 216691 3675989 1567747560 22335664 0 270267 22653239
======================
   8      33 sdc1 178800 67 26692372 225517 217918 3682107 1568002016 22384037 116 273244 22710654
======================
   8      33 sdc1 180681 67 26910772 231113 230636 3698096 1569955776 22919328 144 277774 23253733
======================
   8      33 sdc1 186163 67 27564388 235617 235505 3704795 1570764392 23140758 0 281199 23475620
======================
   8      33 sdc1 193315 68 28432932 239352 236781 3710851 1571017416 23199332 0 284060 23538144
======================
   8      33 sdc1 195490 70 28678860 245287 249226 3726442 1572863296 23717358 144 288472 24066035
======================
   8      33 sdc1 201104 71 29263812 250159 254712 3733284 1573789536 23973911 0 292008 24326640
======================
   8      33 sdc1 209573 72 30169068 254089 255195 3738938 1573904408 23991287 1 294828 24348005
======================
   8      33 sdc1 212080 72 30435852 259620 267863 3754078 1575693008 24481997 134 299191 24850108
======================
   8      33 sdc1 217082 72 30961500 264843 275030 3761154 1576797032 24789589 0 302874 25159145
======================
   8      33 sdc1 225696 73 31862484 268765 275706 3767825 1576921304 24809262 130 305715 25186921
======================
   8      33 sdc1 227300 73 32031604 273652 286495 3786038 1578463160 25241144 138 309304 25626819
======================
   8      33 sdc1 231248 74 32451452 279144 295565 3793847 1579858760 25638934 1 313297 26025102
======================
   8      33 sdc1 238189 74 33181004 282266 295599 3799076 1579900864 25640275 0 315545 26029565
======================
   8      33 sdc1 243102 75 33695092 287686 303904 3815589 1581054240 25953737 156 319343 26352470
======================
   8      33 sdc1 245569 77 33956316 293552 315875 3823925 1582891424 26469477 1 323719 26872594
======================
   8      33 sdc1 254385 80 34881244 297378 315908 3829085 1582932968 26470740 1 326461 26877680
======================
   8      33 sdc1 260532 81 35535124 301990 321242 3845504 1583709704 26674546 141 329887 27092157
======================
   8      33 sdc1 261762 81 35662716 308449 335583 3854442 1585898336 27291918 2 334618 27712184
======================
   8      33 sdc1 270697 81 36593796 312284 335619 3860020 1585943248 27293424 1 337345 27717520
======================
   8      33 sdc1 278100 84 37341108 316433 339064 3875080 1586421792 27399746 2 340403 27828141
======================
   8      33 sdc1 278546 84 37380148 323808 355262 3884478 1588869368 28082249 145 345372 28526937
======================
   8      33 sdc1 287811 86 38264340 327908 355519 3889764 1588941512 28093802 2 348075 28536100
======================
   8      33 sdc1 295319 87 38989140 332466 358975 3895908 1589461296 28216692 0 351187 28663670
======================
   8      33 sdc1 296027 87 39058340 339173 375557 3913310 1591829656 28882113 140 356091 29342619
======================
   8      33 sdc1 305067 91 39929292 343265 376140 3919153 1591961968 28909406 1 358905 29368846
======================
   8      33 sdc1 312659 92 40669228 347700 379554 3925636 1592472976 29029678 0 362049 29493738
======================
   8      33 sdc1 313355 93 40734332 354429 396557 3943418 1594836736 29699376 136 366972 30176918
======================
   8      33 sdc1 322408 95 41596980 358527 397393 3949332 1594992040 29733568 0 369766 30210144
======================
   8      33 sdc1 328934 99 42211004 361949 399011 3954109 1595270712 29789513 2 372076 30269543
======================
   8      33 sdc1 330010 100 42315764 368922 415325 3970495 1597523224 30422412 138 376882 30913575
======================
   8      33 sdc1 337804 104 43056052 373430 418454 3976548 1598003048 30546850 2 379947 31040412
======================
   8      33 sdc1 346265 106 43873980 377675 419944 3982452 1598251984 30600865 1 382818 31098895
======================
   8      33 sdc1 347640 106 44004900 384136 435645 3999317 1600465336 31206206 151 387567 31717379
======================
   8      33 sdc1 355136 108 44714372 388767 439326 4005761 1601033160 31362793 2 390784 31873849
