======================
   8      17 sdb1 6958488 1936529 2265390624 42496156 16953560 264676772 9646263592 1683523888 0 13753608 1726018648
======================
   8      17 sdb1 6958491 1936529 2265390648 42496156 16953560 264676772 9646263592 1683523888 0 13753608 1726018648
======================
   8      17 sdb1 6958491 1936529 2265390648 42496156 16953563 264676781 9646263688 1683523896 0 13753616 1726018656
======================
   8      17 sdb1 6958491 1936529 2265390648 42496156 16953565 264676782 9646263712 1683523900 0 13753620 1726018660
======================
   8      17 sdb1 6958491 1936529 2265390648 42496156 16953567 264676783 9646263736 1683523908 0 13753628 1726018668
======================
   8      17 sdb1 6958491 1936529 2265390648 42496156 16953569 264676784 9646263760 1683523916 0 13753636 1726018676
======================
   8      17 sdb1 6958491 1936529 2265390648 42496156 16953571 264676785 9646263784 1683523924 0 13753644 1726018684
======================
   8      17 sdb1 6958513 1936529 2265390824 42497848 16955820 264676787 9650851392 1684082344 132 13758112 1726595712
======================
   8      17 sdb1 6958534 1936529 2265390992 42499640 16958338 264676812 9656004376 1684716452 141 13763120 1727233212
======================
   8      17 sdb1 6958551 1936529 2265391128 42501412 16960458 264676836 9660342248 1685350840 103 13768124 1727873944
======================
   8      17 sdb1 6958568 1936529 2265391264 42503216 16962497 264676856 9664514200 1685985520 114 13773128 1728509780
======================
   8      17 sdb1 6958585 1936529 2265391400 42505032 16964518 264676876 9668649288 1686613956 135 13778132 1729140612
======================
   8      17 sdb1 6958602 1936529 2265391536 42506960 16966504 264676896 9672712696 1687236852 150 13783140 1729767076
======================
   8      17 sdb1 6958618 1936529 2265391664 42508744 16968489 264676916 9676776104 1687877824 128 13788144 1730408976
======================
   8      17 sdb1 6958635 1936529 2265391800 42510548 16970480 264676935 9680847696 1688515640 156 13793148 1731047508
======================
   8      17 sdb1 6958651 1936529 2265391928 42512268 16972470 264676956 9684919304 1689146144 119 13798152 1731681540
======================
   8      17 sdb1 6958668 1936529 2265392064 42514160 16974460 264676976 9688990904 1689786108 139 13803156 1732321656
======================
   8      17 sdb1 6958684 1936529 2265392192 42515944 16976444 264676996 9693050216 1690422236 117 13808160 1732960580
======================
   8      17 sdb1 6958702 1936529 2265392336 42517956 16978435 264677016 9697123864 1691061892 148 13813168 1733596064
======================
   8      17 sdb1 6958718 1936529 2265392464 42519676 16980416 264677035 9701177024 1691700568 117 13818172 1734236844
======================
   8      17 sdb1 6958735 1936529 2265392600 42521540 16982405 264677055 9705246576 1692333336 129 13823176 1734877928
======================
   8      17 sdb1 6958751 1936529 2265392728 42523328 16984396 264677075 9709320224 1692976152 101 13828180 1735521356
======================
   8      17 sdb1 6958768 1936529 2265392864 42525212 16986384 264677096 9713387736 1693616452 146 13833184 1736164400
======================
   8      17 sdb1 6958784 1936529 2265392992 42526916 16988370 264677115 9717451136 1694251732 99 13838188 1736800172
======================
   8      17 sdb1 6958801 1936529 2265393128 42528796 16990358 264677135 9721520688 1694887060 130 13843196 1737437428
======================
   8      17 sdb1 6958817 1936529 2265393256 42530592 16992339 264677154 9725573848 1695534300 102 13848204 1738086876
======================
   8      17 sdb1 6958834 1936529 2265393392 42532476 16994331 264677173 9729649536 1696174028 129 13853208 1738727304
======================
   8      17 sdb1 6958851 1936529 2265393528 42534364 16996317 264677193 9733710896 1696813672 135 13858212 1739371100
======================
   8      17 sdb1 6958867 1936529 2265393656 42536144 16998307 264677213 9737782496 1697446756 140 13863216 1740002108
======================
   8      17 sdb1 6958884 1936529 2265393792 42537924 17000299 264677233 9741858192 1698080424 149 13868224 1740641108
======================
   8      17 sdb1 6958900 1936529 2265393920 42539708 17002283 264677254 9745917512 1698705952 136 13873228 1741268504
======================
   8      17 sdb1 6958917 1936529 2265394056 42541612 17004266 264677274 9749974776 1699345504 140 13878232 1741908796
======================
   8      17 sdb1 6958933 1936529 2265394184 42543328 17006252 264677293 9754038176 1699982804 139 13883236 1742546820
======================
   8      17 sdb1 6958950 1936529 2265394320 42545216 17008245 264677313 9758115920 1700614440 147 13888244 1743182732
======================
   8      17 sdb1 6958966 1936529 2265394448 42547004 17010233 264677333 9762183424 1701255044 130 13893244 1743824956
======================
   8      17 sdb1 6958983 1936529 2265394584 42548860 17012215 264677352 9766238632 1701885904 149 13898248 1744458224
======================
   8      17 sdb1 6958999 1936529 2265394712 42550628 17014206 264677372 9770312280 1702514852 129 13903252 1745088508
======================
   8      17 sdb1 6959006 1936529 2265394768 42551288 17015123 264677847 9772102296 1702792344 0 13905512 1745342192
started
======================
   8      17 sdb1 6959101 1936529 2265395522 42551392 17015158 264677847 9772102576 1702792452 0 13905624 1745342404
======================
   8      17 sdb1 6959139 1936529 2265395826 42551392 17015158 264677847 9772102576 1702792452 0 13905624 1745342404
======================
   8      17 sdb1 6959139 1936529 2265395826 42551392 17015161 264677849 9772102616 1702792460 0 13905632 1745342412
======================
   8      17 sdb1 6959139 1936529 2265395826 42551392 17015163 264677850 9772102640 1702792476 0 13905648 1745342428
======================
   8      17 sdb1 6959139 1936529 2265395826 42551392 17015166 264677852 9772102680 1702792488 1 13905660 1745342440
======================
   8      17 sdb1 6959139 1936529 2265395826 42551392 17015168 264677853 9772102704 1702792500 1 13905676 1745342456
======================
   8      17 sdb1 6959139 1936529 2265395826 42551392 17015924 264677857 9772512336 1702844452 0 13906100 1745394404
======================
   8      17 sdb1 6959139 1936529 2265395826 42551392 17023193 264677954 9777212760 1703490256 141 13910724 1746046572
