======================
   8      33 sdc1 4105 0 42732 1358152 135479 2601595 1882618976 73983610 0 1707193 75341459
======================
   8      33 sdc1 4110 0 42772 1358155 135479 2601595 1882618976 73983610 0 1707196 75341462
======================
   8      33 sdc1 4110 0 42772 1358155 135483 2602091 1882622976 73983637 0 1707215 75341489
======================
   8      33 sdc1 4110 0 42772 1358155 135483 2602091 1882622976 73983637 0 1707215 75341489
======================
started
   8      33 sdc1 4110 0 42772 1358155 135523 2602547 1882626944 73983807 0 1707224 75341659
======================
   8      33 sdc1 4156 0 43140 1361585 135751 2604592 1884663376 74058500 15 1711080 75424685
======================
   8      33 sdc1 4167 0 43228 1365905 135985 2606689 1887345016 74143256 6 1716080 75511720
======================
   8      33 sdc1 4179 0 43324 1370765 136165 2608747 1889991168 74211277 17 1721081 75588412
======================
   8      33 sdc1 4189 0 43404 1375370 136428 2610977 1892658632 74326604 11 1726082 75705738
======================
   8      33 sdc1 4200 0 43492 1379940 136597 2612930 1895311072 74399083 10 1731085 75782519
======================
   8      33 sdc1 4211 0 43580 1383952 136778 2614913 1897959680 74461874 8 1736085 75848059
======================
   8      33 sdc1 4222 0 43668 1388230 136951 2616868 1900605920 74528781 8 1741087 75921260
======================
   8      33 sdc1 4233 0 43756 1393072 137124 2618826 1903255192 74596306 8 1746088 75992219
======================
   8      33 sdc1 4244 0 43844 1397942 137304 2620783 1905897400 74653240 11 1751089 76054024
======================
   8      33 sdc1 4255 0 43932 1402761 137585 2623092 1908615400 74739330 24 1756189 76146611
======================
   8      33 sdc1 4265 0 44012 1407290 137971 2625198 1911262664 74858703 40 1761190 76275114
======================
   8      33 sdc1 4276 0 44100 1411979 138390 2626897 1913917632 75015203 29 1766192 76437392
======================
   8      33 sdc1 4289 0 44204 1416844 138812 2628767 1916573200 75227723 78 1771193 76666089
======================
   8      33 sdc1 4300 0 44292 1420586 139225 2630761 1919235960 75558103 66 1776195 77003870
======================
   8      33 sdc1 4310 0 44372 1423775 139650 2632318 1921891472 76007382 29 1781197 77441055
======================
   8      33 sdc1 4323 0 44476 1427971 140170 2634456 1924547352 76365623 128 1786198 77861900
======================
   8      33 sdc1 4333 0 44556 1431522 140642 2635816 1927204728 76852567 48 1791200 78307068
======================
   8      33 sdc1 4343 0 44636 1434663 141167 2637400 1929857312 77289324 46 1796201 78740313
======================
   8      33 sdc1 4354 0 44724 1438847 141619 2639262 1932515560 77612024 61 1801203 79069723
======================
   8      33 sdc1 4365 0 44812 1442368 142061 2641115 1935164024 77932311 82 1806205 79400251
======================
   8      33 sdc1 4375 0 44892 1446051 142517 2642638 1937821216 78432838 27 1811207 79883076
======================
   8      33 sdc1 4387 0 44988 1449653 143095 2644955 1940478536 78826499 122 1816210 80302277
======================
   8      33 sdc1 4397 0 45068 1452719 143645 2646230 1943143080 79420210 8 1821212 80881270
======================
   8      33 sdc1 4409 0 45164 1455622 144180 2648214 1945793080 79878238 114 1826214 81362957
======================
   8      33 sdc1 4420 0 45252 1459080 144656 2650399 1948459400 80443304 88 1831217 81990738
======================
   8      33 sdc1 4431 0 45340 1462149 145163 2652007 1951110760 80863400 113 1836220 82432242
======================
   8      33 sdc1 4442 0 45428 1465161 145694 2653723 1953761784 81434279 129 1841223 82990242
======================
   8      33 sdc1 4451 0 45500 1467420 146263 2655282 1956421920 81858096 71 1846225 83352671
======================
   8      33 sdc1 4463 0 45596 1471459 146734 2657081 1959076184 82099345 121 1851226 83631272
======================
   8      33 sdc1 4473 0 45676 1475316 147232 2659392 1961732760 82499790 105 1856228 84006998
======================
   8      33 sdc1 4483 0 45756 1479014 147740 2661009 1964382536 82786116 119 1861230 84332538
======================
   8      33 sdc1 4494 0 45844 1482108 148278 2662866 1967045216 83215231 124 1866231 84723506
======================
   8      33 sdc1 4505 0 45932 1485286 148865 2664568 1969699016 83706431 124 1871233 85263427
======================
   8      33 sdc1 4516 0 46020 1488803 149422 2666179 1972356216 84114716 109 1876235 85664606
======================
   8      33 sdc1 4528 0 46116 1491920 150017 2667888 1975008816 84676651 130 1881237 86230078
======================
   8      33 sdc1 4539 0 46204 1495100 150555 2669565 1977678616 85091185 140 1886238 86638090
======================
   8      33 sdc1 4549 0 46284 1497802 151135 2671037 1980330344 85498810 73 1891240 87021805
======================
   8      33 sdc1 4560 0 46372 1500638 151692 2672916 1982988424 85996378 119 1896241 87579442
======================
   8      33 sdc1 4571 0 46460 1503544 152231 2674515 1985651576 86555565 130 1901242 88149483
======================
   8      33 sdc1 4582 0 46548 1506960 152791 2676359 1988305672 87034187 131 1906244 88566131
======================
   8      33 sdc1 4592 0 46628 1510060 153389 2677991 1990964176 87484923 138 1911245 89068994
======================
   8      33 sdc1 4604 0 46724 1513294 154026 2679671 1993621576 87984324 140 1916247 89566210
======================
   8      33 sdc1 4615 0 46812 1516323 154645 2681434 1996276504 88540686 133 1921248 90107296
======================
   8      33 sdc1 4625 0 46892 1518680 155282 2683048 1998931288 89090672 136 1926250 90677680
======================
   8      33 sdc1 4635 0 46972 1521604 155898 2684397 2001593432 89618720 55 1931252 91160206
======================
   8      33 sdc1 4645 0 47052 1524245 156547 2685997 2004251296 89995575 18 1936254 91525482
