======================
cpu  2070057 0 1000744 154349108 2470426 0 9187 0 0 0
cpu0 53767 0 110070 2738651 401661 0 2824 0 0 0
cpu1 45857 0 101841 2770694 386653 0 2231 0 0 0
cpu2 44188 0 21838 3232952 32669 0 220 0 0 0
cpu3 44826 0 16040 3267818 4482 0 64 0 0 0
cpu4 41161 0 12014 3272624 7524 0 47 0 0 0
cpu5 42340 0 11930 3278184 929 0 4 0 0 0
cpu6 41984 0 11491 3278351 1542 0 5 0 0 0
cpu7 41325 0 18834 3252780 19382 0 84 0 0 0
cpu8 41765 0 12167 3279023 622 0 25 0 0 0
cpu9 41021 0 17755 3234496 37464 0 190 0 0 0
cpu10 42175 0 13660 3266450 10513 0 40 0 0 0
cpu11 46647 0 24728 3201779 56553 0 323 0 0 0
cpu12 48642 0 37454 3177662 65368 0 95 0 0 0
cpu13 44907 0 33627 3140267 111513 0 117 0 0 0
cpu14 44648 0 36306 3134650 114571 0 193 0 0 0
cpu15 42304 0 30243 3108868 145418 0 688 0 0 0
cpu16 42740 0 30858 3133892 121013 0 431 0 0 0
cpu17 42182 0 32478 3150258 106221 0 122 0 0 0
cpu18 43260 0 28238 3154506 104791 0 184 0 0 0
cpu19 44092 0 27968 3157042 102056 0 94 0 0 0
cpu20 42144 0 30515 3157285 101230 0 119 0 0 0
cpu21 43410 0 23603 3166677 97432 0 90 0 0 0
cpu22 43664 0 30741 3175805 78042 0 381 0 0 0
cpu23 43968 0 34411 3140065 111653 0 159 0 0 0
cpu24 41802 0 8344 3283298 6 0 1 0 0 0
cpu25 42268 0 9438 3281500 236 0 0 0 0 0
cpu26 42557 0 9719 3281133 26 0 0 0 0 0
cpu27 43374 0 8438 3281626 15 0 2 0 0 0
cpu28 43212 0 8930 3281308 4 0 0 0 0 0
cpu29 42456 0 8720 3282224 4 0 0 0 0 0
cpu30 42086 0 8824 3282537 2 0 0 0 0 0
cpu31 41734 0 8294 3283438 2 0 0 0 0 0
cpu32 40680 0 8700 3284256 2 0 0 0 0 0
cpu33 43397 0 8902 3281130 4 0 0 0 0 0
cpu34 41308 0 8494 3283650 1 0 0 0 0 0
cpu35 42308 0 8729 3282394 13 0 0 0 0 0
cpu36 41796 0 10412 3242253 38774 0 8 0 0 0
cpu37 43470 0 14003 3268131 7471 0 45 0 0 0
cpu38 42407 0 12531 3255094 22873 0 55 0 0 0
cpu39 42253 0 10798 3264807 15527 0 0 0 0 0
cpu40 42354 0 12723 3247270 30386 0 81 0 0 0
cpu41 42491 0 10946 3263537 15966 0 53 0 0 0
cpu42 43976 0 11220 3246094 31658 0 60 0 0 0
cpu43 41392 0 9907 3267549 14562 0 2 0 0 0
cpu44 42353 0 11976 3278731 362 0 4 0 0 0
cpu45 42622 0 14074 3251268 25098 0 28 0 0 0
cpu46 42613 0 15463 3252148 22455 0 76 0 0 0
cpu47 42112 0 12333 3252932 25657 0 26 0 0 0
intr 53017572 116 0 0 0 0 0 0 0 1 7 0 0 0 0 0 0 0 0 56 49 0 0 0 0 0 0 0 0 0 0 0 0 0 0 0 0 0 0 0 0 0 0 0 0 0 0 0 0 0 0 0 0 181283 0 0 0 0 0 0 0 0 0 1831 27236012 0 1 229777 29040 21350 38468 44001 31111 0 0 65867 32116 0 0 0 0 0 0 0 0 0 0 0 0 0 0 0 0 0 0 0 0 0 0 0 0 0 0 0 0 0 0 0 0 0 0 0 0 0 0 0 0 0 0 0 0 0 0 0 0 0 0 0 0 0 0 0 0 0 0 0 0 0 0 0 0 0 0 0 0 0 0 0 0 0 0 0 0 0 0 0 0 0 0 0 0 0 0 0 0 0 0 0 0 0 0 0 0 0 0 0 0 0 0 0 2 0 2 2 2 2 2 2 2 0 2 0 2 2 2 2 2 2 2 0 0 0 0 0 0 0 0 0 0 0 0 0 0 0 0 0 0 0 0 0 0 0 0 0 0 0 0 0 0 0 0 0 0 0 0 0 0 0 0 0 0 0 0 0 0 0 0 0 0 0 0 0 0 0 0 0 0 0 0 0 0 0 0 0 0 0 0 0 0 0 0 0 0 0 0 0 0 0 0 0 0 0 0 0 0 0 0 0 0 0 0 0 0 0 0 0 0 0 0 0 0 0 0 0 0 0 0 0 0 0 0 0 0 0 0 0 0 0 0 0 0 0 0 0 0 0 0 0 0 0 0 0 0 0 0 0 0 0 0 0 0 0 0 0 0 0 0 0 0 0 0 0 0 0 0 0 0 0 0 0 0 0 0 0 0 0 0 0 0 0 0 0 0 0 0 0 0 0 0 0 0 0 0 0 0 0 0 0 0 0 0 0 0 0 0 0 0 0 0 0 0 0 0 0 0 0 0 0 0 0 0 0 0 0 0 0 0 0 0 0 0 0 0 0 0 0 0 0 0 0 0 0 0 0 0 0 0 0 0 0 0 0 0 0 0 0 0 0 0 0 0 0 0 0 0 0 0 0 0 0 0 0 0 0 0 0 0 0 0 0 0 0 0 0 0 0 0 0 0 0 0 0 0 0 0 0 0 0 0 0 0 0 0 0 0 0 0 0 0 0 0 0 0 0 0 0 0 0 0 0 0 0 0 0 0 0 0 0 0 0 0 0 0 0 0 0 0 0 0 0 0 0 0 0 0 0 0 0 0 0 0 0 0 0 0 0 0 0 0 0 0 0 0 0 0 0 0 0 0 0 0 0 0 0 0 0 0 0 0 0 0 0 0 0 0 0 0 0 0 0 0 0 0 0 0 0 0 0 0 0 0 0 0 0 0 0 0 0 0 0 0 0 0 0 0 0 0 0 0 0 0 0 0 0 0 0 0 0 0 0 0 0 0 0 0 0 0 0 0 0 0 0 0 0 0 0 0 0 0 0 0 0 0 0 0 0 0 0 0 0 0 0 0 0 0 0 0 0 0 0 0 0 0 0 0 0 0 0 0 0 0 0 0 0 0 0 0 0 0 0 0 0 0 0 0 0 0 0 0 0 0 0 0 0 0 0 0 0 0 0 0 0 0 0 0 0 0 0 0 0 0 0 0 0 0 0 0 0 0 0 0 0 0 0 0 0 0 0 0 0 0 0 0 0 0 0 0 0 0 0 0 0 0 0 0 0 0 0 0 0 0 0 0 0 0 0 0 0 0 0 0 0 0 0 0 0 0 0 0 0 0 0 0 0 0 0 0 0 0 0 0 0 0 0 0 0 0 0 0 0 0 0 0 0 0 0 0 0 0 0 0 0 0 0 0 0 0 0 0 0 0 0 0 0 0 0 0 0 0 0 0 0 0 0 0 0 0 0 0 0 0 0 0 0 0 0 0 0 0 0 0 0 0 0 0 0 0 0 0 0 0 0 0 0 0 0 0 0 0 0 0 0 0 0 0 0 0 0 0 0 0 0 0 0 0 0 0 0 0 0 0 0 0 0 0 0 0 0 0 0 0 0 0 0 0 0 0 0 0 0 0 0 0 0 0 0 0 0 0 0 0 0 0 0 0 0 0 0 0 0 0 0 0 0 0 0 0 0 0 0 0 0 0 0 0 0 0 0 0 0 0 0 0 0 0 0 0 0 0 0 0 0 0 0 0 0 0 0 0 0 0 0 0 0 0 0 0 0 0 0 0 0 0 0 0 0 0 0 0 0 0 0 0 0 0 0 0 0 0 0 0 0 0 0 0 0 0 0 0 0 0 0 0 0 0 0 0 0 0 0 0 0 0 0 0 0 0 0 0 0 0 0 0 0 0 0 0 0 0 0 0 0 0 0 0 0 0 0 0 0 0 0 0 0 0 0 0 0 0 0 0 0 0 0 0 0 0 0 0 0 0 0 0 0 0 0 0 0 0 0 0 0 0 0 0 0 0 0 0 0 0 0 0 0 0 0 0 0 0 0 0 0 0 0 0 0 0 0 0 0 0 0 0 0 0 0 0 0 0 0 0 0 0 0 0 0 0 0 0 0 0 0 0 0 0 0 0 0 0 0 0 0 0 0 0 0 0 0 0 0 0 0 0 0 0 0 0 0 0 0 0 0 0 0 0 0 0 0 0 0 0 0 0 0 0 0 0 0 0 0 0 0 0 0 0 0 0 0 0 0 0 0 0 0 0 0 0 0 0 0 0 0 0 0 0 0 0 0 0 0 0 0 0 0 0 0 0 0 0 0 0 0 0 0 0 0 0 0 0 0 0 0 0 0 0 0 0 0 0 0 0 0 0 0 0 0 0 0 0 0 0 0 0 0 0 0 0 0 0 0 0 0 0 0 0 0 0 0 0 0 0 0 0 0 0 0 0 0 0 0 0 0 0 0 0 0 0 0 0 0 0 0 0 0 0 0 0 0 0 0 0 0 0 0 0 0 0 0 0 0 0 0 0 0 0 0 0 0 0 0 0 0 0 0 0 0 0 0 0 0 0 0 0 0 0 0 0 0 0 0 0 0 0 0 0 0 0 0 0 0 0 0 0 0 0 0 0 0 0 0 0 0 0 0 0 0 0 0 0 0 0 0 0 0 0 0 0 0 0 0 0 0 0 0 0 0 0 0 0 0 0 0 0 0 0 0 0 0 0 0 0 0 0 0 0 0 0 0 0 0 0 0 0 0 0 0 0 0 0 0 0 0 0 0 0 0 0 0 0 0 0 0 0 0 0 0 0 0 0 0 0 0 0 0 0 0 0 0 0 0 0 0 0 0 0 0 0 0 0 0 0 0 0 0 0 0 0 0 0 0 0 0 0 0 0 0 0 0 0 0 0 0 0 0 0 0 0 0 0 0 0 0 0 0 0 0 0 0 0 0 0 0 0 0 0 0 0 0 0 0 0 0 0 0 0 0 0 0 0 0 0 0 0 0 0 0 0 0 0 0 0 0 0 0 0 0 0 0 0 0 0 0 0 0 0 0 0 0 0 0 0 0 0 0 0 0 0 0 0 0 0 0 0 0 0 0 0 0 0 0 0 0 0 0 0 0 0 0 0 0 0 0 0 0 0 0 0 0 0 0 0 0 0 0 0 0 0 0 0 0 0 0 0 0 0 0 0 0 0 0 0 0 0 0 0 0 0 0 0 0 0 0 0 0 0 0 0 0 0 0 0 0 0 0 0
ctxt 54036866
btime 1494099034
processes 89102
procs_running 3
procs_blocked 0
softirq 53118019 5 10690497 6702 491622 27409935 0 2220 3989008 0 10528030
