639.359
653.354
656.153
654.154
652.658
655.749
656.751
656.355
654.050
658.549
657.857
657.954
655.756
659.551
657.454
654.754
660.455
659.755
656.355
652.955
659.351
659.153
654.057
657.954
659.652
656.955
653.452
658.355
660.452
654.353
655.749
659.454
658.754
654.155
656.955
658.855
656.151
656.550
657.353
659.353
655.648
655.553
653.257
654.652
650.351
650.356
650.155
651.254
650.454
649.158
651.352
650.155
650.355
647.055
646.958
646.153
644.952
643.854
640.450
642.050
643.456
643.355
641.556
645.956
645.458
641.951
641.953
645.755
644.054
640.755
641.554
646.050
639.756
640.658
645.254
432.300
