22132.217
22571.309
25223.050
23953.659
16701.979
16937.323
16424.075
28860.238
18962.858
20905.358
23520.657
18407.201
21150.088
19864.396
21328.135
17602.379
16200.293
21970.682
21384.865
28724.998
24072.202
18899.109
22861.303
21822.372
23481.141
16901.039
23045.837
18840.002
17701.421
18600.836
19956.729
21701.668
23324.123
21893.532
22495.826
19299.602
20326.602
17965.090
24927.002
20292.023
24898.621
22267.899
19016.073
22820.015
19308.950
21153.909
24698.870
19027.803
19906.392
22177.761
19413.556
18665.923
19510.090
19131.862
21627.210
24311.533
22345.176
23090.320
21638.628
20852.832
26318.945
23921.040
19450.523
22934.418
22033.650
20704.799
17098.252
24698.216
26786.749
21163.061
19398.484
22504.468
26586.635
17202.023
