27.7
28.4
28.1
28.3
28.8
29.3
29.0
28.8
29.1
29.1
29.5
29.6
29.9
30.1
29.5
29.9
30.4
30.4
30.4
30.7
30.5
30.6
31.2
31.5
31.4
31.9
31.2
30.9
31.0
30.3
31.3
30.4
31.1
31.1
30.8
31.3
30.7
30.9
31.2
31.5
31.1
31.2
30.8
31.7
31.2
30.6
31.3
30.9
31.0
31.3
31.5
30.6
31.2
31.5
31.6
31.7
31.3
31.7
31.6
31.9
31.0
31.5
31.5
31.5
31.7
31.5
31.6
31.3
31.1
31.2
31.3
31.6
31.4
31.6
30.5
30.6
30.5
31.1
31.6
31.5
31.6
31.0
31.1
31.1
30.8
31.5
31.2
31.1
31.0
31.0
31.4
30.9
31.3
31.3
31.3
31.2
31.4
31.3
31.4
32.6
31.6
31.8
32.1
30.7
31.2
31.7
31.9
31.8
31.5
31.2
32.1
31.4
31.1
31.8
31.3
31.2
31.5
31.7
32.3
31.8
31.5
31.6
31.4
30.9
31.4
31.7
31.8
32.1
31.0
31.1
31.0
31.7
31.5
31.2
30.8
31.8
30.2
32.3
32.2
30.9
31.8
31.6
30.8
30.6
31.4
31.9
31.7
31.3
32.1
31.5
32.5
32.0
31.9
31.3
32.4
32.1
31.3
31.0
31.0
30.9
31.1
31.0
30.9
31.1
31.0
31.0
31.3
31.1
30.8
31.1
31.5
30.9
30.9
30.9
31.0
31.4
31.1
31.0
30.8
31.2
30.9
31.1
30.8
31.2
30.5
30.8
30.9
30.9
31.0
31.1
31.0
30.9
30.6
31.2
30.8
30.9
31.1
25.5
