======================
   8      33 sdc1 2738283 713827 880932340 26470586 258293 3371130 2914586256 186308620 0 5244080 212776988
======================
   8      33 sdc1 2738840 713827 880936796 26473223 258470 3372548 2916246416 186360616 22 5247267 212834682
======================
   8      33 sdc1 2738850 713827 880936876 26476931 258670 3375311 2918920240 186426767 5 5252268 212903782
======================
   8      33 sdc1 2738874 713827 880937068 26487291 259009 3379634 2924722056 186560911 3 5263160 213047506
======================
   8      33 sdc1 2738885 713827 880937156 26491521 259158 3381790 2927375088 186618164 19 5268161 213114484
======================
   8      33 sdc1 2738896 713827 880937244 26496328 259318 3383759 2930026848 186692167 15 5273161 213190387
======================
   8      33 sdc1 2738907 713827 880937332 26501076 259476 3385724 2932686712 186749321 12 5278165 213250276
======================
   8      33 sdc1 2738918 713827 880937420 26505516 259630 3387871 2935346688 186823871 24 5283165 213332996
======================
   8      33 sdc1 2738927 713827 880937492 26510153 259785 3389705 2938012096 186908768 11 5288167 213419335
======================
   8      33 sdc1 2738938 713827 880937580 26514674 259971 3391779 2940664040 186972598 20 5293175 213490087
======================
   8      33 sdc1 2738948 713827 880937660 26519326 260174 3393688 2943401552 187068367 15 5298320 213591424
======================
   8      33 sdc1 2738961 713827 880937764 26524356 260489 3395512 2946050680 187171086 24 5303321 213696102
======================
   8      33 sdc1 2738971 713827 880937844 26529005 260769 3397378 2948712032 187253899 16 5308323 213784155
======================
   8      33 sdc1 2738982 713827 880937932 26533333 261034 3399226 2951359560 187351953 15 5313324 213889604
======================
   8      33 sdc1 2738993 713827 880938020 26538153 261301 3401067 2954030424 187446121 13 5318326 213986561
======================
   8      33 sdc1 2739003 713827 880938100 26542535 261590 3402897 2956683592 187551257 4 5323329 214094542
======================
   8      33 sdc1 2739015 713827 880938196 26547702 261881 3404916 2959335408 187650132 31 5328331 214201048
======================
   8      33 sdc1 2739026 713827 880938284 26552521 262158 3406767 2961989784 187749569 25 5333332 214301312
======================
   8      33 sdc1 2739036 713827 880938364 26557246 262433 3408620 2964652776 187842311 24 5338334 214399178
======================
   8      33 sdc1 2739047 713827 880938452 26561925 262713 3410445 2967282544 187932697 21 5343336 214496870
======================
   8      33 sdc1 2739058 713827 880938540 26566467 263007 3412278 2969946448 188027085 15 5348337 214595598
======================
   8      33 sdc1 2739068 713827 880938620 26571112 263390 3414014 2972620024 188169153 18 5353338 214744674
======================
   8      33 sdc1 2739079 713827 880938708 26575672 263760 3415782 2975304640 188291739 6 5358400 214868392
======================
   8      33 sdc1 2739091 713827 880938804 26580780 264102 3417743 2977948128 188404063 33 5363402 214985266
======================
   8      33 sdc1 2739101 713827 880938884 26585352 264408 3419565 2980616328 188501957 26 5368404 215090424
======================
   8      33 sdc1 2739112 713827 880938972 26590160 264712 3421389 2983258768 188607370 25 5373405 215197647
======================
   8      33 sdc1 2739122 713827 880939052 26594073 265032 3423916 2985899568 188716168 140 5378406 215392625
======================
   8      33 sdc1 2739123 713827 880939060 26594852 265327 3425801 2988564872 189225086 151 5383408 215877209
======================
   8      33 sdc1 2739123 713827 880939060 26594852 265633 3427561 2991228800 189735120 138 5388410 216433408
======================
   8      33 sdc1 2739124 713827 880939068 26595420 265958 3429401 2993888792 190274977 142 5393412 217000118
======================
   8      33 sdc1 2739125 713827 880939076 26596217 266253 3431340 2996455840 190783987 152 5398354 217497400
======================
   8      33 sdc1 2739125 713827 880939076 26596217 266543 3432454 2999115680 191443576 52 5403356 218142660
======================
   8      33 sdc1 2739126 713827 880939084 26596938 266902 3434109 3001708672 192027196 33 5408359 218690934
======================
   8      33 sdc1 2739127 713827 880939092 26597571 267285 3436167 3004376968 192584299 70 5413361 219308969
======================
   8      33 sdc1 2739127 713827 880939092 26597571 267607 3437915 3006990296 193131537 76 5418389 219852511
======================
   8      33 sdc1 2739128 713827 880939100 26598448 267928 3439777 3009579256 193643377 96 5423391 220381559
======================
   8      33 sdc1 2739129 713827 880939108 26599079 268261 3441908 3012236680 194205013 129 5428394 220957365
======================
   8      33 sdc1 2739129 713827 880939108 26599079 268562 3443801 3014902056 194733384 151 5433397 221498810
======================
   8      33 sdc1 2739130 713827 880939116 26599091 268893 3445839 3017567264 195307822 151 5438399 222057009
======================
   8      33 sdc1 2739131 713827 880939124 26599739 269214 3446970 3020236816 195850204 35 5443402 222505365
======================
   8      33 sdc1 2739131 713827 880939124 26599739 269531 3449388 3022887368 196395447 140 5448405 223162860
======================
   8      33 sdc1 2739132 713827 880939132 26600312 269864 3451236 3025485720 196978459 153 5453407 223732957
======================
   8      33 sdc1 2739133 713827 880939140 26600971 270195 3452877 3028142920 197539746 107 5458409 224274448
======================
   8      33 sdc1 2739133 713827 880939140 26600971 270491 3454796 3030719744 198046445 135 5463383 224815419
======================
   8      33 sdc1 2739134 713827 880939148 26601688 270854 3456449 3033387928 198664449 145 5468386 225380900
======================
   8      33 sdc1 2739135 713827 880939156 26601839 271260 3458046 3036042584 199263263 144 5473388 225962956
======================
   8      33 sdc1 2739135 713827 880939156 26601839 271662 3460025 3038703912 199837900 131 5478398 226540913
======================
   8      33 sdc1 2739136 713827 880939164 26602509 271993 3463067 3041373168 200405915 144 5483401 227091183
======================
   8      33 sdc1 2739137 713827 880939172 26602529 272333 3464828 3044022496 200985368 130 5488402 227648154
======================
   8      33 sdc1 2739140 713827 880939196 26604132 272678 3466644 3046701216 201467679 121 5493404 228224560
======================
   8      33 sdc1 2739141 713827 880939204 26604915 272953 3467420 3048826136 202030540 0 5497398 228633164
started
======================
   8      33 sdc1 2742260 716519 882410716 26696465 272953 3467420 3048826136 202030540 34 5500120 228725213
======================
   8      33 sdc1 2748284 721950 885342940 26873090 272955 3467423 3048826176 202030635 33 5505379 228901909
======================
   8      33 sdc1 2753912 727236 888136924 27037768 272955 3467423 3048826176 202030635 33 5510381 229066583
======================
   8      33 sdc1 2759539 732523 890930908 27202451 272955 3467423 3048826176 202030635 33 5515383 229231268
======================
   8      33 sdc1 2765167 737809 893724892 27367145 272955 3467423 3048826176 202030635 33 5520385 229395959
======================
   8      33 sdc1 2770795 743097 896519388 27531823 272955 3467423 3048826176 202030635 33 5525387 229560631
======================
   8      33 sdc1 2776425 748384 899314396 27696554 272955 3467423 3048826176 202030635 32 5530389 229725300
======================
   8      33 sdc1 2782054 753674 902109404 27861266 272955 3467423 3048826176 202030635 33 5535393 229890048
======================
   8      33 sdc1 2787682 758962 904904412 28025937 272956 3467425 3048826200 202030664 33 5540396 230054752
======================
   8      33 sdc1 2793311 764249 907698396 28190667 272956 3467425 3048826200 202030664 33 5545399 230219453
======================
   8      33 sdc1 2798940 769538 910493404 28355362 272956 3467425 3048826200 202030664 33 5550402 230384146
======================
   8      33 sdc1 2804570 774824 913287900 28520075 272956 3467425 3048826200 202030664 33 5555405 230548847
======================
   8      33 sdc1 2810268 780178 916117212 28686936 272956 3467425 3048826200 202030664 33 5560470 230715719
======================
   8      33 sdc1 2815911 785479 918918876 28852177 272956 3467425 3048826200 202030664 33 5565485 230880932
======================
   8      33 sdc1 2821539 790765 921712860 29017031 272956 3467425 3048826200 202030664 33 5570487 231045776
======================
   8      33 sdc1 2827166 796052 924506844 29181851 272956 3467425 3048826200 202030664 33 5575490 231210638
======================
   8      33 sdc1 2832794 801338 927300828 29346698 272956 3467425 3048826200 202030664 33 5580492 231375472
======================
   8      33 sdc1 2838421 806625 930094812 29511509 272956 3467425 3048826200 202030664 33 5585493 231540260
======================
   8      33 sdc1 2844050 811912 932889308 29676368 272956 3467425 3048826200 202030664 33 5590496 231705111
======================
   8      33 sdc1 2849678 817199 935683548 29841212 272956 3467425 3048826200 202030664 33 5595498 231869940
======================
   8      33 sdc1 2855305 822485 938477276 30006050 272956 3467425 3048826200 202030664 33 5600500 232034793
======================
   8      33 sdc1 2860933 827772 941271516 30170870 272956 3467425 3048826200 202030664 33 5605502 232199597
======================
   8      33 sdc1 2866596 833092 944083164 30336756 272956 3467425 3048826200 202030664 33 5610536 232365494
======================
   8      33 sdc1 2872238 838391 946884316 30502029 272956 3467425 3048826200 202030664 32 5615551 232530768
======================
   8      33 sdc1 2877908 843718 949699292 30668091 272956 3467425 3048826200 202030664 33 5620590 232696804
======================
   8      33 sdc1 2883548 849016 952499420 30833302 272956 3467425 3048826200 202030664 33 5625603 232862013
======================
   8      33 sdc1 2889175 854303 955293404 30998093 272956 3467425 3048826200 202030664 33 5630606 233026850
======================
   8      33 sdc1 2894803 859589 958087388 31162971 272956 3467425 3048826200 202030664 33 5635607 233191681
======================
   8      33 sdc1 2900430 864876 960881372 31327804 272956 3467425 3048826200 202030664 33 5640610 233356532
======================
   8      33 sdc1 2906057 870161 963674844 31492633 272956 3467425 3048826200 202030664 33 5645611 233521344
======================
   8      33 sdc1 2911685 875448 966469084 31657463 272956 3467425 3048826200 202030664 32 5650613 233686159
======================
   8      33 sdc1 2917312 880734 969262812 31822306 272956 3467425 3048826200 202030664 33 5655615 233851015
======================
   8      33 sdc1 2922940 886021 972057052 31987152 272956 3467425 3048826200 202030664 33 5660617 234015848
======================
   8      33 sdc1 2928567 891307 974850780 32151945 272956 3467425 3048826200 202030664 33 5665619 234180653
======================
   8      33 sdc1 2934195 896593 977644764 32316820 272956 3467425 3048826200 202030664 33 5670621 234345514
======================
   8      33 sdc1 2939822 901880 980438748 32481622 272956 3467425 3048826200 202030664 33 5675623 234510325
======================
   8      33 sdc1 2945450 907166 983232732 32646462 272956 3467425 3048826200 202030664 33 5680625 234675151
======================
   8      33 sdc1 2951078 912453 986027228 32811301 272956 3467425 3048826200 202030664 33 5685628 234840008
======================
   8      33 sdc1 2956785 917658 988820956 32978457 272956 3467425 3048826200 202030664 35 5690630 235007178
======================
   8      33 sdc1 2962751 922603 991614172 33153229 272956 3467425 3048826200 202030664 35 5695632 235181969
======================
   8      33 sdc1 2968718 927545 994406876 33328025 272956 3467425 3048826200 202030664 35 5700633 235356723
======================
   8      33 sdc1 2974684 932490 997200092 33502798 272956 3467425 3048826200 202030664 35 5705635 235531517
======================
   8      33 sdc1 2980652 937433 999993308 33677647 272956 3467425 3048826200 202030664 35 5710638 235706358
======================
   8      33 sdc1 2986619 942379 1002787036 33852446 272956 3467425 3048826200 202030664 35 5715640 235881148
======================
   8      33 sdc1 2992587 947322 1005580252 34027274 272956 3467425 3048826200 202030664 35 5720643 236055970
