======================
   8      33 sdc1 196191350 1762247 11235035564 344131891 272907793 469976678 142838596016 464564470 0 133025545 810032255
======================
   8      33 sdc1 196191366 1762247 11235035692 344135179 272907917 469978547 142840769456 464619670 23 133029726 810096076
======================
   8      33 sdc1 196191376 1762247 11235035772 344139044 272908112 469982329 142843156616 464685664 19 133034296 810166150
======================
   8      33 sdc1 196191386 1762247 11235035852 344143848 272908260 469984259 142845750784 464769411 20 133039298 810254141
======================
   8      33 sdc1 196191396 1762247 11235035932 344147360 272908429 469986976 142848227144 464845741 13 133044147 810334578
======================
   8      33 sdc1 196191406 1762247 11235036012 344151911 272908573 469988714 142850710168 464909330 6 133049118 810399314
======================
   8      33 sdc1 196191415 1762247 11235036084 344156102 272908712 469990462 142853042200 464960826 7 133053750 810455359
======================
   8      33 sdc1 196191426 1762247 11235036172 344160613 272908851 469992402 142855379856 465001103 23 133058374 810501041
======================
   8      33 sdc1 196191435 1762247 11235036244 344165256 272908999 469994153 142857954952 465050034 11 133063374 810553368
======================
   8      33 sdc1 196191445 1762247 11235036324 344169192 272909135 469995890 142860246152 465096927 13 133067903 810603401
======================
   8      33 sdc1 196191455 1762247 11235036404 344173518 272909272 469997637 142862586496 465142321 16 133072511 810652766
======================
   8      33 sdc1 196191465 1762247 11235036484 344178046 272909434 469999454 142865186568 465203466 2 133077514 810718214
======================
   8      33 sdc1 196191475 1762247 11235036564 344181811 272909717 470009600 142867551704 465279418 23 133082157 810797335
======================
   8      33 sdc1 196191486 1762247 11235036652 344185726 272910000 470011432 142870143184 465374676 30 133087157 810899461
======================
   8      33 sdc1 196191496 1762247 11235036732 344189745 272910285 470013243 142872770144 465477420 32 133092158 811007880
======================
   8      33 sdc1 196191506 1762247 11235036812 344193994 272910564 470014783 142875270592 465578516 0 133097019 811108392
======================
   8      33 sdc1 196191517 1762247 11235036900 344198468 272910849 470016679 142877876832 465690107 16 133101991 811228337
======================
   8      33 sdc1 196191527 1762247 11235036980 344202730 272911134 470018482 142880411104 465776504 24 133106868 811319525
======================
   8      33 sdc1 196191537 1762247 11235037060 344206656 272911406 470020106 142882849504 465860924 16 133111570 811410815
======================
   8      33 sdc1 196191546 1762247 11235037132 344210905 272911674 470021803 142885258672 465958424 13 133116179 811511525
======================
   8      33 sdc1 196191557 1762247 11235037220 344215190 272911953 470023620 142887868144 466057852 13 133121181 811613017
======================
   8      33 sdc1 196191568 1762247 11235037308 344219843 272912248 470025421 142890499120 466139662 13 133126183 811699773
======================
   8      33 sdc1 196191578 1762247 11235037388 344224196 272912526 470027230 142893021040 466227829 22 133131010 811790293
======================
   8      33 sdc1 196191589 1762247 11235037476 344227821 272913202 470028645 142895645304 466491405 28 133136013 812063212
======================
   8      33 sdc1 196191600 1762247 11235037564 344231944 272913526 470030405 142898219064 466591612 27 133140888 812167076
======================
   8      33 sdc1 196191610 1762247 11235037644 344236175 272913838 470032179 142900772408 466677906 37 133145752 812259288
======================
   8      33 sdc1 196191620 1762247 11235037724 344240545 272914155 470033841 142903263512 466774923 22 133150483 812354143
======================
   8      33 sdc1 196191632 1762247 11235037820 344245019 272914489 470035776 142905920536 466876487 47 133155484 812465394
======================
   8      33 sdc1 196191641 1762247 11235037892 344249174 272914820 470037374 142908551768 466973251 16 133160487 812561881
======================
   8      33 sdc1 196191652 1762247 11235037980 344253463 272915137 470039141 142911092760 467059086 28 133165341 812650582
======================
   8      33 sdc1 196191663 1762247 11235038068 344257780 272915461 470040821 142913673496 467156970 15 133170203 812750676
======================
   8      33 sdc1 196191672 1762247 11235038140 344261623 272915773 470042495 142916241496 467265754 6 133175059 812865736
======================
   8      33 sdc1 196191683 1762247 11235038228 344266249 272916073 470044131 142918691448 467346959 0 133179671 812949044
======================
   8      33 sdc1 196191694 1762247 11235038316 344270891 272916402 470046036 142921313008 467441038 27 133184655 813050422
======================
   8      33 sdc1 196191706 1762247 11235038412 344274706 272917004 470047763 142923875952 467689060 101 133189498 813345726
======================
   8      33 sdc1 196191715 1762247 11235038484 344278216 272917394 470049280 142926513920 467898535 32 133194500 813515325
======================
   8      33 sdc1 196191726 1762247 11235038572 344282293 272917750 470051011 142929151864 468019670 27 133199503 813644225
======================
   8      33 sdc1 196191735 1762247 11235038644 344286200 272918101 470052569 142931667080 468114078 8 133204264 813739631
======================
   8      33 sdc1 196191746 1762247 11235038732 344290843 272918441 470054206 142934175592 468206441 0 133209042 813833105
======================
   8      33 sdc1 196191757 1762247 11235038820 344295319 272918782 470056061 142936768144 468300130 28 133213936 813934876
======================
   8      33 sdc1 196191766 1762247 11235038892 344299114 272919122 470057686 142939205976 468410401 16 133218547 814052413
======================
   8      33 sdc1 196191777 1762247 11235038980 344303423 272919476 470059433 142941856280 468519988 11 133223549 814163231
======================
   8      33 sdc1 196191787 1762247 11235039060 344307790 272919811 470061185 142944413664 468606833 21 133228378 814254904
======================
   8      33 sdc1 196191798 1762247 11235039148 344311773 272920162 470062928 142947021536 468723918 23 133233338 814379468
======================
   8      33 sdc1 196191809 1762247 11235039236 344316430 272920503 470064566 142949627008 468854110 0 133238255 814506339
======================
   8      33 sdc1 196191819 1762247 11235039316 344320811 272920860 470066418 142952227872 468985591 27 133243170 814647671
======================
   8      33 sdc1 196191831 1762247 11235039412 344323917 272921498 470068094 142954752984 469347652 80 133247933 815029533
======================
   8      33 sdc1 196191841 1762247 11235039492 344328225 272921874 470069647 142957405960 469556570 37 133252935 815222847
======================
   8      33 sdc1 196191850 1762247 11235039564 344331866 272922225 470071210 142959955016 469654417 11 133257748 815327636
======================
   8      33 sdc1 196191861 1762247 11235039652 344336386 272922573 470072976 142962418440 469747016 33 133262435 815421628
======================
   8      33 sdc1 196191869 1762247 11235039716 344339710 272922860 470074184 142964435640 469817443 0 133266249 815492928
started
======================
   8      33 sdc1 196192026 1762247 11235040966 344340045 272922870 470074185 142964435728 469817469 0 133266311 815493289
======================
   8      33 sdc1 196192026 1762247 11235040966 344340045 272929989 470074192 142966321016 470319682 148 133269899 816001528
======================
   8      33 sdc1 196192026 1762247 11235040966 344340045 272939771 470074203 142968978816 471036267 159 133274900 816719161
======================
   8      33 sdc1 196192026 1762247 11235040966 344340045 272949262 470074214 142971610776 471757156 142 133279902 817439447
======================
   8      33 sdc1 196192026 1762247 11235040966 344340045 272958775 470074216 142974198376 472458842 129 133284823 818140802
======================
   8      33 sdc1 196192026 1762247 11235040966 344340045 272968365 470074218 142976838272 473179301 141 133289825 818861157
======================
   8      33 sdc1 196192026 1762247 11235040966 344340045 272977759 470074219 142979378584 473870971 135 133294687 819552604
======================
   8      33 sdc1 196192026 1762247 11235040966 344340045 272985546 470074227 142981467080 474444241 0 133298681 820120009
======================
   8      33 sdc1 196192026 1762247 11235040966 344340045 272992672 470074235 142983375656 474958929 140 133302316 820640283
======================
   8      33 sdc1 196192026 1762247 11235040966 344340045 273002030 470074243 142985890784 475639897 139 133307099 821321029
======================
   8      33 sdc1 196192026 1762247 11235040966 344340045 273008991 470074243 142987779064 476154293 155 133310721 821835597
======================
   8      33 sdc1 196192026 1762247 11235040966 344340045 273018735 470074244 142990363664 476873774 141 133315723 822554709
======================
   8      33 sdc1 196192026 1762247 11235040966 344340045 273024271 470074249 142991820440 477266325 139 133318507 822947192
======================
   8      33 sdc1 196192026 1762247 11235040966 344340045 273032371 470074258 142993976384 477857581 0 133322632 823533307
======================
   8      33 sdc1 196192026 1762247 11235040966 344340045 273041139 470074263 142996316992 478499370 130 133327157 824184197
======================
   8      33 sdc1 196192026 1762247 11235040966 344340045 273044349 470074264 142997147400 478729225 133 133328780 824409988
======================
   8      33 sdc1 196192026 1762247 11235040966 344340045 273054191 470074265 142999759648 479434546 154 133333745 825115480
======================
   8      33 sdc1 196192026 1762247 11235040966 344340045 273063609 470074267 143002333496 480135312 0 133338640 825811016
======================
   8      33 sdc1 196192026 1762247 11235040966 344340045 273073119 470074277 143004911824 480829175 156 133343529 826512528
======================
   8      33 sdc1 196192026 1762247 11235040966 344340045 273080082 470074285 143006767848 481339144 132 133347121 827021996
======================
   8      33 sdc1 196192026 1762247 11235040966 344340045 273087011 470074292 143008575872 481836891 0 133350579 827512571
======================
   8      33 sdc1 196192026 1762247 11235040966 344340045 273094410 470074300 143010541032 482369141 154 133354337 828051730
======================
   8      33 sdc1 196192026 1762247 11235040966 344340045 273101772 470074308 143012511000 482903228 158 133358093 828584300
======================
   8      33 sdc1 196192026 1762247 11235040966 344340045 273111500 470074319 143015150472 483618666 159 133363095 829301477
======================
   8      33 sdc1 196192026 1762247 11235040966 344340045 273120929 470074328 143017688736 484304633 133 133367916 829987024
======================
   8      33 sdc1 196192026 1762247 11235040966 344340045 273130696 470074339 143020326400 485022104 79 133372920 830702926
======================
   8      33 sdc1 196192026 1762247 11235040966 344340045 273139972 470074349 143022822680 485692176 151 133377647 831373864
======================
   8      33 sdc1 196192026 1762247 11235040966 344340045 273149100 470074359 143025284504 486356743 140 133382324 832038205
======================
   8      33 sdc1 196192026 1762247 11235040966 344340045 273156108 470074366 143027169200 486875622 144 133385978 832556974
======================
   8      33 sdc1 196192026 1762247 11235040966 344340045 273165994 470074377 143029783064 487595231 148 133390982 833276273
======================
   8      33 sdc1 196192026 1762247 11235040966 344340045 273170022 470074380 143030841392 487885104 133 133393061 833566111
======================
   8      33 sdc1 196192026 1762247 11235040966 344340045 273178410 470074389 143033062000 488497229 0 133397319 834172957
======================
   8      33 sdc1 196192026 1762247 11235040966 344340045 273186373 470074398 143035223040 489076057 135 133401408 834757232
======================
   8      33 sdc1 196192026 1762247 11235040966 344340045 273195644 470074406 143037717408 489751701 157 133406159 835432826
======================
   8      33 sdc1 196192026 1762247 11235040966 344340045 273204295 470074408 143040058040 490392521 0 133410622 836068229
======================
   8      33 sdc1 196192026 1762247 11235040966 344340045 273214164 470074419 143042677256 491101044 149 133415617 836785979
======================
   8      33 sdc1 196192026 1762247 11235040966 344340045 273217833 470074422 143043644728 491367933 151 133417495 837048658
======================
   8      33 sdc1 196192026 1762247 11235040966 344340045 273227702 470074433 143046266192 492082386 7 133422497 837762523
======================
   8      33 sdc1 196192026 1762247 11235040966 344340045 273234070 470074440 143047995840 492547863 139 133425776 838229091
======================
   8      33 sdc1 196192026 1762247 11235040966 344340045 273243731 470074451 143050628824 493264177 144 133430778 838945137
======================
   8      33 sdc1 196192026 1762247 11235040966 344340045 273253310 470074462 143053260760 493979286 134 133435780 839663616
======================
   8      33 sdc1 196192026 1762247 11235040966 344340045 273262380 470074471 143055722040 494648700 138 133440487 840332412
======================
   8      33 sdc1 196192026 1762247 11235040966 344340045 273268909 470074478 143057461192 495127904 151 133443853 840808681
======================
   8      33 sdc1 196192026 1762247 11235040966 344340045 273278178 470074488 143059942744 495798721 156 133448578 841479715
======================
   8      33 sdc1 196192026 1762247 11235040966 344340045 273287899 470074499 143062583560 496515132 133 133453579 842196014
======================
   8      33 sdc1 196192026 1762247 11235040966 344340045 273297533 470074503 143065213864 497230267 132 133458581 842913542
======================
   8      33 sdc1 196192026 1762247 11235040966 344340045 273306741 470074508 143067713760 497909094 131 133463350 843591882
======================
   8      33 sdc1 196192026 1762247 11235040966 344340045 273313321 470074514 143069469560 498392064 136 133466744 844072743
======================
   8      33 sdc1 196192026 1762247 11235040966 344340045 273323139 470074526 143072109432 499107175 143 133471746 844790078
======================
   8      33 sdc1 196192026 1762247 11235040966 344340045 273332673 470074536 143074694768 499805617 157 133476666 845488157
======================
   8      33 sdc1 196192026 1762247 11235040966 344340045 273342354 470074546 143077307448 500519491 0 133481647 846195079
======================
   8      33 sdc1 196192026 1762247 11235040966 344340045 273351999 470074557 143079915728 501219725 150 133486580 846901759
======================
   8      33 sdc1 196192026 1762247 11235040966 344340045 273361386 470074566 143082450304 501905717 133 133491407 847587313
======================
   8      33 sdc1 196192026 1762247 11235040966 344340045 273368465 470074574 143084347424 502428056 154 133495089 848109554
======================
   8      33 sdc1 196192026 1762247 11235040966 344340045 273378081 470074584 143086883992 503125693 0 133499949 848801251
