26.598
30.898
31.198
33.698
34.497
26.798
34.798
28.198
34.597
32.097
30.797
31.198
34.597
30.698
29.798
32.797
31.398
28.898
33.298
29.398
37.497
26.498
30.098
36.097
30.098
33.098
32.997
32.498
29.698
34.197
28.098
35.897
31.398
31.597
34.197
32.198
28.498
34.597
30.798
28.698
35.997
28.098
34.897
31.198
30.898
32.297
34.997
25.798
34.698
32.798
28.198
34.797
31.097
31.898
28.798
34.398
31.798
30.798
31.697
30.498
29.398
28.398
36.397
30.398
31.998
27.398
29.898
28.798
32.197
33.697
26.698
31.698
30.998
30.998
30.998
29.698
30.598
27.898
31.997
29.298
25.998
30.298
28.098
30.098
25.498
29.698
29.498
31.397
28.898
29.098
32.997
30.098
24.698
31.098
34.797
25.598
33.897
31.298
28.098
30.398
29.898
30.798
25.398
31.397
30.398
26.998
29.998
31.398
26.998
30.698
30.098
26.998
34.197
26.698
29.098
30.498
30.298
29.198
31.798
29.098
31.798
30.897
29.798
27.998
31.698
30.298
27.198
29.898
29.298
31.098
30.198
27.398
30.598
30.698
27.598
26.598
29.198
29.698
30.098
28.898
25.098
33.298
27.798
30.198
28.898
26.698
30.198
31.297
27.698
30.398
31.097
26.698
31.998
29.098
25.898
34.597
25.898
33.897
27.298
32.598
27.098
30.898
31.298
28.998
30.398
26.598
28.498
32.497
28.998
31.897
23.698
29.998
32.597
28.398
28.998
31.098
29.398
26.598
30.498
29.598
28.598
28.598
30.498
29.398
31.498
28.598
26.598
28.398
30.698
32.598
29.198
25.598
31.498
31.498
28.798
29.698
30.198
28.798
26.298
29.198
34.697
28.598
30.198
30.298
30.498
29.798
25.398
31.697
26.798
33.897
26.098
24.798
34.297
30.198
24.498
31.798
26.598
29.298
28.698
29.898
27.998
32.198
25.898
29.598
29.498
28.198
32.398
28.398
27.398
31.998
28.098
29.798
29.198
27.998
29.698
30.498
25.298
32.697
25.298
28.898
29.198
28.098
29.598
28.798
35.097
25.398
25.198
34.597
29.098
25.998
34.298
28.798
30.598
29.698
30.298
29.798
26.298
28.598
25.298
29.898
30.598
29.898
29.098
25.198
29.198
29.298
27.798
31.098
30.598
28.698
24.198
34.697
29.098
25.898
29.498
30.898
29.898
24.298
30.698
30.798
30.198
30.198
27.598
31.098
30.098
25.098
30.198
33.498
25.998
30.398
28.498
31.298
26.598
31.098
28.898
29.798
28.098
31.098
29.898
28.498
27.898
27.398
33.198
25.398
30.898
29.398
28.698
31.598
23.398
28.898
30.798
28.498
28.798
28.998
28.898
29.098
27.398
25.598
35.497
24.998
29.498
30.998
29.298
29.498
27.198
29.598
30.798
30.398
27.198
29.498
28.298
31.698
29.298
24.698
30.998
28.198
26.598
29.998
31.098
30.797
28.798
32.098
30.198
23.798
29.598
34.098
26.498
32.098
27.598
29.698
24.898
30.698
27.298
26.098
25.098
30.698
26.898
29.898
29.698
30.298
29.798
28.998
28.498
30.098
26.398
29.098
27.898
30.298
27.398
27.798
31.198
28.098
28.298
29.798
31.397
28.898
28.698
29.198
23.298
28.498
34.097
26.398
30.498
30.498
31.298
28.298
29.898
25.498
29.898
29.398
33.897
26.798
29.898
28.297
28.798
30.398
27.298
30.298
32.198
29.298
30.698
26.598
30.398
26.798
32.398
25.998
30.098
32.598
25.098
31.298
30.398
25.598
33.398
25.498
35.297
26.798
28.098
24.998
32.698
27.498
30.098
33.697
25.598
29.698
28.498
31.798
28.598
25.898
30.098
29.198
26.498
29.698
26.798
25.598
28.898
30.798
26.698
32.898
32.397
27.498
26.998
32.797
27.498
30.498
30.298
28.798
28.798
30.098
25.298
33.998
27.498
29.998
30.098
28.098
26.198
30.798
29.798
26.198
30.698
28.698
24.598
35.797
29.098
28.898
31.397
25.598
29.798
26.898
29.798
29.498
25.098
31.198
30.298
27.798
28.998
28.398
28.498
30.498
28.898
29.798
31.597
29.498
25.498
30.998
28.498
27.098
29.798
28.498
31.498
24.898
29.798
25.198
30.298
28.698
30.398
29.198
26.498
30.198
31.597
32.797
27.598
26.998
28.598
32.497
30.198
26.898
26.898
30.998
32.797
25.698
31.398
30.998
24.598
32.498
29.098
28.198
30.298
28.698
29.498
30.798
28.198
29.997
24.898
30.098
29.498
29.998
28.798
25.298
29.098
30.498
29.298
23.798
30.498
22.998
26.398
36.197
26.698
27.898
30.498
30.698
27.298
23.798
33.097
27.298
29.198
26.198
27.298
30.098
31.398
24.898
29.997
31.098
24.098
31.997
30.598
29.998
28.598
24.898
30.498
28.298
32.697
27.998
28.998
31.298
27.798
29.598
29.598
31.298
26.998
29.698
30.498
26.198
24.098
35.297
25.498
30.698
30.798
27.598
23.998
35.497
27.898
31.998
28.098
26.898
31.098
27.798
31.798
26.698
30.998
27.198
26.798
28.398
27.798
29.798
33.197
28.698
29.598
30.798
25.698
30.298
30.298
30.498
28.398
28.798
32.798
29.798
25.998
31.098
29.598
26.798
33.097
28.798
31.197
25.898
28.998
28.898
30.098
27.498
29.898
28.398
24.598
31.498
27.598
30.398
25.698
29.298
30.698
28.198
28.298
30.598
30.798
24.698
32.297
29.298
29.698
31.998
26.298
27.098
30.298
30.198
25.898
29.798
29.598
30.998
29.598
24.998
30.198
29.598
24.898
31.998
28.298
31.498
27.298
26.498
30.298
24.998
28.998
26.398
30.098
28.198
28.198
24.598
28.798
31.198
23.598
28.998
33.497
29.198
27.498
25.498
31.598
29.498
28.498
30.098
26.898
32.098
27.498
30.898
28.998
33.897
25.798
31.897
28.598
26.698
31.198
31.998
23.898
30.898
26.598
28.198
30.298
25.398
25.998
28.098
27.098
26.798
32.598
25.398
31.898
29.098
26.398
29.298
27.898
29.498
26.798
30.898
30.398
28.398
29.398
28.498
27.398
31.498
27.498
29.598
24.598
31.598
30.997
27.898
32.598
27.898
27.098
28.398
28.198
32.398
28.498
24.998
32.198
27.198
25.298
27.698
29.998
26.198
32.298
28.898
30.098
26.598
35.297
24.498
31.998
29.098
28.198
29.798
28.098
27.198
27.098
30.498
28.898
30.598
27.798
28.998
27.098
30.798
25.898
32.198
25.698
29.898
26.898
30.298
30.198
27.598
29.498
32.798
27.798
29.598
29.498
29.998
25.398
31.198
28.098
29.098
32.697
26.298
30.298
28.298
28.998
29.598
31.498
25.698
31.298
25.198
30.198
24.498
31.897
28.198
26.898
26.698
28.798
28.398
27.298
30.498
24.498
30.997
27.698
28.898
29.398
31.698
30.398
26.998
29.298
29.598
29.098
29.398
29.598
28.398
27.798
28.298
30.398
25.398
28.098
27.798
31.198
28.098
30.898
27.598
29.998
31.798
30.298
26.298
29.998
25.398
31.698
30.698
27.598
28.998
29.898
27.598
26.598
27.798
28.598
31.698
23.098
31.698
24.998
28.998
26.398
29.798
26.998
29.698
25.298
27.298
30.198
30.098
28.098
26.798
26.498
31.598
29.498
26.198
31.398
28.798
29.198
26.598
28.598
33.397
24.598
31.398
29.098
28.598
26.498
29.798
30.998
25.198
31.598
27.698
26.398
30.798
29.498
24.998
28.398
31.298
26.698
29.898
29.498
24.598
33.898
28.198
30.098
24.898
27.298
32.298
25.698
27.398
29.298
28.998
29.898
25.498
29.498
29.698
30.198
26.198
29.998
31.598
24.598
27.998
27.798
29.198
29.498
26.098
25.698
29.498
25.598
30.498
28.998
27.198
29.698
29.398
27.298
28.198
32.097
28.298
30.998
26.998
29.698
27.298
30.997
24.598
25.198
29.998
29.298
26.998
28.198
26.598
28.998
31.298
24.198
29.498
25.198
32.997
26.698
28.098
28.898
30.498
29.498
27.598
25.498
30.898
29.098
30.998
27.398
25.698
30.498
32.398
25.798
29.598
29.398
28.498
28.798
27.698
26.298
29.798
27.098
31.298
30.098
26.898
28.798
29.598
25.598
33.497
26.698
26.698
28.798
27.098
31.598
25.998
30.398
29.598
25.698
29.598
31.698
24.098
27.098
31.897
28.398
30.498
26.698
26.498
27.298
30.598
30.898
25.898
28.798
27.998
27.098
32.198
26.398
29.198
26.898
31.598
26.198
32.198
26.598
27.198
25.398
30.398
29.298
26.798
30.398
27.398
27.198
29.598
26.698
30.398
26.098
27.198
30.198
26.098
30.798
26.798
27.698
31.097
25.898
26.498
30.898
28.598
29.998
28.998
29.098
27.998
29.298
29.798
27.198
34.098
27.598
26.798
26.898
31.298
24.098
30.398
29.398
30.098
27.298
25.798
30.998
29.098
29.898
27.298
28.798
26.698
30.098
29.398
25.498
31.298
27.098
32.198
27.098
30.198
28.398
28.098
26.898
27.398
26.898
31.198
25.898
24.898
33.797
25.498
31.498
27.898
31.698
26.598
27.198
30.698
27.798
31.198
24.898
32.198
24.898
30.298
30.898
26.398
29.598
26.198
31.298
27.398
25.598
30.798
27.498
23.698
33.298
26.698
27.398
31.798
28.898
27.798
27.298
31.098
25.398
30.097
27.298
26.098
31.898
27.098
27.698
31.097
25.898
31.198
28.898
26.498
30.998
26.998
28.098
29.798
30.298
23.398
27.498
32.798
26.198
26.398
24.698
30.398
30.198
28.098
29.798
27.898
28.698
28.998
30.098
25.598
30.298
27.998
30.698
26.398
28.998
30.198
29.398
29.698
28.998
27.798
26.398
30.498
29.098
27.498
28.398
23.698
31.498
26.398
24.698
28.198
31.798
22.698
30.398
26.498
30.198
29.898
26.298
28.198
28.898
28.098
24.998
28.898
30.198
26.998
29.098
30.598
29.798
28.698
33.098
26.698
29.198
30.298
28.498
29.498
25.598
30.298
26.498
28.598
25.598
29.098
26.298
29.798
26.398
33.498
29.698
26.298
33.198
24.998
27.498
28.498
26.698
28.498
30.098
29.198
28.998
29.198
29.298
28.498
29.298
28.598
30.698
28.198
28.398
27.898
29.098
26.698
30.898
29.098
26.298
31.198
27.098
28.598
26.698
28.698
28.298
32.697
26.398
26.198
29.498
27.498
31.797
25.698
29.998
28.198
27.198
28.598
28.798
26.698
24.098
30.898
29.998
26.398
29.898
25.398
27.298
29.298
29.298
28.198
29.298
25.798
27.698
30.798
30.098
24.798
28.498
26.398
32.298
27.298
26.898
29.698
26.098
26.498
29.498
27.998
28.398
28.798
25.498
29.698
29.298
27.198
29.298
25.998
29.698
28.198
29.898
25.998
33.198
25.598
30.798
30.398
27.198
28.498
26.598
31.498
28.198
26.698
27.598
27.198
25.498
31.297
27.398
32.098
26.798
31.198
26.798
25.098
29.598
26.398
30.898
30.398
23.998
32.298
26.298
29.898
30.198
29.898
26.998
26.398
28.198
30.198
27.098
31.098
24.898
31.897
27.298
27.498
29.498
26.198
29.397
25.798
27.898
26.698
28.098
26.098
30.998
26.498
30.797
29.898
25.198
25.298
31.698
26.998
31.298
25.198
28.198
27.298
30.498
27.398
29.498
27.498
29.598
24.698
29.398
30.798
24.998
32.798
26.498
28.198
25.598
31.098
25.698
26.998
31.198
24.798
24.798
32.097
24.298
26.898
26.998
31.098
26.998
25.898
31.298
26.998
28.798
28.698
28.698
27.798
23.998
34.097
25.698
26.398
27.398
29.798
29.398
25.298
25.098
32.898
26.298
29.698
30.998
27.798
25.998
28.598
26.598
29.598
26.998
29.998
28.598
27.498
31.598
25.198
30.498
29.998
28.398
27.998
28.098
31.998
26.198
27.498
29.698
29.498
27.698
24.398
31.098
27.498
29.698
24.898
27.698
29.398
24.098
29.498
24.998
27.798
26.098
25.298
27.498
24.898
31.598
30.098
25.898
28.998
28.298
33.697
24.398
27.598
31.798
28.998
26.198
32.698
27.198
27.198
32.597
23.898
28.198
28.698
26.198
25.598
29.898
27.698
28.298
28.798
26.298
28.198
27.598
30.998
25.598
26.498
33.597
25.898
29.998
27.198
27.198
25.898
25.698
32.198
23.398
27.998
30.297
26.498
31.498
25.998
26.398
26.498
28.098
29.598
27.898
29.898
27.698
28.898
25.798
28.998
23.998
30.098
28.098
28.298
25.198
28.398
25.798
29.298
25.098
28.398
25.998
28.498
26.798
28.398
29.798
26.998
29.998
24.198
28.098
29.698
24.198
33.398
27.998
26.098
29.198
30.398
28.498
29.698
25.498
29.998
29.398
26.798
27.698
29.998
27.498
29.198
29.298
28.198
29.098
25.598
27.598
33.598
27.598
27.798
26.598
26.498
25.698
28.998
25.698
30.998
25.998
25.398
34.398
25.998
30.598
26.498
28.698
29.098
26.098
28.898
29.798
24.798
31.098
27.498
26.398
30.298
30.298
28.398
27.398
28.498
25.698
28.998
27.198
29.198
32.198
23.998
32.698
28.298
24.298
26.698
30.198
25.598
28.998
24.598
34.697
23.098
27.798
28.798
26.698
29.698
25.398
30.298
28.198
24.698
29.798
27.098
31.398
26.398
26.398
28.598
28.398
26.998
27.598
28.398
29.498
23.098
29.498
27.198
28.498
28.398
26.898
30.198
27.798
25.598
30.898
25.798
31.698
27.398
25.698
26.698
31.498
24.998
28.398
27.398
29.698
28.598
28.098
28.198
26.398
28.498
26.798
24.798
32.697
26.298
27.998
25.898
29.398
30.198
26.998
25.998
30.598
27.998
24.298
30.598
28.298
27.798
27.298
27.598
31.498
24.298
32.298
28.698
26.598
27.598
28.398
31.298
25.198
25.698
31.998
28.498
24.898
29.898
28.898
27.798
30.198
29.698
24.298
29.998
25.898
28.898
27.498
30.098
24.298
26.998
27.598
27.398
28.498
23.398
29.898
28.798
27.398
29.898
25.998
31.498
26.898
28.298
25.298
29.898
28.698
26.598
28.598
29.098
29.398
27.598
26.798
31.098
26.598
27.098
28.698
27.998
27.398
29.298
25.498
30.798
25.998
29.298
28.998
26.298
28.798
29.398
29.098
30.598
26.098
25.998
28.398
29.298
30.698
27.198
23.598
31.198
28.398
28.798
24.198
31.998
29.198
25.598
27.198
30.998
28.598
26.398
31.398
25.198
34.197
26.498
29.798
25.598
25.798
30.998
26.398
27.798
28.798
30.098
24.298
29.098
30.098
25.998
27.898
32.398
26.498
29.498
28.898
25.098
32.397
24.198
29.198
25.198
28.798
28.498
28.098
28.198
28.698
25.698
26.798
29.598
24.298
30.398
28.198
25.098
29.598
27.798
29.898
27.898
26.598
28.098
29.698
28.098
28.098
28.098
26.898
29.098
29.498
29.298
30.998
26.598
26.298
32.998
27.298
28.098
30.198
26.298
32.397
27.998
24.598
29.798
24.698
33.398
26.698
26.198
27.798
30.298
25.998
26.898
29.198
24.398
27.798
25.598
26.298
29.598
27.998
26.998
27.298
24.898
25.998
30.798
26.798
29.698
24.798
29.498
32.997
26.598
26.698
29.998
24.898
31.498
27.798
28.898
24.998
29.298
27.198
29.598
25.598
27.398
25.498
26.298
28.098
29.898
25.098
30.798
28.698
31.198
28.098
24.798
28.998
31.198
27.998
26.798
26.498
32.398
26.298
28.698
31.298
27.198
29.098
27.798
26.598
29.598
25.598
27.998
25.398
31.397
26.298
30.698
25.698
26.598
29.898
26.898
30.298
26.298
26.398
30.898
26.198
29.198
27.298
25.998
25.598
29.998
27.398
26.698
29.098
26.398
25.198
28.698
24.498
26.298
31.798
28.398
24.198
30.498
26.398
30.698
27.298
24.098
30.798
28.498
26.498
27.798
28.298
26.398
28.698
27.398
30.298
25.698
25.598
28.398
25.098
30.598
28.898
25.398
29.498
25.898
28.798
26.498
27.598
28.598
29.498
26.298
29.998
27.298
29.998
29.598
26.898
29.398
27.998
26.298
27.398
31.198
24.098
26.298
31.498
30.298
25.698
27.698
27.398
26.098
27.998
26.998
26.298
26.598
26.298
27.798
29.298
24.898
27.098
29.798
30.998
25.298
30.798
23.998
30.998
28.598
25.798
31.598
26.098
28.398
27.898
31.198
23.298
29.998
29.998
26.698
30.998
28.098
24.598
26.498
29.298
30.698
24.898
26.698
30.398
27.398
28.198
25.898
33.197
25.898
27.498
26.798
29.398
26.998
25.498
30.998
26.898
30.898
24.898
26.998
30.198
25.198
29.698
28.398
26.598
26.098
32.797
26.498
28.398
32.298
23.398
30.498
29.298
26.598
28.198
27.798
28.798
29.398
27.198
24.998
30.298
28.498
25.398
29.898
27.898
27.598
26.198
29.098
26.098
26.698
31.097
30.298
26.298
27.098
30.397
27.198
29.798
29.098
25.698
30.598
24.898
32.797
26.598
26.498
26.898
30.498
24.598
26.198
28.898
27.098
25.498
26.798
28.898
26.398
26.298
28.198
27.198
25.498
32.697
29.398
25.098
29.398
27.598
26.598
28.898
25.398
30.898
25.798
27.998
27.298
28.598
27.698
26.298
28.198
33.798
26.398
24.998
31.098
24.598
30.498
27.498
27.598
24.998
28.498
28.798
31.397
25.398
24.198
28.898
32.498
26.398
30.198
25.798
27.198
30.098
25.698
30.398
29.898
28.298
25.498
31.398
29.098
26.198
26.298
28.198
27.198
29.898
27.198
25.498
28.798
27.798
26.098
30.098
25.298
30.898
24.698
26.798
34.798
24.398
27.298
26.198
26.698
29.598
25.798
24.698
31.398
24.898
30.198
30.298
27.198
28.798
28.398
25.898
29.298
26.798
24.998
29.298
26.198
28.398
29.797
28.398
25.398
26.498
32.997
23.998
27.398
25.198
29.398
27.398
29.998
26.498
28.898
26.898
29.998
23.898
32.098
27.298
27.998
29.398
24.798
30.298
27.498
27.998
26.698
26.498
29.498
27.498
24.998
32.098
26.298
25.198
33.498
25.598
28.298
29.098
27.098
27.598
28.198
26.198
27.698
26.898
26.098
29.998
30.698
24.498
29.098
30.598
26.498
27.898
26.498
34.098
24.198
28.698
31.197
30.198
27.198
27.298
27.798
28.898
29.398
28.898
30.398
26.498
28.398
24.098
32.098
25.998
29.898
27.898
27.698
27.998
26.398
28.698
28.398
27.098
27.098
27.098
29.298
26.398
24.998
30.698
27.898
25.698
26.898
31.298
25.398
29.498
29.498
28.698
25.698
30.898
26.598
27.898
30.298
26.798
26.998
29.298
28.798
24.398
26.398
30.698
29.298
25.898
26.998
28.598
25.098
30.398
25.698
30.398
25.098
26.798
26.998
29.998
23.798
27.298
28.298
30.098
27.698
27.998
26.398
28.398
27.698
29.498
24.198
23.798
31.798
25.398
26.198
28.198
27.398
25.798
30.398
25.898
24.198
30.598
28.198
27.098
30.298
26.298
31.198
24.898
25.898
31.898
25.098
28.298
29.998
23.698
29.798
27.198
28.198
30.198
24.798
26.398
25.998
31.997
23.598
29.598
30.498
28.698
24.498
31.697
24.998
27.198
31.098
28.198
26.898
27.198
29.598
23.498
30.198
28.498
25.398
27.698
29.298
27.698
26.698
28.998
26.098
25.598
32.198
24.898
29.298
24.598
28.598
27.798
29.598
25.598
27.798
31.198
26.498
30.198
25.898
26.798
32.098
25.398
27.398
29.498
25.898
28.498
24.098
29.798
29.398
24.398
27.298
26.398
30.198
30.198
26.798
27.498
31.698
26.098
30.098
29.398
26.598
29.898
28.298
26.698
30.198
27.498
29.798
23.998
25.698
30.698
25.598
30.298
26.898
28.798
25.698
26.098
26.798
26.998
29.398
26.998
24.298
29.798
28.398
26.698
28.198
29.898
27.198
31.098
25.498
27.598
25.898
28.298
30.698
26.998
28.798
25.498
26.698
27.798
29.698
26.498
25.398
27.698
25.898
29.598
25.298
31.198
24.498
30.098
29.698
28.498
27.098
28.298
28.598
26.098
30.398
26.198
27.298
26.498
27.098
28.598
29.298
26.998
27.798
30.398
27.198
25.698
28.098
27.698
29.198
25.698
29.898
28.098
25.898
25.598
32.898
26.298
27.398
25.898
27.998
25.498
31.098
25.898
26.498
30.998
25.798
29.598
25.198
31.098
29.998
26.198
30.698
27.898
25.098
24.798
33.997
24.898
28.798
26.098
29.598
27.198
28.198
25.898
27.498
29.898
27.398
27.798
25.098
28.798
31.098
26.598
27.998
29.398
26.398
26.798
29.798
28.798
26.898
26.198
31.398
25.598
29.098
27.598
29.498
24.698
29.298
26.098
26.198
27.498
31.397
26.898
29.098
26.598
25.998
26.098
29.998
27.298
26.798
28.298
25.098
29.298
26.898
23.398
31.198
29.798
29.198
28.298
23.998
29.598
27.398
31.397
26.698
27.098
29.998
24.798
30.497
26.598
30.198
26.098
28.098
27.098
27.898
27.598
27.598
27.298
28.098
26.798
23.098
29.198
26.098
26.298
27.398
24.298
28.898
25.998
28.298
26.998
29.998
26.398
29.498
26.198
30.298
25.498
31.997
24.898
27.998
27.798
28.298
29.498
27.398
27.598
27.098
25.398
30.398
28.398
26.898
28.798
31.098
24.098
29.798
24.698
29.098
30.898
27.398
27.898
26.698
24.398
32.698
23.298
27.398
28.098
26.798
24.798
30.798
27.198
26.998
28.198
24.098
25.298
30.698
29.298
25.198
28.398
28.798
27.498
29.198
28.398
25.998
27.098
29.598
27.198
29.898
28.398
24.298
27.098
27.898
30.298
26.898
30.198
24.498
27.298
26.898
27.498
31.098
24.698
30.397
27.898
25.498
29.698
29.698
25.598
28.198
27.398
27.298
28.298
27.198
29.698
27.998
24.498
26.598
28.098
29.698
24.898
27.298
30.498
25.198
27.498
26.198
26.198
30.098
26.698
27.998
26.498
26.898
23.898
29.398
31.298
26.598
25.698
30.098
29.598
26.398
24.898
27.598
27.598
26.898
25.798
31.098
25.898
30.798
27.698
24.998
27.698
28.998
25.298
27.298
30.398
25.098
25.498
27.898
26.298
29.098
27.798
27.398
27.398
28.498
25.398
33.597
26.098
27.398
25.498
30.598
26.098
28.798
26.798
26.698
29.798
28.698
26.998
29.598
25.398
26.698
26.798
28.598
25.398
26.498
25.398
30.398
25.098
25.098
28.698
27.998
27.698
26.798
26.898
28.998
28.598
27.898
26.298
26.398
28.498
25.798
27.398
26.798
27.898
29.098
26.598
23.498
31.798
24.498
27.498
26.098
29.298
27.798
26.298
25.098
26.698
28.998
28.198
25.998
28.498
24.898
25.298
30.598
27.198
27.098
31.198
25.398
28.098
25.698
30.098
29.798
25.298
25.698
30.998
29.098
25.498
27.298
26.398
27.198
30.098
27.598
26.398
27.398
26.698
22.398
32.697
26.498
25.798
27.798
25.898
25.598
25.498
26.498
26.498
27.298
26.798
24.598
28.498
27.498
28.098
26.498
25.398
27.298
27.298
28.298
30.998
25.198
25.998
27.898
30.198
25.198
26.778
28.498
26.098
25.398
27.798
26.298
29.898
27.698
27.698
27.798
29.298
25.098
32.098
28.298
26.798
24.298
29.498
26.498
28.098
23.698
29.198
26.298
29.198
27.398
28.498
28.098
27.698
28.798
24.798
30.598
24.598
28.998
27.698
27.198
27.798
28.098
28.298
27.298
25.898
28.498
27.898
25.298
23.398
30.898
26.498
28.098
25.698
27.998
30.698
24.598
25.098
28.798
27.098
31.298
29.798
23.798
25.598
28.798
28.798
28.698
26.098
27.098
28.098
26.498
28.398
25.698
29.298
24.698
29.398
22.798
32.097
28.198
24.698
28.098
27.198
27.198
28.098
25.298
25.398
27.398
26.298
27.098
29.798
22.798
30.998
25.398
25.598
31.798
24.598
26.798
31.698
25.898
28.198
25.898
28.198
28.398
26.198
25.898
25.698
28.798
30.098
24.198
28.498
24.998
27.498
26.598
27.398
24.898
27.398
25.698
26.598
27.398
28.498
24.998
29.298
28.198
27.398
26.998
26.898
28.598
24.998
31.798
26.598
24.898
31.598
25.498
25.498
29.398
26.698
24.798
28.398
29.298
27.498
25.298
27.698
29.998
29.298
27.398
25.598
26.098
27.598
28.398
26.398
27.698
26.798
25.498
29.498
26.698
26.398
29.098
25.198
27.498
27.498
24.398
32.198
27.298
27.598
25.698
30.698
25.798
27.398
29.398
23.498
26.298
32.098
25.498
25.698
32.898
29.398
24.098
33.498
24.798
29.898
27.698
24.898
27.198
27.498
27.598
27.598
30.197
28.198
27.098
27.598
29.898
26.598
26.398
28.298
27.098
27.398
29.298
