87433.783
21698.236
20643.488
20492.718
20492.974
20739.647
20684.634
20226.638
20757.105
20616.272
20109.310
20698.452
20876.440
20424.711
20793.751
20919.682
20832.398
20616.230
20903.835
20903.627
20356.082
20780.806
20849.247
20479.208
20602.757
20931.413
20753.184
20451.919
20849.405
20876.300
20602.589
20835.448
20931.246
20534.101
20629.866
20876.561
20375.960
21024.170
20897.823
20835.419
20602.536
20844.351
20825.167
20616.282
20629.987
20447.517
20744.072
20397.013
20821.874
20492.952
20287.451
20602.622
20602.397
20355.854
20492.939
20424.497
20451.845
20465.493
20383.459
20355.919
19767.055
20694.300
20604.705
20040.950
20424.486
20520.321
20383.565
19876.485
20438.250
20547.766
20185.817
20086.100
20506.700
8193.544
