======================
   8      33 sdc1 81070002 969844 4903610974 128594847 86880072 110347509 60359936856 1751513315 0 39599051 1880056732
======================
   8      33 sdc1 81070019 969844 4903611110 128598212 86880284 110349297 60362214232 1751580220 16 39603364 1880131750
======================
   8      33 sdc1 81070030 969844 4903611198 128602629 86880438 110351208 60364855008 1751653850 11 39608364 1880208982
======================
   8      33 sdc1 81070040 969844 4903611278 128606528 86880589 110353182 60367490272 1751705253 12 39613363 1880267574
======================
   8      33 sdc1 81070051 969844 4903611366 128610940 86880730 110355133 60369925992 1751768237 22 39617961 1880331590
======================
   8      33 sdc1 81070061 969844 4903611446 128614633 86880881 110356873 60372542176 1751823453 8 39622900 1880389724
======================
   8      33 sdc1 81070071 969844 4903611526 128618792 86881023 110358818 60374992928 1751870490 17 39627496 1880444493
======================
   8      33 sdc1 81070082 969844 4903611614 128623066 86881169 110360769 60377632480 1751952090 16 39632499 1880530741
======================
   8      33 sdc1 81070092 969844 4903611694 128627167 86881326 110362579 60380090896 1752017916 10 39637155 1880598409
======================
   8      33 sdc1 81070102 969844 4903611774 128631673 86881470 110364534 60382646928 1752071554 14 39641962 1880654681
======================
   8      33 sdc1 81070113 969844 4903611862 128635919 86881621 110366491 60385276560 1752119166 13 39646963 1880705127
======================
   8      33 sdc1 81070124 969844 4903611950 128640281 86881761 110368358 60387638672 1752157775 20 39651542 1880747227
======================
   8      33 sdc1 81070134 969844 4903612030 128644589 86881918 110370383 60390338128 1752229618 23 39656644 1880829702
======================
   8      33 sdc1 81070144 969844 4903612110 128648508 86882213 110371986 60392900888 1752334837 15 39661478 1880938770
======================
   8      33 sdc1 81070155 969844 4903612198 128652665 86882469 110373831 60395551200 1752434855 18 39666480 1881042014
======================
   8      33 sdc1 81070165 969844 4903612278 128656845 86882762 110375704 60398192336 1752558510 16 39671480 1881169902
======================
   8      33 sdc1 81070176 969844 4903612366 128660974 86883045 110377524 60400834576 1752654699 12 39676482 1881268509
======================
   8      33 sdc1 81070187 969844 4903612454 128665355 86883299 110379373 60403469584 1752739744 8 39681483 1881356267
======================
   8      33 sdc1 81070197 969844 4903612534 128669502 86883567 110381204 60406099472 1752831712 11 39686448 1881454026
======================
   8      33 sdc1 81070208 969844 4903612622 128673864 86883861 110382998 60408581648 1752925043 26 39691131 1881551248
======================
   8      33 sdc1 81070219 969844 4903612710 128678273 86884134 110384649 60411031304 1753006518 16 39695767 1881636567
======================
   8      33 sdc1 81070229 969844 4903612790 128682463 86884430 110386686 60413667136 1753106024 40 39700761 1881743877
======================
   8      33 sdc1 81070239 969844 4903612870 128686951 86884711 110388262 60416299456 1753209673 1 39705763 1881845479
======================
   8      33 sdc1 81070250 969844 4903612958 128691244 86884983 110390144 60418840448 1753313812 22 39710546 1881956870
======================
   8      33 sdc1 81070261 969844 4903613046 128695492 86885319 110392010 60421499080 1753414493 122 39715541 1882079752
======================
   8      33 sdc1 81070272 969844 4903613134 128699711 86885717 110393668 60424152328 1753631957 15 39720545 1882285536
======================
   8      33 sdc1 81070281 969844 4903613206 128703832 86886014 110395254 60426585352 1753728735 3 39725142 1882382173
======================
   8      33 sdc1 81070292 969844 4903613294 128708451 86886337 110397075 60429243720 1753832851 5 39730144 1882491158
======================
   8      33 sdc1 81070302 969844 4903613374 128712325 86886654 110398812 60431802696 1753935349 7 39734930 1882600526
======================
   8      33 sdc1 81070312 969844 4903613454 128716804 86886962 110400595 60434360072 1754024272 14 39739747 1882693386
======================
   8      33 sdc1 81070323 969844 4903613542 128721237 86887264 110402380 60436864008 1754101094 29 39744484 1882772613
======================
   8      33 sdc1 81070333 969844 4903613622 128725052 86887599 110404022 60439371376 1754182386 11 39749251 1882859328
======================
   8      33 sdc1 81070344 969844 4903613710 128729582 86887924 110405977 60442025712 1754303680 47 39754254 1882983522
======================
   8      33 sdc1 81070355 969844 4903613798 128734251 86888257 110407716 60444698040 1754417764 24 39759256 1883100738
======================
   8      33 sdc1 81070366 969844 4903613886 128738275 86888578 110409521 60447349432 1754517172 28 39764257 1883210865
======================
   8      33 sdc1 81070375 969844 4903613958 128742406 86888879 110411109 60449777216 1754623608 19 39768820 1883321430
======================
   8      33 sdc1 81070387 969844 4903614054 128746947 86889224 110412922 60452211592 1754750600 151 39773401 1883468189
======================
   8      33 sdc1 81070396 969844 4903614126 128749970 86889635 110414353 60454758232 1754979134 16 39778226 1883679259
======================
   8      33 sdc1 81070406 969844 4903614206 128754438 86889987 110416172 60457429464 1755097192 13 39783229 1883804453
======================
   8      33 sdc1 81070417 969844 4903614294 128758925 86890310 110417927 60459917008 1755182526 31 39787922 1883893064
======================
   8      33 sdc1 81070428 969844 4903614382 128763044 86890654 110419681 60462470360 1755281477 37 39792738 1884001007
======================
   8      33 sdc1 81070438 969844 4903614462 128767277 86890993 110421449 60465113952 1755408684 33 39797717 1884130465
======================
   8      33 sdc1 81070449 969844 4903614550 128771605 86891333 110423213 60467768296 1755540595 29 39802718 1884263008
======================
   8      33 sdc1 81070460 969844 4903614638 128776276 86891678 110424937 60470404656 1755634642 21 39807719 1884361613
======================
   8      33 sdc1 81070470 969844 4903614718 128780358 86892017 110426788 60472992608 1755730351 34 39812594 1884467576
======================
   8      33 sdc1 81070481 969844 4903614806 128784558 86892356 110428557 60475646952 1755852206 28 39817596 1884593172
======================
   8      33 sdc1 81070493 969844 4903614902 128788900 86892705 110430490 60478304240 1755984358 56 39822597 1884741392
======================
   8      33 sdc1 81070502 969844 4903614974 128793202 86893023 110432072 60480726256 1756127572 49 39827180 1884881067
======================
   8      33 sdc1 81070513 969844 4903615062 128797257 86893490 110433754 60483388920 1756306202 55 39832183 1885061162
======================
   8      33 sdc1 81070522 969844 4903615134 128801309 86893828 110435137 60485776336 1756438674 0 39836677 1885188476
started
======================
   8      33 sdc1 81070646 969844 4903616120 128801437 86895593 110435138 60486245672 1756560624 134 39837615 1885315605
======================
   8      33 sdc1 81070646 969844 4903616120 128801437 86905807 110435140 60489016104 1757312380 129 39842876 1886068964
======================
   8      33 sdc1 81070646 969844 4903616120 128801437 86915366 110435142 60491634248 1758020077 130 39847852 1886776659
======================
   8      33 sdc1 81070646 969844 4903616120 128801437 86924892 110435143 60494258296 1758733588 136 39852855 1887488747
======================
   8      33 sdc1 81070646 969844 4903616120 128801437 86934574 110435150 60496896128 1759448164 151 39857858 1888204802
======================
   8      33 sdc1 81070646 969844 4903616120 128801437 86944107 110435159 60499512224 1760154891 150 39862825 1888911097
======================
   8      33 sdc1 81070646 969844 4903616120 128801437 86953604 110435169 60502108112 1760858593 132 39867768 1889613859
======================
   8      33 sdc1 81070646 969844 4903616120 128801437 86963257 110435177 60504744904 1761573356 144 39872770 1890329218
======================
   8      33 sdc1 81070646 969844 4903616120 128801437 86972801 110435178 60507359456 1762280273 142 39877736 1891035903
======================
   8      33 sdc1 81070646 969844 4903616120 128801437 86982151 110435179 60509905168 1762970989 129 39882586 1891726255
======================
   8      33 sdc1 81070646 969844 4903616120 128801437 86991833 110435181 60512545552 1763686222 144 39887589 1892441527
======================
   8      33 sdc1 81070646 969844 4903616120 128801437 87001376 110435183 60515155752 1764391416 132 39892544 1893146620
======================
   8      33 sdc1 81070646 969844 4903616120 128801437 87010782 110435185 60517725528 1765094680 0 39897450 1893844512
======================
   8      33 sdc1 81070646 969844 4903616120 128801437 87020404 110435187 60520357976 1765802352 139 39902441 1894557710
======================
   8      33 sdc1 81070646 969844 4903616120 128801437 87030038 110435189 60522987888 1766514176 148 39907445 1895269575
======================
   8      33 sdc1 81070646 969844 4903616120 128801437 87039656 110435190 60525617776 1767228572 131 39912447 1895988896
======================
   8      33 sdc1 81070646 969844 4903616120 128801437 87048913 110435192 60528162976 1767920618 157 39917306 1896675611
======================
   8      33 sdc1 81070646 969844 4903616120 128801437 87058433 110435194 60530763448 1768625403 152 39922262 1897380841
======================
   8      33 sdc1 81070646 969844 4903616120 128801437 87068049 110435195 60533398968 1769340430 137 39927264 1898099920
======================
   8      33 sdc1 81070646 969844 4903616120 128801437 87077343 110435197 60535949032 1770033343 151 39932134 1898788383
======================
   8      33 sdc1 81070646 969844 4903616120 128801437 87086838 110435198 60538550272 1770739101 151 39937094 1899493859
======================
   8      33 sdc1 81070646 969844 4903616120 128801437 87096425 110435199 60541175296 1771453850 133 39942097 1900212745
======================
   8      33 sdc1 81070646 969844 4903616120 128801437 87105732 110435205 60543715896 1772144235 138 39946953 1900899452
======================
   8      33 sdc1 81070646 969844 4903616120 128801437 87115366 110435216 60546336824 1772859151 137 39951955 1901618109
======================
   8      33 sdc1 81070646 969844 4903616120 128801437 87124901 110435226 60548948816 1773566626 140 39956929 1902325844
======================
   8      33 sdc1 81070646 969844 4903616120 128801437 87134132 110435236 60551486584 1774257503 147 39961778 1903012490
======================
   8      33 sdc1 81070646 969844 4903616120 128801437 87143730 110435239 60554113656 1774972105 150 39966782 1903731089
======================
   8      33 sdc1 81070646 969844 4903616120 128801437 87153253 110435240 60556721040 1775679982 134 39971749 1904438560
======================
   8      33 sdc1 81070646 969844 4903616120 128801437 87162525 110435248 60559260568 1776371459 145 39976596 1905126379
======================
   8      33 sdc1 81070646 969844 4903616120 128801437 87172159 110435260 60561889432 1777086357 144 39981599 1905844641
======================
   8      33 sdc1 81070646 969844 4903616120 128801437 87181707 110435270 60564505008 1777793727 145 39986572 1906552110
======================
   8      33 sdc1 81070646 969844 4903616120 128801437 87190931 110435278 60567049224 1778484259 131 39991427 1907239199
======================
   8      33 sdc1 81070646 969844 4903616120 128801437 87200552 110435279 60569687560 1779198920 143 39996429 1907957116
======================
   8      33 sdc1 81070646 969844 4903616120 128801437 87210103 110435282 60572293664 1779906983 141 40001401 1908665257
======================
   8      33 sdc1 81070646 969844 4903616120 128801437 87219352 110435284 60574833488 1780598677 149 40006254 1909353528
======================
   8      33 sdc1 81070646 969844 4903616120 128801437 87228941 110435287 60577463632 1781312994 129 40011257 1910071079
======================
   8      33 sdc1 81070646 969844 4903616120 128801437 87238434 110435288 60580068968 1782020367 149 40016226 1910778136
======================
   8      33 sdc1 81070646 969844 4903616120 128801437 87247725 110435292 60582611096 1782711358 136 40021079 1911466342
======================
   8      33 sdc1 81070646 969844 4903616120 128801437 87257373 110435293 60585242008 1783425998 153 40026082 1912183764
======================
   8      33 sdc1 81070646 969844 4903616120 128801437 87266931 110435294 60587856304 1784133401 156 40031055 1912891277
======================
   8      33 sdc1 81070646 969844 4903616120 128801437 87276212 110435296 60590403040 1784825515 142 40035912 1913580367
======================
   8      33 sdc1 81070646 969844 4903616120 128801437 87285856 110435299 60593037536 1785540226 131 40040916 1914297653
======================
   8      33 sdc1 81070646 969844 4903616120 128801437 87295393 110435300 60595653112 1786248007 146 40045891 1915005587
======================
   8      33 sdc1 81070646 969844 4903616120 128801437 87304649 110435304 60598193832 1786939501 137 40050744 1915694545
======================
   8      33 sdc1 81070646 969844 4903616120 128801437 87314217 110435316 60600817088 1787654654 139 40055746 1916409519
======================
   8      33 sdc1 81070646 969844 4903616120 128801437 87323756 110435327 60603453376 1788369506 137 40060749 1917126750
