36.4
37.1
37.7
37.2
38.0
37.5
38.4
39.2
38.1
40.3
39.0
40.2
39.1
40.1
41.0
41.1
41.7
41.9
43.1
41.7
42.7
41.3
41.1
41.2
44.0
41.9
41.9
42.3
43.6
41.8
41.6
41.9
42.4
41.8
42.9
42.4
41.8
42.8
41.0
42.8
42.7
43.1
41.2
41.0
43.4
41.1
42.5
43.3
42.7
42.2
42.8
43.0
41.9
43.8
42.0
43.1
41.9
43.4
41.9
42.2
42.1
41.7
43.3
43.0
43.5
43.1
40.9
41.8
43.0
42.1
45.3
43.2
44.7
42.7
43.0
43.7
42.2
44.5
42.5
43.5
42.9
42.9
43.4
42.8
43.3
42.2
45.5
41.6
43.2
42.6
42.8
43.3
43.1
43.8
43.8
44.0
43.4
43.1
41.5
44.1
43.2
42.0
43.2
41.6
43.7
45.4
42.6
43.4
44.3
43.1
43.6
43.0
43.1
46.2
43.3
43.8
45.7
44.5
45.4
43.5
43.8
45.3
43.9
42.5
43.4
43.9
44.6
44.2
43.5
43.7
44.6
44.3
43.3
43.4
45.2
44.5
45.7
43.9
44.3
43.8
43.1
42.7
43.6
44.5
23.0
