29.398
43.397
44.197
44.397
45.096
44.496
45.596
44.796
46.196
46.796
45.196
84.593
94.092
90.392
90.092
91.592
91.892
90.092
91.492
92.892
93.592
92.892
92.492
92.892
91.392
93.492
91.792
94.292
93.292
92.892
91.792
92.392
92.592
93.392
93.792
90.892
92.892
94.592
92.792
93.892
94.392
94.592
94.492
92.992
94.492
93.592
92.692
94.292
94.692
92.592
95.591
94.292
94.892
92.792
95.892
94.392
94.192
94.192
94.192
95.592
94.792
94.092
93.692
95.192
92.992
96.892
94.092
93.292
93.892
95.892
94.392
93.492
93.592
94.492
95.691
96.592
92.992
94.192
94.992
92.892
94.692
95.892
97.392
95.592
96.192
97.692
96.092
95.292
95.892
95.292
96.492
96.592
97.892
96.392
96.292
92.792
97.292
94.992
95.292
95.292
95.692
96.992
98.092
98.492
94.592
97.992
95.492
96.992
97.592
97.191
96.392
94.692
98.092
97.592
99.092
95.892
97.392
97.892
96.792
98.492
95.992
97.592
95.292
94.792
94.991
97.792
98.092
94.992
100.092
99.692
97.891
98.892
97.892
97.891
94.592
96.892
97.791
101.191
100.292
98.091
95.592
98.992
97.592
96.392
98.392
95.492
98.192
101.991
99.092
99.492
97.592
100.092
99.992
97.592
97.492
97.392
96.192
98.091
98.192
101.491
99.191
98.692
99.592
98.492
100.192
98.391
100.792
98.992
101.491
98.792
99.791
100.392
99.492
98.592
100.591
99.792
100.491
99.791
98.092
102.491
97.692
100.091
101.891
103.891
98.592
100.291
98.692
99.991
101.491
100.491
97.392
99.992
98.291
101.891
101.092
98.791
100.791
102.491
102.091
102.991
104.091
101.791
99.691
100.992
103.591
97.091
102.891
104.091
104.491
102.591
102.491
98.291
102.791
102.091
101.391
103.391
99.291
102.391
99.392
103.891
99.391
102.491
104.591
106.491
101.591
99.792
103.091
102.792
104.991
102.991
103.691
101.291
101.691
103.491
104.091
103.891
102.091
103.991
101.691
102.391
100.991
102.391
104.191
106.491
103.891
102.791
103.791
100.391
103.291
103.791
105.691
103.491
104.291
105.191
101.692
103.291
104.991
105.591
104.091
106.291
102.391
106.591
104.991
107.190
103.191
102.891
106.391
103.891
105.391
101.691
108.290
105.991
83.881
