353.671
62.195
59.895
66.395
77.994
83.290
73.994
74.494
88.793
74.594
82.293
65.794
82.495
46.896
94.793
77.494
79.794
66.395
90.393
71.995
72.195
89.394
78.795
68.795
78.394
77.595
74.294
83.494
72.294
81.093
77.394
72.095
80.894
79.595
76.195
77.994
76.595
67.095
85.394
79.994
77.395
78.194
77.694
77.795
60.395
89.293
79.894
69.995
83.194
75.795
58.895
88.293
76.594
79.294
70.394
82.494
77.994
76.895
74.695
78.195
75.594
75.694
76.594
72.594
78.195
76.994
73.894
70.294
82.294
73.894
70.194
83.194
79.594
76.394
68.081
76.494
65.395
33.597
