======================
cpu  2053823 0 260841 76359058 227883 0 2062 0 0 0
cpu0 53197 0 23458 1511249 52235 0 529 0 0 0
cpu1 45017 0 12298 1564890 20355 0 328 0 0 0
cpu2 42562 0 5399 1593435 2594 0 113 0 0 0
cpu3 42408 0 5620 1595838 243 0 56 0 0 0
cpu4 41088 0 4145 1598067 824 0 44 0 0 0
cpu5 41828 0 4061 1598171 113 0 2 0 0 0
cpu6 41932 0 3939 1598143 128 0 2 0 0 0
cpu7 41256 0 4200 1598413 263 0 4 0 0 0
cpu8 41712 0 4300 1598157 173 0 25 0 0 0
cpu9 40955 0 4076 1598208 872 0 4 0 0 0
cpu10 42058 0 6420 1586598 8492 0 40 0 0 0
cpu11 46280 0 15799 1535531 43634 0 251 0 0 0
cpu12 48389 0 7964 1580576 5570 0 29 0 0 0
cpu13 43679 0 8989 1583892 7188 0 27 0 0 0
cpu14 43888 0 5055 1589178 5686 0 29 0 0 0
cpu15 42037 0 7102 1577154 16715 0 108 0 0 0
cpu16 42000 0 6207 1585119 10178 0 41 0 0 0
cpu17 41738 0 4847 1591599 5641 0 34 0 0 0
cpu18 42753 0 5311 1589428 6181 0 42 0 0 0
cpu19 43450 0 4349 1592569 3563 0 15 0 0 0
cpu20 41414 0 4228 1594784 3527 0 16 0 0 0
cpu21 42858 0 4518 1592591 3934 0 25 0 0 0
cpu22 43473 0 6910 1582025 9806 0 136 0 0 0
cpu23 43307 0 7796 1583468 9008 0 39 0 0 0
cpu24 41764 0 3759 1598651 1 0 1 0 0 0
cpu25 42222 0 3722 1598090 150 0 0 0 0 0
cpu26 42508 0 4586 1597075 4 0 0 0 0 0
cpu27 43329 0 3645 1597199 1 0 2 0 0 0
cpu28 43181 0 3574 1597422 1 0 0 0 0 0
cpu29 42426 0 3818 1597886 1 0 0 0 0 0
cpu30 42061 0 3839 1598278 0 0 0 0 0 0
cpu31 41706 0 3605 1598879 0 0 0 0 0 0
cpu32 40519 0 3653 1600020 0 0 0 0 0 0
cpu33 43374 0 3546 1597240 1 0 0 0 0 0
cpu34 41281 0 3416 1599484 0 0 0 0 0 0
cpu35 41691 0 3608 1598888 1 0 0 0 0 0
cpu36 41638 0 3366 1599175 6 0 1 0 0 0
cpu37 43400 0 4002 1596769 9 0 0 0 0 0
cpu38 42310 0 5218 1591016 5162 0 54 0 0 0
cpu39 42176 0 3211 1598789 8 0 0 0 0 0
cpu40 42172 0 3679 1598332 8 0 0 0 0 0
cpu41 42400 0 4638 1594813 2117 0 28 0 0 0
cpu42 43833 0 3282 1597058 3 0 0 0 0 0
cpu43 41307 0 3394 1599471 6 0 2 0 0 0
cpu44 42302 0 3522 1598358 4 0 0 0 0 0
cpu45 42533 0 3546 1598062 33 0 0 0 0 0
cpu46 42416 0 7193 1590930 3420 0 19 0 0 0
cpu47 41978 0 4008 1598071 7 0 1 0 0 0
intr 10434554 116 0 0 0 0 0 0 0 1 7 0 0 0 0 0 0 0 0 56 49 0 0 0 0 0 0 0 0 0 0 0 0 0 0 0 0 0 0 0 0 0 0 0 0 0 0 0 0 0 0 0 0 102747 0 0 0 0 0 0 0 0 0 1447 1241197 0 1 128448 19839 12117 29383 34289 21864 0 0 56178 23118 0 0 0 0 0 0 0 0 0 0 0 0 0 0 0 0 0 0 0 0 0 0 0 0 0 0 0 0 0 0 0 0 0 0 0 0 0 0 0 0 0 0 0 0 0 0 0 0 0 0 0 0 0 0 0 0 0 0 0 0 0 0 0 0 0 0 0 0 0 0 0 0 0 0 0 0 0 0 0 0 0 0 0 0 0 0 0 0 0 0 0 0 0 0 0 0 0 0 0 0 0 0 0 2 0 2 2 2 2 2 2 2 0 2 0 2 2 2 2 2 2 2 0 0 0 0 0 0 0 0 0 0 0 0 0 0 0 0 0 0 0 0 0 0 0 0 0 0 0 0 0 0 0 0 0 0 0 0 0 0 0 0 0 0 0 0 0 0 0 0 0 0 0 0 0 0 0 0 0 0 0 0 0 0 0 0 0 0 0 0 0 0 0 0 0 0 0 0 0 0 0 0 0 0 0 0 0 0 0 0 0 0 0 0 0 0 0 0 0 0 0 0 0 0 0 0 0 0 0 0 0 0 0 0 0 0 0 0 0 0 0 0 0 0 0 0 0 0 0 0 0 0 0 0 0 0 0 0 0 0 0 0 0 0 0 0 0 0 0 0 0 0 0 0 0 0 0 0 0 0 0 0 0 0 0 0 0 0 0 0 0 0 0 0 0 0 0 0 0 0 0 0 0 0 0 0 0 0 0 0 0 0 0 0 0 0 0 0 0 0 0 0 0 0 0 0 0 0 0 0 0 0 0 0 0 0 0 0 0 0 0 0 0 0 0 0 0 0 0 0 0 0 0 0 0 0 0 0 0 0 0 0 0 0 0 0 0 0 0 0 0 0 0 0 0 0 0 0 0 0 0 0 0 0 0 0 0 0 0 0 0 0 0 0 0 0 0 0 0 0 0 0 0 0 0 0 0 0 0 0 0 0 0 0 0 0 0 0 0 0 0 0 0 0 0 0 0 0 0 0 0 0 0 0 0 0 0 0 0 0 0 0 0 0 0 0 0 0 0 0 0 0 0 0 0 0 0 0 0 0 0 0 0 0 0 0 0 0 0 0 0 0 0 0 0 0 0 0 0 0 0 0 0 0 0 0 0 0 0 0 0 0 0 0 0 0 0 0 0 0 0 0 0 0 0 0 0 0 0 0 0 0 0 0 0 0 0 0 0 0 0 0 0 0 0 0 0 0 0 0 0 0 0 0 0 0 0 0 0 0 0 0 0 0 0 0 0 0 0 0 0 0 0 0 0 0 0 0 0 0 0 0 0 0 0 0 0 0 0 0 0 0 0 0 0 0 0 0 0 0 0 0 0 0 0 0 0 0 0 0 0 0 0 0 0 0 0 0 0 0 0 0 0 0 0 0 0 0 0 0 0 0 0 0 0 0 0 0 0 0 0 0 0 0 0 0 0 0 0 0 0 0 0 0 0 0 0 0 0 0 0 0 0 0 0 0 0 0 0 0 0 0 0 0 0 0 0 0 0 0 0 0 0 0 0 0 0 0 0 0 0 0 0 0 0 0 0 0 0 0 0 0 0 0 0 0 0 0 0 0 0 0 0 0 0 0 0 0 0 0 0 0 0 0 0 0 0 0 0 0 0 0 0 0 0 0 0 0 0 0 0 0 0 0 0 0 0 0 0 0 0 0 0 0 0 0 0 0 0 0 0 0 0 0 0 0 0 0 0 0 0 0 0 0 0 0 0 0 0 0 0 0 0 0 0 0 0 0 0 0 0 0 0 0 0 0 0 0 0 0 0 0 0 0 0 0 0 0 0 0 0 0 0 0 0 0 0 0 0 0 0 0 0 0 0 0 0 0 0 0 0 0 0 0 0 0 0 0 0 0 0 0 0 0 0 0 0 0 0 0 0 0 0 0 0 0 0 0 0 0 0 0 0 0 0 0 0 0 0 0 0 0 0 0 0 0 0 0 0 0 0 0 0 0 0 0 0 0 0 0 0 0 0 0 0 0 0 0 0 0 0 0 0 0 0 0 0 0 0 0 0 0 0 0 0 0 0 0 0 0 0 0 0 0 0 0 0 0 0 0 0 0 0 0 0 0 0 0 0 0 0 0 0 0 0 0 0 0 0 0 0 0 0 0 0 0 0 0 0 0 0 0 0 0 0 0 0 0 0 0 0 0 0 0 0 0 0 0 0 0 0 0 0 0 0 0 0 0 0 0 0 0 0 0 0 0 0 0 0 0 0 0 0 0 0 0 0 0 0 0 0 0 0 0 0 0 0 0 0 0 0 0 0 0 0 0 0 0 0 0 0 0 0 0 0 0 0 0 0 0 0 0 0 0 0 0 0 0 0 0 0 0 0 0 0 0 0 0 0 0 0 0 0 0 0 0 0 0 0 0 0 0 0 0 0 0 0 0 0 0 0 0 0 0 0 0 0 0 0 0 0 0 0 0 0 0 0 0 0 0 0 0 0 0 0 0 0 0 0 0 0 0 0 0 0 0 0 0 0 0 0 0 0 0 0 0 0 0 0 0 0 0 0 0 0 0 0 0 0 0 0 0 0 0 0 0 0 0 0 0 0 0 0 0 0 0 0 0 0 0 0 0 0 0 0 0 0 0 0 0 0 0 0 0 0 0 0 0 0 0 0 0 0 0 0 0 0 0 0 0 0 0 0 0 0 0 0 0 0 0 0 0 0 0 0 0 0 0 0 0 0 0 0 0 0 0 0 0 0 0 0 0 0 0 0 0 0 0 0 0 0 0 0 0 0 0 0 0 0 0 0 0 0 0 0 0 0 0 0 0 0 0 0 0 0 0 0 0 0 0 0 0 0 0 0 0 0 0 0 0 0 0 0 0 0 0 0 0 0 0 0 0 0 0 0 0 0 0 0 0 0 0 0 0 0 0 0 0 0 0 0 0 0 0 0 0 0 0 0 0 0 0 0 0 0 0 0 0 0 0 0 0 0 0 0 0 0 0 0 0 0 0 0 0 0 0 0 0 0 0 0 0 0 0 0 0 0 0 0 0 0 0 0 0 0 0 0 0 0 0 0 0 0 0 0 0 0 0 0 0 0 0 0 0 0 0 0 0 0 0 0 0 0 0 0 0 0 0 0 0 0 0 0 0 0 0 0 0 0 0 0 0 0 0 0 0 0 0 0 0 0 0 0 0 0 0 0 0 0 0 0 0 0 0 0 0 0 0 0 0 0 0 0 0 0 0 0 0 0 0 0 0 0 0 0 0 0 0 0 0 0 0 0 0 0 0 0 0 0 0 0 0 0 0 0 0 0 0 0 0 0 0 0 0 0 0 0 0 0 0 0 0 0 0 0 0 0 0 0 0 0 0 0 0 0 0 0 0 0 0 0 0 0 0 0 0 0 0 0 0 0 0 0 0 0 0 0 0 0 0 0 0 0 0 0 0 0 0 0 0 0 0 0 0 0 0 0 0 0 0 0 0 0 0 0 0 0 0 0 0 0 0 0 0 0 0 0 0 0 0 0 0 0 0 0 0 0 0
ctxt 16498985
btime 1494099034
processes 61854
procs_running 5
procs_blocked 0
softirq 16372025 5 6971122 3322 324993 1342682 0 2192 1669889 0 6057820
started
======================
cpu  2053885 0 272828 76371018 227886 0 2064 0 0 0
cpu0 53199 0 23797 1511406 52235 0 530 0 0 0
cpu1 45017 0 12657 1565030 20356 0 328 0 0 0
cpu2 42562 0 5757 1593576 2594 0 113 0 0 0
cpu3 42408 0 5948 1596010 243 0 56 0 0 0
cpu4 41090 0 4441 1598269 824 0 45 0 0 0
cpu5 41830 0 4422 1598309 113 0 2 0 0 0
cpu6 41932 0 4300 1598282 128 0 2 0 0 0
cpu7 41258 0 4502 1598608 263 0 4 0 0 0
cpu8 41714 0 4654 1598300 173 0 25 0 0 0
cpu9 40956 0 4432 1598352 872 0 4 0 0 0
cpu10 42060 0 6660 1586856 8492 0 40 0 0 0
cpu11 46282 0 16042 1535784 43635 0 251 0 0 0
cpu12 48391 0 8270 1580769 5570 0 29 0 0 0
cpu13 43681 0 9244 1584136 7188 0 27 0 0 0
cpu14 43889 0 5411 1589322 5686 0 29 0 0 0
cpu15 42038 0 7424 1577331 16715 0 108 0 0 0
cpu16 42003 0 6508 1585315 10178 0 41 0 0 0
cpu17 41740 0 5188 1591755 5642 0 34 0 0 0
cpu18 42755 0 5682 1589556 6181 0 42 0 0 0
cpu19 43452 0 4671 1592745 3563 0 15 0 0 0
cpu20 41415 0 4497 1595015 3527 0 16 0 0 0
cpu21 42860 0 4829 1592780 3934 0 25 0 0 0
cpu22 43474 0 7197 1582236 9806 0 136 0 0 0
cpu23 43308 0 8091 1583673 9008 0 39 0 0 0
cpu24 41764 0 3854 1599055 1 0 1 0 0 0
cpu25 42222 0 3774 1598538 150 0 0 0 0 0
cpu26 42509 0 4647 1597514 4 0 0 0 0 0
cpu27 43329 0 3688 1597656 1 0 2 0 0 0
cpu28 43182 0 3668 1597828 1 0 0 0 0 0
cpu29 42427 0 3867 1598337 1 0 0 0 0 0
cpu30 42062 0 3890 1598728 0 0 0 0 0 0
cpu31 41706 0 3632 1599353 1 0 0 0 0 0
cpu32 40519 0 3698 1600474 0 0 0 0 0 0
cpu33 43374 0 3575 1597711 1 0 0 0 0 0
cpu34 41282 0 3520 1599880 0 0 0 0 0 0
cpu35 41692 0 3648 1599347 1 0 0 0 0 0
cpu36 41639 0 3680 1599359 6 0 1 0 0 0
cpu37 43402 0 4382 1596888 9 0 0 0 0 0
cpu38 42313 0 5449 1591283 5162 0 54 0 0 0
cpu39 42177 0 3506 1598993 8 0 0 0 0 0
cpu40 42174 0 3999 1598510 8 0 0 0 0 0
cpu41 42401 0 4946 1595002 2117 0 28 0 0 0
cpu42 43835 0 3499 1597340 3 0 0 0 0 0
cpu43 41308 0 3694 1599670 6 0 2 0 0 0
cpu44 42303 0 3888 1598491 4 0 0 0 0 0
cpu45 42534 0 3833 1598274 33 0 0 0 0 0
cpu46 42419 0 7528 1591094 3420 0 19 0 0 0
cpu47 41980 0 4319 1598259 7 0 1 0 0 0
intr 10476510 116 0 0 0 0 0 0 0 1 7 0 0 0 0 0 0 0 0 56 49 0 0 0 0 0 0 0 0 0 0 0 0 0 0 0 0 0 0 0 0 0 0 0 0 0 0 0 0 0 0 0 0 103044 0 0 0 0 0 0 0 0 0 1451 1241217 0 1 128481 19842 12120 29386 34293 21867 0 0 56183 23121 0 0 0 0 0 0 0 0 0 0 0 0 0 0 0 0 0 0 0 0 0 0 0 0 0 0 0 0 0 0 0 0 0 0 0 0 0 0 0 0 0 0 0 0 0 0 0 0 0 0 0 0 0 0 0 0 0 0 0 0 0 0 0 0 0 0 0 0 0 0 0 0 0 0 0 0 0 0 0 0 0 0 0 0 0 0 0 0 0 0 0 0 0 0 0 0 0 0 0 0 0 0 0 2 0 2 2 2 2 2 2 2 0 2 0 2 2 2 2 2 2 2 0 0 0 0 0 0 0 0 0 0 0 0 0 0 0 0 0 0 0 0 0 0 0 0 0 0 0 0 0 0 0 0 0 0 0 0 0 0 0 0 0 0 0 0 0 0 0 0 0 0 0 0 0 0 0 0 0 0 0 0 0 0 0 0 0 0 0 0 0 0 0 0 0 0 0 0 0 0 0 0 0 0 0 0 0 0 0 0 0 0 0 0 0 0 0 0 0 0 0 0 0 0 0 0 0 0 0 0 0 0 0 0 0 0 0 0 0 0 0 0 0 0 0 0 0 0 0 0 0 0 0 0 0 0 0 0 0 0 0 0 0 0 0 0 0 0 0 0 0 0 0 0 0 0 0 0 0 0 0 0 0 0 0 0 0 0 0 0 0 0 0 0 0 0 0 0 0 0 0 0 0 0 0 0 0 0 0 0 0 0 0 0 0 0 0 0 0 0 0 0 0 0 0 0 0 0 0 0 0 0 0 0 0 0 0 0 0 0 0 0 0 0 0 0 0 0 0 0 0 0 0 0 0 0 0 0 0 0 0 0 0 0 0 0 0 0 0 0 0 0 0 0 0 0 0 0 0 0 0 0 0 0 0 0 0 0 0 0 0 0 0 0 0 0 0 0 0 0 0 0 0 0 0 0 0 0 0 0 0 0 0 0 0 0 0 0 0 0 0 0 0 0 0 0 0 0 0 0 0 0 0 0 0 0 0 0 0 0 0 0 0 0 0 0 0 0 0 0 0 0 0 0 0 0 0 0 0 0 0 0 0 0 0 0 0 0 0 0 0 0 0 0 0 0 0 0 0 0 0 0 0 0 0 0 0 0 0 0 0 0 0 0 0 0 0 0 0 0 0 0 0 0 0 0 0 0 0 0 0 0 0 0 0 0 0 0 0 0 0 0 0 0 0 0 0 0 0 0 0 0 0 0 0 0 0 0 0 0 0 0 0 0 0 0 0 0 0 0 0 0 0 0 0 0 0 0 0 0 0 0 0 0 0 0 0 0 0 0 0 0 0 0 0 0 0 0 0 0 0 0 0 0 0 0 0 0 0 0 0 0 0 0 0 0 0 0 0 0 0 0 0 0 0 0 0 0 0 0 0 0 0 0 0 0 0 0 0 0 0 0 0 0 0 0 0 0 0 0 0 0 0 0 0 0 0 0 0 0 0 0 0 0 0 0 0 0 0 0 0 0 0 0 0 0 0 0 0 0 0 0 0 0 0 0 0 0 0 0 0 0 0 0 0 0 0 0 0 0 0 0 0 0 0 0 0 0 0 0 0 0 0 0 0 0 0 0 0 0 0 0 0 0 0 0 0 0 0 0 0 0 0 0 0 0 0 0 0 0 0 0 0 0 0 0 0 0 0 0 0 0 0 0 0 0 0 0 0 0 0 0 0 0 0 0 0 0 0 0 0 0 0 0 0 0 0 0 0 0 0 0 0 0 0 0 0 0 0 0 0 0 0 0 0 0 0 0 0 0 0 0 0 0 0 0 0 0 0 0 0 0 0 0 0 0 0 0 0 0 0 0 0 0 0 0 0 0 0 0 0 0 0 0 0 0 0 0 0 0 0 0 0 0 0 0 0 0 0 0 0 0 0 0 0 0 0 0 0 0 0 0 0 0 0 0 0 0 0 0 0 0 0 0 0 0 0 0 0 0 0 0 0 0 0 0 0 0 0 0 0 0 0 0 0 0 0 0 0 0 0 0 0 0 0 0 0 0 0 0 0 0 0 0 0 0 0 0 0 0 0 0 0 0 0 0 0 0 0 0 0 0 0 0 0 0 0 0 0 0 0 0 0 0 0 0 0 0 0 0 0 0 0 0 0 0 0 0 0 0 0 0 0 0 0 0 0 0 0 0 0 0 0 0 0 0 0 0 0 0 0 0 0 0 0 0 0 0 0 0 0 0 0 0 0 0 0 0 0 0 0 0 0 0 0 0 0 0 0 0 0 0 0 0 0 0 0 0 0 0 0 0 0 0 0 0 0 0 0 0 0 0 0 0 0 0 0 0 0 0 0 0 0 0 0 0 0 0 0 0 0 0 0 0 0 0 0 0 0 0 0 0 0 0 0 0 0 0 0 0 0 0 0 0 0 0 0 0 0 0 0 0 0 0 0 0 0 0 0 0 0 0 0 0 0 0 0 0 0 0 0 0 0 0 0 0 0 0 0 0 0 0 0 0 0 0 0 0 0 0 0 0 0 0 0 0 0 0 0 0 0 0 0 0 0 0 0 0 0 0 0 0 0 0 0 0 0 0 0 0 0 0 0 0 0 0 0 0 0 0 0 0 0 0 0 0 0 0 0 0 0 0 0 0 0 0 0 0 0 0 0 0 0 0 0 0 0 0 0 0 0 0 0 0 0 0 0 0 0 0 0 0 0 0 0 0 0 0 0 0 0 0 0 0 0 0 0 0 0 0 0 0 0 0 0 0 0 0 0 0 0 0 0 0 0 0 0 0 0 0 0 0 0 0 0 0 0 0 0 0 0 0 0 0 0 0 0 0 0 0 0 0 0 0 0 0 0 0 0 0 0 0 0 0 0 0 0 0 0 0 0 0 0 0 0 0 0 0 0 0 0 0 0 0 0 0 0 0 0 0 0 0 0 0 0 0 0 0 0 0 0 0 0 0 0 0 0 0 0 0 0 0 0 0 0 0 0 0 0 0 0 0 0 0 0 0 0 0 0 0 0 0 0 0 0 0 0 0 0 0 0 0 0 0 0 0 0 0 0 0 0 0 0 0 0 0 0 0 0 0 0 0 0 0 0 0 0 0 0 0 0 0 0 0 0 0 0 0 0 0 0 0 0 0 0 0 0 0 0 0 0 0 0 0 0 0 0 0 0 0 0 0 0 0 0 0 0 0 0 0 0 0 0 0 0 0 0 0 0 0 0 0 0 0 0 0 0 0 0 0 0 0 0 0 0 0 0 0 0 0 0 0 0 0 0 0 0 0 0 0 0 0 0 0 0 0 0 0 0 0 0 0 0 0 0 0 0 0 0 0 0 0 0 0 0 0 0 0 0 0 0 0 0 0 0 0 0 0 0 0 0 0 0 0 0 0 0 0 0 0 0 0 0 0 0 0 0 0 0 0 0 0 0 0 0 0 0 0 0 0 0 0 0 0 0 0 0 0 0 0 0 0 0 0 0 0 0 0 0 0 0 0 0 0 0 0 0 0 0 0 0 0 0 0 0 0 0 0
ctxt 16514261
btime 1494099034
processes 61906
procs_running 35
procs_blocked 0
softirq 16418578 5 7002206 3323 325050 1342986 0 2192 1677256 0 6065560
======================
cpu  2053962 0 288728 76379042 227888 0 2068 0 0 0
cpu0 53200 0 24219 1511483 52235 0 533 0 0 0
cpu1 45018 0 13156 1565030 20356 0 328 0 0 0
cpu2 42565 0 6247 1593584 2594 0 113 0 0 0
cpu3 42408 0 6390 1596067 243 0 56 0 0 0
cpu4 41091 0 4812 1598394 824 0 45 0 0 0
cpu5 41834 0 4919 1598310 113 0 2 0 0 0
cpu6 41934 0 4662 1598418 128 0 2 0 0 0
cpu7 41259 0 4806 1598802 263 0 4 0 0 0
cpu8 41719 0 5150 1598300 173 0 25 0 0 0
cpu9 40958 0 4918 1598363 872 0 4 0 0 0
cpu10 42061 0 6827 1587188 8492 0 40 0 0 0
cpu11 46284 0 16236 1536088 43635 0 251 0 0 0
cpu12 48393 0 8620 1580917 5570 0 29 0 0 0
cpu13 43684 0 9491 1584386 7188 0 27 0 0 0
cpu14 43890 0 5909 1589322 5686 0 29 0 0 0
cpu15 42039 0 7810 1577445 16715 0 108 0 0 0
cpu16 42005 0 6856 1585465 10179 0 41 0 0 0
cpu17 41742 0 5518 1591924 5642 0 34 0 0 0
cpu18 42756 0 6034 1589703 6181 0 42 0 0 0
cpu19 43454 0 5012 1592902 3563 0 15 0 0 0
cpu20 41417 0 4802 1595208 3527 0 16 0 0 0
cpu21 42861 0 5064 1593044 3934 0 25 0 0 0
cpu22 43475 0 7531 1582402 9806 0 136 0 0 0
cpu23 43310 0 8308 1583955 9008 0 39 0 0 0
cpu24 41765 0 4013 1599396 1 0 1 0 0 0
cpu25 42224 0 3898 1598913 150 0 0 0 0 0
cpu26 42509 0 4762 1597898 4 0 0 0 0 0
cpu27 43330 0 3871 1597972 1 0 2 0 0 0
cpu28 43183 0 3919 1598076 1 0 0 0 0 0
cpu29 42428 0 3987 1598716 2 0 0 0 0 0
cpu30 42064 0 4173 1598943 0 0 0 0 0 0
cpu31 41707 0 3934 1599550 1 0 0 0 0 0
cpu32 40519 0 3800 1600871 0 0 0 0 0 0
cpu33 43374 0 3669 1598117 1 0 0 0 0 0
cpu34 41282 0 3992 1599908 0 0 0 0 0 0
cpu35 41694 0 4118 1599375 1 0 0 0 0 0
cpu36 41640 0 4046 1599494 6 0 1 0 0 0
cpu37 43404 0 4849 1596919 9 0 0 0 0 0
cpu38 42315 0 5610 1591620 5162 0 54 0 0 0
cpu39 42179 0 3845 1599152 8 0 0 0 0 0
cpu40 42176 0 4327 1598680 8 0 0 0 0 0
cpu41 42402 0 5306 1595142 2117 0 28 0 0 0
cpu42 43837 0 3823 1597513 3 0 0 0 0 0
cpu43 41310 0 4097 1599765 6 0 2 0 0 0
cpu44 42306 0 4325 1598552 4 0 0 0 0 0
cpu45 42537 0 4330 1598274 33 0 0 0 0 0
cpu46 42420 0 7917 1591203 3420 0 19 0 0 0
cpu47 41982 0 4804 1598272 7 0 1 0 0 0
intr 10523290 116 0 0 0 0 0 0 0 1 7 0 0 0 0 0 0 0 0 56 49 0 0 0 0 0 0 0 0 0 0 0 0 0 0 0 0 0 0 0 0 0 0 0 0 0 0 0 0 0 0 0 0 103164 0 0 0 0 0 0 0 0 0 1451 1241220 0 1 128508 19844 12123 29388 34295 21869 0 0 56185 23123 0 0 0 0 0 0 0 0 0 0 0 0 0 0 0 0 0 0 0 0 0 0 0 0 0 0 0 0 0 0 0 0 0 0 0 0 0 0 0 0 0 0 0 0 0 0 0 0 0 0 0 0 0 0 0 0 0 0 0 0 0 0 0 0 0 0 0 0 0 0 0 0 0 0 0 0 0 0 0 0 0 0 0 0 0 0 0 0 0 0 0 0 0 0 0 0 0 0 0 0 0 0 0 2 0 2 2 2 2 2 2 2 0 2 0 2 2 2 2 2 2 2 0 0 0 0 0 0 0 0 0 0 0 0 0 0 0 0 0 0 0 0 0 0 0 0 0 0 0 0 0 0 0 0 0 0 0 0 0 0 0 0 0 0 0 0 0 0 0 0 0 0 0 0 0 0 0 0 0 0 0 0 0 0 0 0 0 0 0 0 0 0 0 0 0 0 0 0 0 0 0 0 0 0 0 0 0 0 0 0 0 0 0 0 0 0 0 0 0 0 0 0 0 0 0 0 0 0 0 0 0 0 0 0 0 0 0 0 0 0 0 0 0 0 0 0 0 0 0 0 0 0 0 0 0 0 0 0 0 0 0 0 0 0 0 0 0 0 0 0 0 0 0 0 0 0 0 0 0 0 0 0 0 0 0 0 0 0 0 0 0 0 0 0 0 0 0 0 0 0 0 0 0 0 0 0 0 0 0 0 0 0 0 0 0 0 0 0 0 0 0 0 0 0 0 0 0 0 0 0 0 0 0 0 0 0 0 0 0 0 0 0 0 0 0 0 0 0 0 0 0 0 0 0 0 0 0 0 0 0 0 0 0 0 0 0 0 0 0 0 0 0 0 0 0 0 0 0 0 0 0 0 0 0 0 0 0 0 0 0 0 0 0 0 0 0 0 0 0 0 0 0 0 0 0 0 0 0 0 0 0 0 0 0 0 0 0 0 0 0 0 0 0 0 0 0 0 0 0 0 0 0 0 0 0 0 0 0 0 0 0 0 0 0 0 0 0 0 0 0 0 0 0 0 0 0 0 0 0 0 0 0 0 0 0 0 0 0 0 0 0 0 0 0 0 0 0 0 0 0 0 0 0 0 0 0 0 0 0 0 0 0 0 0 0 0 0 0 0 0 0 0 0 0 0 0 0 0 0 0 0 0 0 0 0 0 0 0 0 0 0 0 0 0 0 0 0 0 0 0 0 0 0 0 0 0 0 0 0 0 0 0 0 0 0 0 0 0 0 0 0 0 0 0 0 0 0 0 0 0 0 0 0 0 0 0 0 0 0 0 0 0 0 0 0 0 0 0 0 0 0 0 0 0 0 0 0 0 0 0 0 0 0 0 0 0 0 0 0 0 0 0 0 0 0 0 0 0 0 0 0 0 0 0 0 0 0 0 0 0 0 0 0 0 0 0 0 0 0 0 0 0 0 0 0 0 0 0 0 0 0 0 0 0 0 0 0 0 0 0 0 0 0 0 0 0 0 0 0 0 0 0 0 0 0 0 0 0 0 0 0 0 0 0 0 0 0 0 0 0 0 0 0 0 0 0 0 0 0 0 0 0 0 0 0 0 0 0 0 0 0 0 0 0 0 0 0 0 0 0 0 0 0 0 0 0 0 0 0 0 0 0 0 0 0 0 0 0 0 0 0 0 0 0 0 0 0 0 0 0 0 0 0 0 0 0 0 0 0 0 0 0 0 0 0 0 0 0 0 0 0 0 0 0 0 0 0 0 0 0 0 0 0 0 0 0 0 0 0 0 0 0 0 0 0 0 0 0 0 0 0 0 0 0 0 0 0 0 0 0 0 0 0 0 0 0 0 0 0 0 0 0 0 0 0 0 0 0 0 0 0 0 0 0 0 0 0 0 0 0 0 0 0 0 0 0 0 0 0 0 0 0 0 0 0 0 0 0 0 0 0 0 0 0 0 0 0 0 0 0 0 0 0 0 0 0 0 0 0 0 0 0 0 0 0 0 0 0 0 0 0 0 0 0 0 0 0 0 0 0 0 0 0 0 0 0 0 0 0 0 0 0 0 0 0 0 0 0 0 0 0 0 0 0 0 0 0 0 0 0 0 0 0 0 0 0 0 0 0 0 0 0 0 0 0 0 0 0 0 0 0 0 0 0 0 0 0 0 0 0 0 0 0 0 0 0 0 0 0 0 0 0 0 0 0 0 0 0 0 0 0 0 0 0 0 0 0 0 0 0 0 0 0 0 0 0 0 0 0 0 0 0 0 0 0 0 0 0 0 0 0 0 0 0 0 0 0 0 0 0 0 0 0 0 0 0 0 0 0 0 0 0 0 0 0 0 0 0 0 0 0 0 0 0 0 0 0 0 0 0 0 0 0 0 0 0 0 0 0 0 0 0 0 0 0 0 0 0 0 0 0 0 0 0 0 0 0 0 0 0 0 0 0 0 0 0 0 0 0 0 0 0 0 0 0 0 0 0 0 0 0 0 0 0 0 0 0 0 0 0 0 0 0 0 0 0 0 0 0 0 0 0 0 0 0 0 0 0 0 0 0 0 0 0 0 0 0 0 0 0 0 0 0 0 0 0 0 0 0 0 0 0 0 0 0 0 0 0 0 0 0 0 0 0 0 0 0 0 0 0 0 0 0 0 0 0 0 0 0 0 0 0 0 0 0 0 0 0 0 0 0 0 0 0 0 0 0 0 0 0 0 0 0 0 0 0 0 0 0 0 0 0 0 0 0 0 0 0 0 0 0 0 0 0 0 0 0 0 0 0 0 0 0 0 0 0 0 0 0 0 0 0 0 0 0 0 0 0 0 0 0 0 0 0 0 0 0 0 0 0 0 0 0 0 0 0 0 0 0 0 0 0 0 0 0 0 0 0 0 0 0 0 0 0 0 0 0 0 0 0 0 0 0 0 0 0 0 0 0 0 0 0 0 0 0 0 0 0 0 0 0 0 0 0 0 0 0 0 0 0 0 0 0 0 0 0 0 0 0 0 0 0 0 0 0 0 0 0 0 0 0 0 0 0 0 0 0 0 0 0 0 0 0 0 0 0 0 0 0 0 0 0 0 0 0 0 0 0 0 0 0 0 0 0 0 0 0 0 0 0 0 0 0 0 0 0 0 0 0 0 0 0 0 0 0 0 0 0 0 0 0 0 0 0 0 0 0 0 0 0 0 0 0 0 0 0 0 0 0 0 0 0 0 0 0 0 0 0 0 0 0 0 0 0 0 0 0 0 0 0 0 0 0 0 0 0 0 0 0 0 0 0 0 0 0 0 0 0 0 0 0 0 0 0 0 0 0 0 0 0 0 0 0 0 0 0 0 0 0 0 0 0 0 0 0 0 0 0 0 0 0 0 0 0 0 0 0 0 0 0 0 0 0 0 0 0 0 0 0 0 0 0 0 0 0 0 0 0 0 0 0 0 0 0 0 0 0 0 0 0 0 0 0 0 0 0 0 0 0 0 0 0 0 0 0 0 0 0 0 0 0 0 0 0 0 0 0 0
ctxt 16532121
btime 1494099034
processes 61915
procs_running 33
procs_blocked 0
softirq 16478684 5 7043237 3324 325092 1343109 0 2192 1686390 0 6075335
======================
cpu  2054013 0 298583 76393137 227889 0 2073 0 0 0
cpu0 53203 0 24565 1511634 52235 0 533 0 0 0
cpu1 45022 0 13454 1565228 20356 0 328 0 0 0
cpu2 42567 0 6584 1593745 2594 0 113 0 0 0
cpu3 42410 0 6499 1596454 243 0 61 0 0 0
cpu4 41092 0 5040 1598666 824 0 45 0 0 0
cpu5 41834 0 5109 1598620 113 0 2 0 0 0
cpu6 41934 0 4895 1598685 128 0 2 0 0 0
cpu7 41261 0 5124 1598982 263 0 4 0 0 0
cpu8 41720 0 5343 1598606 173 0 25 0 0 0
cpu9 40959 0 5138 1598644 872 0 4 0 0 0
cpu10 42062 0 6891 1587622 8492 0 40 0 0 0
cpu11 46284 0 16300 1536524 43635 0 251 0 0 0
cpu12 48394 0 8825 1581210 5570 0 29 0 0 0
cpu13 43684 0 9818 1584558 7188 0 27 0 0 0
cpu14 43892 0 6269 1589460 5686 0 29 0 0 0
cpu15 42040 0 8175 1577579 16715 0 108 0 0 0
cpu16 42007 0 7094 1585725 10179 0 41 0 0 0
cpu17 41742 0 5719 1592223 5642 0 34 0 0 0
cpu18 42757 0 6162 1590074 6181 0 42 0 0 0
cpu19 43456 0 5279 1593133 3564 0 15 0 0 0
cpu20 41419 0 4897 1595611 3527 0 16 0 0 0
cpu21 42861 0 5247 1593361 3934 0 25 0 0 0
cpu22 43476 0 7684 1582746 9806 0 136 0 0 0
cpu23 43310 0 8430 1584334 9008 0 39 0 0 0
cpu24 41766 0 4086 1599822 1 0 1 0 0 0
cpu25 42226 0 3968 1599342 150 0 0 0 0 0
cpu26 42510 0 4801 1598359 4 0 0 0 0 0
cpu27 43330 0 4085 1598259 1 0 2 0 0 0
cpu28 43185 0 4068 1598424 1 0 0 0 0 0
cpu29 42430 0 4164 1599038 2 0 0 0 0 0
cpu30 42064 0 4221 1599395 0 0 0 0 0 0
cpu31 41707 0 3974 1600009 1 0 0 0 0 0
cpu32 40519 0 3868 1601304 0 0 0 0 0 0
cpu33 43375 0 3739 1598546 1 0 0 0 0 0
cpu34 41282 0 4224 1600176 0 0 0 0 0 0
cpu35 41694 0 4366 1599627 1 0 0 0 0 0
cpu36 41640 0 4345 1599695 6 0 1 0 0 0
cpu37 43406 0 5011 1597255 9 0 0 0 0 0
cpu38 42316 0 5740 1591990 5162 0 54 0 0 0
cpu39 42181 0 3948 1599547 8 0 0 0 0 0
cpu40 42177 0 4538 1598968 8 0 0 0 0 0
cpu41 42403 0 5576 1595371 2117 0 28 0 0 0
cpu42 43838 0 4196 1597639 3 0 0 0 0 0
cpu43 41310 0 4321 1600041 6 0 2 0 0 0
cpu44 42308 0 4684 1598690 4 0 0 0 0 0
cpu45 42538 0 4653 1598450 33 0 0 0 0 0
cpu46 42421 0 8272 1591347 3420 0 19 0 0 0
cpu47 41983 0 5176 1598399 7 0 1 0 0 0
intr 10554900 116 0 0 0 0 0 0 0 1 7 0 0 0 0 0 0 0 0 56 49 0 0 0 0 0 0 0 0 0 0 0 0 0 0 0 0 0 0 0 0 0 0 0 0 0 0 0 0 0 0 0 0 103168 0 0 0 0 0 0 0 0 0 1451 1241223 0 1 128553 19847 12126 29391 34298 21872 0 0 56188 23126 0 0 0 0 0 0 0 0 0 0 0 0 0 0 0 0 0 0 0 0 0 0 0 0 0 0 0 0 0 0 0 0 0 0 0 0 0 0 0 0 0 0 0 0 0 0 0 0 0 0 0 0 0 0 0 0 0 0 0 0 0 0 0 0 0 0 0 0 0 0 0 0 0 0 0 0 0 0 0 0 0 0 0 0 0 0 0 0 0 0 0 0 0 0 0 0 0 0 0 0 0 0 0 2 0 2 2 2 2 2 2 2 0 2 0 2 2 2 2 2 2 2 0 0 0 0 0 0 0 0 0 0 0 0 0 0 0 0 0 0 0 0 0 0 0 0 0 0 0 0 0 0 0 0 0 0 0 0 0 0 0 0 0 0 0 0 0 0 0 0 0 0 0 0 0 0 0 0 0 0 0 0 0 0 0 0 0 0 0 0 0 0 0 0 0 0 0 0 0 0 0 0 0 0 0 0 0 0 0 0 0 0 0 0 0 0 0 0 0 0 0 0 0 0 0 0 0 0 0 0 0 0 0 0 0 0 0 0 0 0 0 0 0 0 0 0 0 0 0 0 0 0 0 0 0 0 0 0 0 0 0 0 0 0 0 0 0 0 0 0 0 0 0 0 0 0 0 0 0 0 0 0 0 0 0 0 0 0 0 0 0 0 0 0 0 0 0 0 0 0 0 0 0 0 0 0 0 0 0 0 0 0 0 0 0 0 0 0 0 0 0 0 0 0 0 0 0 0 0 0 0 0 0 0 0 0 0 0 0 0 0 0 0 0 0 0 0 0 0 0 0 0 0 0 0 0 0 0 0 0 0 0 0 0 0 0 0 0 0 0 0 0 0 0 0 0 0 0 0 0 0 0 0 0 0 0 0 0 0 0 0 0 0 0 0 0 0 0 0 0 0 0 0 0 0 0 0 0 0 0 0 0 0 0 0 0 0 0 0 0 0 0 0 0 0 0 0 0 0 0 0 0 0 0 0 0 0 0 0 0 0 0 0 0 0 0 0 0 0 0 0 0 0 0 0 0 0 0 0 0 0 0 0 0 0 0 0 0 0 0 0 0 0 0 0 0 0 0 0 0 0 0 0 0 0 0 0 0 0 0 0 0 0 0 0 0 0 0 0 0 0 0 0 0 0 0 0 0 0 0 0 0 0 0 0 0 0 0 0 0 0 0 0 0 0 0 0 0 0 0 0 0 0 0 0 0 0 0 0 0 0 0 0 0 0 0 0 0 0 0 0 0 0 0 0 0 0 0 0 0 0 0 0 0 0 0 0 0 0 0 0 0 0 0 0 0 0 0 0 0 0 0 0 0 0 0 0 0 0 0 0 0 0 0 0 0 0 0 0 0 0 0 0 0 0 0 0 0 0 0 0 0 0 0 0 0 0 0 0 0 0 0 0 0 0 0 0 0 0 0 0 0 0 0 0 0 0 0 0 0 0 0 0 0 0 0 0 0 0 0 0 0 0 0 0 0 0 0 0 0 0 0 0 0 0 0 0 0 0 0 0 0 0 0 0 0 0 0 0 0 0 0 0 0 0 0 0 0 0 0 0 0 0 0 0 0 0 0 0 0 0 0 0 0 0 0 0 0 0 0 0 0 0 0 0 0 0 0 0 0 0 0 0 0 0 0 0 0 0 0 0 0 0 0 0 0 0 0 0 0 0 0 0 0 0 0 0 0 0 0 0 0 0 0 0 0 0 0 0 0 0 0 0 0 0 0 0 0 0 0 0 0 0 0 0 0 0 0 0 0 0 0 0 0 0 0 0 0 0 0 0 0 0 0 0 0 0 0 0 0 0 0 0 0 0 0 0 0 0 0 0 0 0 0 0 0 0 0 0 0 0 0 0 0 0 0 0 0 0 0 0 0 0 0 0 0 0 0 0 0 0 0 0 0 0 0 0 0 0 0 0 0 0 0 0 0 0 0 0 0 0 0 0 0 0 0 0 0 0 0 0 0 0 0 0 0 0 0 0 0 0 0 0 0 0 0 0 0 0 0 0 0 0 0 0 0 0 0 0 0 0 0 0 0 0 0 0 0 0 0 0 0 0 0 0 0 0 0 0 0 0 0 0 0 0 0 0 0 0 0 0 0 0 0 0 0 0 0 0 0 0 0 0 0 0 0 0 0 0 0 0 0 0 0 0 0 0 0 0 0 0 0 0 0 0 0 0 0 0 0 0 0 0 0 0 0 0 0 0 0 0 0 0 0 0 0 0 0 0 0 0 0 0 0 0 0 0 0 0 0 0 0 0 0 0 0 0 0 0 0 0 0 0 0 0 0 0 0 0 0 0 0 0 0 0 0 0 0 0 0 0 0 0 0 0 0 0 0 0 0 0 0 0 0 0 0 0 0 0 0 0 0 0 0 0 0 0 0 0 0 0 0 0 0 0 0 0 0 0 0 0 0 0 0 0 0 0 0 0 0 0 0 0 0 0 0 0 0 0 0 0 0 0 0 0 0 0 0 0 0 0 0 0 0 0 0 0 0 0 0 0 0 0 0 0 0 0 0 0 0 0 0 0 0 0 0 0 0 0 0 0 0 0 0 0 0 0 0 0 0 0 0 0 0 0 0 0 0 0 0 0 0 0 0 0 0 0 0 0 0 0 0 0 0 0 0 0 0 0 0 0 0 0 0 0 0 0 0 0 0 0 0 0 0 0 0 0 0 0 0 0 0 0 0 0 0 0 0 0 0 0 0 0 0 0 0 0 0 0 0 0 0 0 0 0 0 0 0 0 0 0 0 0 0 0 0 0 0 0 0 0 0 0 0 0 0 0 0 0 0 0 0 0 0 0 0 0 0 0 0 0 0 0 0 0 0 0 0 0 0 0 0 0 0 0 0 0 0 0 0 0 0 0 0 0 0 0 0 0 0 0 0 0 0 0 0 0 0 0 0 0 0 0 0 0 0 0 0 0 0 0 0 0 0 0 0 0 0 0 0 0 0 0 0 0 0 0 0 0 0 0 0 0 0 0 0 0 0 0 0 0 0 0 0 0 0 0 0 0 0 0 0 0 0 0 0 0 0 0 0 0 0 0 0 0 0 0 0 0 0 0 0 0 0 0 0 0 0 0 0 0 0 0 0 0 0 0 0 0 0 0 0 0 0 0 0 0 0 0 0 0 0 0 0 0 0 0 0 0 0 0 0 0 0 0 0 0 0 0 0 0 0 0 0 0 0 0 0 0 0 0 0 0 0 0 0 0 0 0 0 0 0 0 0 0 0 0 0 0 0 0 0 0 0 0 0 0 0 0 0 0 0 0 0 0 0 0 0 0 0 0 0 0 0 0 0 0 0 0 0 0 0 0 0 0 0 0 0 0 0 0 0 0 0 0 0 0 0 0 0 0 0 0 0 0 0 0 0 0 0 0 0 0 0 0 0 0 0 0 0 0 0 0 0 0 0 0 0 0 0 0 0 0 0 0 0 0 0 0 0 0 0 0 0 0 0 0 0 0 0 0 0 0 0 0 0 0 0
ctxt 16543814
btime 1494099034
processes 61925
procs_running 1
procs_blocked 1
softirq 16521997 5 7070762 3325 325158 1343116 0 2192 1693932 0 6083507
