======================
   8      33 sdc1 13404417 529 1231340832 15447556 12136339 50360158 14543796520 660823592 0 13877228 676780672
======================
   8      33 sdc1 13404434 529 1231340968 15449084 12137451 50360158 14546073896 661353128 129 13881508 677348740
======================
   8      33 sdc1 13404445 529 1231341056 15450860 12138756 50360201 14548716280 661983900 115 13886512 677977332
======================
   8      33 sdc1 13404455 529 1231341136 15452344 12140069 50360230 14551397384 662626212 53 13891592 678615308
======================
   8      33 sdc1 13404467 529 1231341232 15453784 12141370 50360258 14554049744 663230268 138 13896592 679230232
======================
   8      33 sdc1 13404478 529 1231341320 15455164 12142673 50360281 14556698136 663881644 137 13901596 679880184
======================
   8      33 sdc1 13404489 529 1231341408 15456880 12143975 50360311 14559348552 664518040 148 13906596 680508616
======================
   8      33 sdc1 13404499 529 1231341488 15458444 12145271 50360338 14561998848 665146660 142 13911600 681153380
======================
   8      33 sdc1 13404510 529 1231341576 15460180 12146574 50360358 14564647200 665764564 113 13916604 681772420
======================
   8      33 sdc1 13404521 529 1231341664 15461856 12147895 50360386 14567318064 666397588 89 13921664 682400420
======================
   8      33 sdc1 13404532 529 1231341752 15463632 12149230 50360424 14570005392 667038288 140 13926748 683042880
======================
   8      33 sdc1 13404543 529 1231341840 15465364 12150559 50360456 14572655776 667671700 144 13931752 683680040
======================
   8      33 sdc1 13404554 529 1231341928 15467164 12151864 50360488 14575308240 668296504 145 13936752 684308492
======================
   8      33 sdc1 13404564 529 1231342008 15468728 12153154 50360510 14577946240 668932832 132 13941756 684947764
======================
   8      33 sdc1 13404575 529 1231342096 15470268 12154448 50360550 14580582288 669561748 134 13946756 685578452
======================
   8      33 sdc1 13404586 529 1231342184 15471960 12155750 50360580 14583226632 670181344 126 13951760 686197924
======================
   8      33 sdc1 13404596 529 1231342264 15473440 12157049 50360610 14585866784 670810940 114 13956764 686831708
======================
   8      33 sdc1 13404607 529 1231342352 15475032 12158348 50360643 14588515112 671435792 103 13961764 687458564
======================
   8      33 sdc1 13404619 529 1231342448 15476984 12159653 50360675 14591157248 672059676 135 13966768 688083760
======================
   8      33 sdc1 13404629 529 1231342528 15478500 12160952 50360697 14593799464 672688768 156 13971772 688714384
======================
   8      33 sdc1 13404640 529 1231342616 15480024 12162389 50360736 14596445760 673318576 139 13976772 689339588
======================
   8      33 sdc1 13404651 529 1231342704 15481744 12163688 50360757 14599094112 673934940 140 13981776 689964368
======================
   8      33 sdc1 13404661 529 1231342784 15483244 12165019 50360795 14601756856 674583344 153 13986780 690608868
======================
   8      33 sdc1 13404672 529 1231342872 15485004 12166323 50360828 14604411352 675208888 144 13991780 691239372
======================
   8      33 sdc1 13404683 529 1231342960 15486652 12167628 50360849 14607067816 675832260 122 13996784 691861028
======================
   8      33 sdc1 13404693 529 1231343040 15488424 12168929 50360880 14609724352 676433584 105 14001788 692466888
======================
   8      33 sdc1 13404704 529 1231343128 15490144 12170234 50360921 14612380896 677046424 96 14006788 693082888
======================
   8      33 sdc1 13404716 529 1231343224 15491996 12171547 50360955 14615039592 677681908 155 14011792 693719284
======================
   8      33 sdc1 13404726 529 1231343304 15493528 12172852 50360978 14617706272 678313440 132 14016792 694352864
======================
   8      33 sdc1 13404736 529 1231343384 15494908 12174155 50361010 14620356672 678953560 134 14021796 694992088
======================
   8      33 sdc1 13404747 529 1231343472 15496696 12175471 50361050 14623015264 679583548 140 14026796 695625200
======================
   8      33 sdc1 13404757 529 1231343552 15498376 12176823 50361075 14625671808 680225188 153 14031800 696262944
======================
   8      33 sdc1 13404768 529 1231343640 15499900 12178222 50361106 14628330392 680845728 101 14036800 696888140
======================
   8      33 sdc1 13404780 529 1231343736 15501444 12179527 50361140 14630988968 681482996 130 14041804 697530548
======================
   8      33 sdc1 13404790 529 1231343816 15502824 12180845 50361180 14633643464 682129876 152 14046808 698178472
======================
   8      33 sdc1 13404801 529 1231343904 15504596 12182153 50361212 14636300008 682751204 137 14051812 698802312
======================
   8      33 sdc1 13404812 529 1231343992 15506140 12183462 50361259 14638954488 683374544 145 14056812 699428452
======================
   8      33 sdc1 13404822 529 1231344072 15507660 12184773 50361289 14641613104 684001684 144 14061816 700053104
======================
   8      33 sdc1 13404833 529 1231344160 15509352 12186089 50361329 14644273736 684627268 125 14066816 700679292
======================
   8      33 sdc1 13404844 529 1231344248 15511160 12187394 50361364 14646932312 685254828 107 14071820 701313444
======================
   8      33 sdc1 13404855 529 1231344336 15512832 12188699 50361403 14649586824 685891252 92 14076824 701948656
======================
   8      33 sdc1 13404866 529 1231344424 15514536 12190021 50361446 14652247472 686526272 150 14081824 702588264
======================
   8      33 sdc1 13404877 529 1231344512 15516336 12191344 50361481 14654899912 687155708 131 14086828 703218228
======================
   8      33 sdc1 13404888 529 1231344600 15517980 12192780 50361517 14657552384 687804684 128 14091828 703861736
======================
   8      33 sdc1 13404898 529 1231344680 15519524 12194094 50361556 14660215080 688424820 145 14096832 704489336
======================
   8      33 sdc1 13404909 529 1231344768 15521264 12195400 50361590 14662867528 689055804 136 14101836 705118808
======================
   8      33 sdc1 13404920 529 1231344856 15523020 12196709 50361632 14665524096 689688684 118 14106836 705756048
======================
   8      33 sdc1 13404931 529 1231344944 15524716 12198018 50361674 14668172440 690314416 151 14111840 706387300
======================
   8      33 sdc1 13404942 529 1231345032 15526248 12199327 50361718 14670833088 690947608 133 14116844 707020652
======================
   8      33 sdc1 13404953 529 1231345120 15527896 12200637 50361759 14673485552 691587476 141 14121844 707657648
======================
   8      33 sdc1 13404963 529 1231345200 15529404 12201948 50361807 14676146200 692223140 129 14126848 708294556
======================
   8      33 sdc1 13404970 529 1231345256 15530508 12202889 50361849 14678028688 692691488 0 14130392 708731444
started
======================
   8      33 sdc1 13410283 529 1232661242 15575964 12202899 50361850 14678028776 692691520 13 14132852 708777088
======================
   8      33 sdc1 13421646 531 1235570682 15686880 12202901 50361854 14678028824 692691556 14 14138096 708888020
======================
   8      33 sdc1 13432501 531 1238349562 15790440 12202901 50361854 14678028824 692691556 16 14143096 708991532
======================
   8      33 sdc1 13443357 531 1241128698 15893848 12202901 50361854 14678028824 692691556 26 14148096 709094932
======================
   8      33 sdc1 13454211 531 1243907322 15999740 12202901 50361854 14678028824 692691556 22 14153100 709200932
======================
   8      33 sdc1 13465124 531 1246701050 16105452 12202901 50361854 14678028824 692691556 20 14158128 709306636
======================
   8      33 sdc1 13476010 531 1249487866 16211308 12202903 50361856 14678028856 692691576 20 14163140 709412412
======================
   8      33 sdc1 13486908 531 1252277754 16315712 12202903 50361856 14678028856 692691576 13 14168164 709516824
======================
   8      33 sdc1 13497761 531 1255056122 16418720 12202903 50361856 14678028856 692691576 28 14173164 709619788
======================
   8      33 sdc1 13508617 531 1257835258 16523516 12202903 50361856 14678028856 692691576 17 14178164 709724548
======================
   8      33 sdc1 13519475 531 1260614906 16628896 12202903 50361856 14678028856 692691576 22 14183168 709830052
======================
   8      33 sdc1 13530332 531 1263394298 16734152 12202903 50361856 14678028856 692691576 30 14188168 709935196
======================
   8      33 sdc1 13541187 531 1266173178 16839424 12202903 50361856 14678028856 692691576 20 14193172 710040580
======================
   8      33 sdc1 13552041 531 1268951802 16943600 12202903 50361856 14678028856 692691576 20 14198172 710144692
======================
   8      33 sdc1 13562896 531 1271730682 17047624 12202903 50361856 14678028856 692691576 13 14203172 710248648
======================
   8      33 sdc1 13573751 531 1274509562 17151312 12202903 50361856 14678028856 692691576 20 14208176 710352484
======================
   8      33 sdc1 13584608 531 1277288954 17255184 12202903 50361856 14678028856 692691576 26 14213176 710456268
======================
   8      33 sdc1 13595464 531 1280068090 17358296 12202903 50361856 14678028856 692691576 14 14218180 710559424
======================
   8      33 sdc1 13606322 531 1282847994 17463504 12202903 50361856 14678028856 692691576 17 14223180 710664540
======================
   8      33 sdc1 13617177 531 1285626618 17566344 12202903 50361856 14678028856 692691576 26 14228184 710767432
======================
   8      33 sdc1 13628034 531 1288406010 17670488 12202903 50361856 14678028856 692691576 20 14233184 710871628
======================
   8      33 sdc1 13638891 531 1291185402 17774680 12202903 50361856 14678028856 692691576 14 14238188 710975808
======================
   8      33 sdc1 13649744 531 1293963770 17879244 12202903 50361856 14678028856 692691576 27 14243192 711080456
======================
   8      33 sdc1 13660598 531 1296742394 17984056 12202903 50361856 14678028856 692691576 21 14248192 711185212
======================
   8      33 sdc1 13671455 531 1299522042 18086352 12202903 50361856 14678028856 692691576 26 14253196 711287524
======================
   8      33 sdc1 13682317 531 1302302458 18191388 12202903 50361856 14678028856 692691576 23 14258196 711392460
======================
   8      33 sdc1 13693171 531 1305081082 18294888 12202903 50361856 14678028856 692691576 22 14263196 711496040
======================
   8      33 sdc1 13704025 531 1307859706 18399896 12202903 50361856 14678028856 692691576 27 14268200 711600948
======================
   8      33 sdc1 13714882 531 1310639098 18502748 12202903 50361856 14678028856 692691576 28 14273200 711703844
======================
   8      33 sdc1 13725741 531 1313419002 18607124 12202903 50361856 14678028856 692691576 27 14278204 711808308
======================
   8      33 sdc1 13736602 531 1316199418 18710860 12202903 50361856 14678028856 692691576 24 14283204 711911992
======================
   8      33 sdc1 13747456 531 1318978042 18814440 12202903 50361856 14678028856 692691576 27 14288204 712015464
======================
   8      33 sdc1 13758313 531 1321757434 18918468 12202903 50361856 14678028856 692691576 29 14293208 712119620
======================
   8      33 sdc1 13769167 531 1324536058 19020188 12202903 50361856 14678028856 692691576 25 14298208 712221380
======================
   8      33 sdc1 13780021 531 1327314682 19124084 12202903 50361856 14678028856 692691576 21 14303208 712325232
======================
   8      33 sdc1 13790877 531 1330093818 19228692 12202903 50361856 14678028856 692691576 28 14308212 712429808
======================
   8      33 sdc1 13801737 531 1332873978 19333536 12202903 50361856 14678028856 692691576 12 14313212 712534632
======================
   8      33 sdc1 13812595 531 1335653626 19438592 12202903 50361856 14678028856 692691576 13 14318216 712639660
======================
   8      33 sdc1 13823453 531 1338433274 19543452 12202903 50361856 14678028856 692691576 14 14323216 712744528
======================
   8      33 sdc1 13834309 531 1341212410 19648880 12202903 50361856 14678028856 692691576 15 14328216 712849908
======================
   8      33 sdc1 13845162 531 1343990778 19751296 12202903 50361856 14678028856 692691576 13 14333220 712952368
======================
   8      33 sdc1 13856018 531 1346769914 19854828 12202903 50361856 14678028856 692691576 28 14338220 713055944
======================
   8      33 sdc1 13866876 531 1349549562 19959304 12202903 50361856 14678028856 692691576 25 14343224 713160472
======================
   8      33 sdc1 13877763 531 1352336634 20064812 12202903 50361856 14678028856 692691576 26 14348236 713265936
======================
   8      33 sdc1 13888616 531 1355115002 20167984 12202903 50361856 14678028856 692691576 14 14353240 713369108
======================
   8      33 sdc1 13896703 531 1357185274 20241736 12202903 50361856 14678028856 692691576 0 14356980 713442708
