======================
   8      17 sdb1 998600 0 251782498 1508308 2063012 103565232 3351788776 568734972 0 4264604 570244112
======================
   8      17 sdb1 998603 0 251782522 1508308 2063012 103565232 3351788776 568734972 0 4264604 570244112
======================
   8      17 sdb1 998603 0 251782522 1508308 2063015 103565241 3351788872 568734980 0 4264612 570244120
======================
   8      17 sdb1 998603 0 251782522 1508308 2063017 103565242 3351788896 568734988 0 4264620 570244128
======================
   8      17 sdb1 998603 0 251782522 1508308 2063019 103565243 3351788920 568734996 0 4264628 570244136
======================
   8      17 sdb1 998603 0 251782522 1508308 2063021 103565244 3351788944 568735004 0 4264636 570244144
======================
   8      17 sdb1 998603 0 251782522 1508308 2063023 103565245 3351788968 568735016 0 4264648 570244156
======================
   8      17 sdb1 998626 0 251782706 1510100 2065381 103565247 3356599808 569318872 132 4269308 570848032
======================
   8      17 sdb1 998647 0 251782874 1511904 2067903 103565273 3361763040 569956384 156 4274320 571487820
======================
   8      17 sdb1 998664 0 251783010 1513756 2069967 103565297 3365984176 570586180 134 4279320 572124424
======================
   8      17 sdb1 998680 0 251783138 1515548 2071948 103565317 3370037344 571225236 115 4284324 572765668
======================
   8      17 sdb1 998697 0 251783274 1517392 2073934 103565336 3374078216 571847468 148 4289328 573388668
======================
   8      17 sdb1 998713 0 251783402 1519176 2075918 103565356 3378137528 572489760 120 4294332 574034028
======================
   8      17 sdb1 998730 0 251783538 1521088 2077897 103565376 3382186600 573128984 142 4299340 574675528
======================
   8      17 sdb1 998746 0 251783666 1522780 2079878 103565395 3386239760 573768980 124 4304344 575317216
======================
   8      17 sdb1 998763 0 251783802 1524652 2081857 103565416 3390288840 574398528 146 4309348 575948728
======================
   8      17 sdb1 998779 0 251783930 1526456 2083830 103565436 3394325624 575047740 140 4314356 576599368
======================
   8      17 sdb1 998796 0 251784066 1528352 2085809 103565456 3398374696 575689960 134 4319364 577243636
======================
   8      17 sdb1 998812 0 251784194 1530120 2087789 103565475 3402425808 576324656 148 4324368 577878064
======================
   8      17 sdb1 998829 0 251784330 1532032 2089765 103565495 3406468736 576967416 103 4329376 578522836
======================
   8      17 sdb1 998846 0 251784466 1533864 2091745 103565514 3410519848 577607992 145 4334384 579160048
======================
   8      17 sdb1 998862 0 251784594 1535680 2093727 103565534 3414575064 578238792 105 4339388 579791524
======================
   8      17 sdb1 998879 0 251784730 1537596 2095702 103565555 3418615952 578863464 154 4344396 580425744
======================
   8      17 sdb1 998895 0 251784858 1539344 2097677 103565574 3422656824 579502680 127 4349400 581066832
======================
   8      17 sdb1 998912 0 251784994 1541236 2099662 103565594 3426718184 580142624 143 4354404 581708780
======================
   8      17 sdb1 998928 0 251785122 1543008 2101637 103565613 3430759056 580780192 139 4359408 582345836
======================
   8      17 sdb1 998945 0 251785258 1544920 2103617 103565633 3434810176 581420336 128 4364416 582990496
======================
   8      17 sdb1 998961 0 251785386 1546628 2105595 103565652 3438857192 582065236 128 4369420 583636924
======================
   8      17 sdb1 998978 0 251785522 1548536 2107579 103565672 3442916504 582694984 149 4374424 584265488
======================
   8      17 sdb1 998994 0 251785650 1550332 2109551 103565693 3446951248 583325900 145 4379432 584901116
======================
   8      17 sdb1 999011 0 251785786 1552232 2111533 103565713 3451006464 583968248 140 4384436 585545284
======================
   8      17 sdb1 999027 0 251785914 1554020 2113516 103565732 3455063720 584599732 143 4389444 586178628
======================
   8      17 sdb1 999043 0 251786042 1555800 2115483 103565752 3459088216 585241600 115 4394448 586822788
======================
   8      17 sdb1 999060 0 251786178 1557644 2117465 103565771 3463145472 585881644 152 4399452 587462296
======================
   8      17 sdb1 999076 0 251786306 1559444 2119440 103565791 3467184304 586518576 130 4404456 588100880
======================
   8      17 sdb1 999093 0 251786442 1561364 2121415 103565810 3471225176 587160712 142 4409464 588745504
======================
   8      17 sdb1 999109 0 251786570 1563160 2123395 103565829 3475276288 587794860 147 4414468 589381132
======================
   8      17 sdb1 999118 0 251786642 1564180 2124586 103566305 3477627464 588169204 0 4417416 589734196
started
======================
   8      17 sdb1 999213 0 251787396 1564184 2124621 103566305 3477627744 588169308 0 4417524 589734304
======================
   8      17 sdb1 1017362 0 256422540 1571660 2124621 103566305 3477627744 588169308 2 4421976 589741772
======================
   8      17 sdb1 1037762 0 261644172 1579944 2124624 103566307 3477627784 588170308 2 4426972 589751036
======================
   8      17 sdb1 1058175 0 266869644 1588260 2124624 103566307 3477627784 588170308 2 4431976 589759352
======================
   8      17 sdb1 1078651 0 272110988 1596536 2124624 103566307 3477627784 588170308 2 4436984 589767616
======================
   8      17 sdb1 1099154 0 277359500 1604708 2124624 103566307 3477627784 588170308 1 4441988 589775776
======================
   8      17 sdb1 1119603 0 282593932 1612852 2124624 103566307 3477627784 588170308 2 4446992 589783916
======================
   8      17 sdb1 1140114 0 287844236 1620996 2124624 103566307 3477627784 588170308 2 4451996 589792048
======================
   8      17 sdb1 1160573 0 293081484 1629152 2124624 103566307 3477627784 588170308 2 4457000 589800204
======================
   8      17 sdb1 1181041 0 298321036 1637324 2124626 103566307 3477627800 588170308 2 4462004 589808372
======================
   8      17 sdb1 1201522 0 303563660 1645536 2124626 103566307 3477627800 588170308 1 4467012 589816564
======================
   8      17 sdb1 1221960 0 308795532 1653624 2124626 103566307 3477627800 588170308 1 4472016 589824640
======================
   8      17 sdb1 1242451 0 314040716 1661808 2124626 103566307 3477627800 588170308 1 4477020 589832824
======================
   8      17 sdb1 1262893 0 319273356 1670008 2124626 103566307 3477627800 588170308 2 4482024 589841020
======================
   8      17 sdb1 1283369 0 324514956 1678220 2124626 103566307 3477627800 588170308 1 4487028 589849220
======================
   8      17 sdb1 1303831 0 329752972 1686492 2124626 103566307 3477627800 588170308 2 4492036 589857496
======================
   8      17 sdb1 1324278 0 334986892 1694644 2124626 103566307 3477627800 588170308 2 4497040 589865636
======================
   8      17 sdb1 1344753 0 340227980 1702800 2124626 103566307 3477627800 588170308 1 4502044 589873788
======================
   8      17 sdb1 1365192 0 345459604 1710952 2124626 103566307 3477627800 588170308 2 4507048 589881936
======================
   8      17 sdb1 1385662 0 350699412 1719112 2124626 103566307 3477627800 588170308 2 4512052 589890088
======================
   8      17 sdb1 1406144 0 355942548 1727476 2124626 103566307 3477627800 588170308 2 4517060 589898452
======================
   8      17 sdb1 1426601 0 361179284 1735684 2124626 103566307 3477627800 588170308 2 4522064 589906644
======================
   8      17 sdb1 1447089 0 366423700 1743768 2124626 103566307 3477627800 588170308 2 4527068 589914728
======================
   8      17 sdb1 1467555 0 371662740 1751920 2124626 103566307 3477627800 588170308 1 4532072 589922860
======================
   8      17 sdb1 1488038 0 376906132 1760096 2124626 103566307 3477627800 588170308 2 4537080 589931028
