======================
   8      17 sdb1 8946884 1936529 2460270792 43427784 17997054 310705414 11229852184 1971139984 0 16026832 2014567580
======================
   8      17 sdb1 8946887 1936529 2460270816 43427784 17997054 310705414 11229852184 1971139984 0 16026832 2014567580
======================
   8      17 sdb1 8946887 1936529 2460270816 43427784 17997057 310705423 11229852280 1971139996 0 16026844 2014567592
======================
   8      17 sdb1 8946887 1936529 2460270816 43427784 17997059 310705424 11229852304 1971140004 0 16026852 2014567600
======================
   8      17 sdb1 8946887 1936529 2460270816 43427784 17997061 310705425 11229852328 1971140016 0 16026864 2014567612
======================
   8      17 sdb1 8946887 1936529 2460270816 43427784 17997063 310705426 11229852352 1971140024 0 16026872 2014567620
======================
   8      17 sdb1 8946887 1936529 2460270816 43427784 17997065 310705427 11229852376 1971140032 0 16026880 2014567628
======================
   8      17 sdb1 8946910 1936529 2460271000 43429528 17999421 310705430 11234605872 1971725656 149 16031508 2015174444
======================
   8      17 sdb1 8946931 1936529 2460271168 43431312 18001933 310705455 11239746568 1972366316 153 16036512 2015815884
======================
   8      17 sdb1 8946948 1936529 2460271304 43433120 18004009 310705479 11243994328 1972990524 128 16041516 2016446448
======================
   8      17 sdb1 8946964 1936529 2460271432 43434848 18005997 310705499 11248061832 1973633164 134 16046520 2017090252
======================
   8      17 sdb1 8946981 1936529 2460271568 43436732 18007985 310705519 11252129336 1974258812 148 16051528 2017718656
======================
   8      17 sdb1 8946997 1936529 2460271696 43438512 18009975 310705539 11256200936 1974887876 120 16056532 2018348448
======================
   8      17 sdb1 8947014 1936529 2460271832 43440388 18011966 310705559 11260274584 1975520360 156 16061536 2018981476
======================
   8      17 sdb1 8947031 1936529 2460271968 43442276 18013953 310705579 11264340040 1976156852 153 16066544 2019622132
======================
   8      17 sdb1 8947047 1936529 2460272096 43443928 18015940 310705599 11268405496 1976794612 152 16071548 2020262660
======================
   8      17 sdb1 8947063 1936529 2460272224 43445724 18017929 310705619 11272475048 1977442764 102 16076552 2020911176
======================
   8      17 sdb1 8947080 1936529 2460272360 43447624 18019915 310705639 11276538456 1978086128 149 16081556 2021557720
======================
   8      17 sdb1 8947096 1936529 2460272488 43449352 18021900 310705658 11280599808 1978722136 103 16086564 2022194640
======================
   8      17 sdb1 8947114 1936529 2460272632 43451376 18023885 310705678 11284661168 1979356120 143 16091568 2022820644
======================
   8      17 sdb1 8947131 1936529 2460272768 43453268 18025874 310705697 11288732760 1979995772 148 16096572 2023469308
======================
   8      17 sdb1 8947147 1936529 2460272896 43455092 18027856 310705716 11292785920 1980623380 130 16101576 2024100516
======================
   8      17 sdb1 8947163 1936529 2460273024 43456876 18029838 310705737 11296841144 1981265576 101 16106584 2024745796
======================
   8      17 sdb1 8947180 1936529 2460273160 43458708 18031819 310705756 11300894304 1981905812 139 16111588 2025386736
======================
   8      17 sdb1 8947197 1936529 2460273296 43460608 18033805 310705776 11304957712 1982541532 153 16116592 2026024776
======================
   8      17 sdb1 8947213 1936529 2460273424 43462400 18035788 310705795 11309014968 1983186812 142 16121596 2026671232
======================
   8      17 sdb1 8947229 1936529 2460273552 43464192 18037768 310705814 11313066080 1983819808 115 16126604 2027306500
======================
   8      17 sdb1 8947244 1936529 2460273672 43465852 18039757 310705834 11317135632 1984466916 143 16131608 2027956820
======================
   8      17 sdb1 8947261 1936529 2460273808 43467752 18041742 310705854 11321196992 1985099696 145 16136616 2028590448
======================
   8      17 sdb1 8947277 1936529 2460273936 43469428 18043728 310705874 11325260400 1985740536 136 16141620 2029234448
======================
   8      17 sdb1 8947294 1936529 2460274072 43471316 18045715 310705895 11329325864 1986377520 153 16146624 2029870812
======================
   8      17 sdb1 8947310 1936529 2460274200 43473112 18047699 310705914 11333385168 1987022060 137 16151632 2030518992
======================
   8      17 sdb1 8947327 1936529 2460274336 43474996 18049685 310705933 11337448568 1987655964 155 16156636 2031153044
======================
   8      17 sdb1 8947343 1936529 2460274464 43476764 18051670 310705952 11341509920 1988303916 138 16161640 2031804724
======================
   8      17 sdb1 8947360 1936529 2460274600 43478660 18053657 310705971 11345575368 1988940772 155 16166640 2032441604
======================
   8      17 sdb1 8947376 1936529 2460274728 43480440 18055643 310705990 11349638768 1989585820 137 16171648 2033090728
======================
   8      17 sdb1 8947393 1936529 2460274864 43482328 18057629 310706009 11353702168 1990218812 155 16176652 2033723452
======================
   8      17 sdb1 8947400 1936529 2460274920 43483116 18058641 310706485 11355690832 1990533168 0 16179152 2034016064
======================
   8      17 sdb1 8950903 1936529 2461138146 43484492 18058675 310706485 11355691104 1990533240 2 16180052 2034017512
======================
   8      17 sdb1 8971292 1936529 2466356450 43492892 18058678 310706487 11355691144 1990533448 1 16185064 2034026104
started
======================
   8      17 sdb1 8983881 1936529 2469578474 43498008 18058678 310706487 11355691144 1990533448 1 16188668 2034031216
======================
   8      17 sdb1 8993917 1936529 2472147690 43501988 18058678 310706487 11355691144 1990533448 1 16192640 2034035188
======================
   8      17 sdb1 9003969 1936529 2474721002 43505864 18058678 310706487 11355691144 1990533448 0 16196508 2034039056
======================
   8      17 sdb1 9014024 1936529 2477295082 43510008 18058678 310706487 11355691144 1990533448 1 16200648 2034043196
======================
   8      17 sdb1 9024122 1936529 2479880170 43513920 18058678 310706487 11355691144 1990533448 1 16204552 2034047100
======================
   8      17 sdb1 9034499 1936529 2482536682 43517952 18058678 310706487 11355691144 1990533448 0 16208580 2034051128
======================
   8      17 sdb1 9044762 1936529 2485164010 43521932 18058680 310706487 11355691160 1990533448 0 16212556 2034055104
======================
   8      17 sdb1 9054715 1936529 2487711978 43525868 18058680 310706487 11355691160 1990533448 1 16216476 2034059024
======================
   8      17 sdb1 9065071 1936529 2490363114 43529812 18058680 310706487 11355691160 1990533448 1 16220416 2034062964
======================
   8      17 sdb1 9074924 1936529 2492885482 43533680 18058680 310706487 11355691160 1990533448 1 16224276 2034066824
======================
   8      17 sdb1 9084875 1936529 2495432938 43537596 18058680 310706487 11355691160 1990533448 1 16228184 2034070732
======================
   8      17 sdb1 9094623 1936529 2497928426 43541456 18058680 310706487 11355691160 1990533448 1 16232040 2034074588
======================
   8      17 sdb1 9104322 1936529 2500411370 43545316 18058680 310706487 11355691160 1990533448 0 16235900 2034078448
======================
   8      17 sdb1 9113967 1936529 2502880490 43549280 18058680 310706487 11355691160 1990533448 1 16239860 2034082408
======================
   8      17 sdb1 9123593 1936529 2505344746 43553116 18058680 310706487 11355691160 1990533448 1 16243688 2034086236
======================
   8      17 sdb1 9131633 1936529 2507402986 43556408 18058680 310706487 11355691160 1990533448 0 16246976 2034089524
