======================
   8      33 sdc1 16409275 48519 2085090854 86091759 35776717 44469274 27051024744 996854733 0 17094609 1082926433
======================
   8      33 sdc1 16409291 48519 2085090982 86095459 35777052 44470753 27053302120 997009533 1 17098895 1083084934
======================
   8      33 sdc1 16409301 48519 2085091062 86099543 35777201 44472710 27055792744 997056321 9 17103624 1083135833
======================
   8      33 sdc1 16409311 48519 2085091142 86103850 35777355 44474634 27058433384 997109954 6 17108627 1083196085
======================
   8      33 sdc1 16409322 48519 2085091230 86107976 35777504 44476579 27060967400 997164712 11 17113419 1083254700
======================
   8      33 sdc1 16409333 48519 2085091318 86111951 35777654 44478517 27063542760 997215001 13 17118282 1083310671
======================
   8      33 sdc1 16409343 48519 2085091398 86116177 35777806 44480466 27066150632 997276223 13 17123208 1083375680
======================
   8      33 sdc1 16409354 48519 2085091486 86120591 35777952 44482414 27068740784 997335750 16 17128089 1083437881
======================
   8      33 sdc1 16409365 48519 2085091574 86125023 35778121 44484269 27071380688 997393392 1 17133091 1083498690
======================
   8      33 sdc1 16409375 48519 2085091654 86129042 35778266 44486368 27073947736 997461323 15 17137959 1083575135
======================
   8      33 sdc1 16409385 48519 2085091734 86133091 35778406 44488125 27076352016 997531147 14 17142502 1083651128
======================
   8      33 sdc1 16409396 48519 2085091822 86137606 35778558 44490077 27079005016 997587852 11 17147502 1083707064
======================
   8      33 sdc1 16409406 48519 2085091902 86141347 35778977 44491735 27081648344 997755125 17 17152505 1083886884
======================
   8      33 sdc1 16409417 48519 2085091990 86145803 35779256 44493548 27084199016 997855340 23 17157337 1083987174
======================
   8      33 sdc1 16409428 48519 2085092078 86150160 35779545 44495271 27086826720 997959732 0 17162306 1084089828
======================
   8      33 sdc1 16409438 48519 2085092158 86154747 35779819 44497235 27089404512 998049462 27 17167185 1084184447
======================
   8      33 sdc1 16409449 48519 2085092246 86158973 35780099 44499050 27092028768 998124012 29 17172185 1084263487
======================
   8      33 sdc1 16409460 48519 2085092334 86163237 35780380 44500783 27094565728 998203295 24 17177029 1084350349
======================
   8      33 sdc1 16409469 48519 2085092406 86167406 35780646 44502497 27097049248 998293546 24 17181724 1084443028
======================
   8      33 sdc1 16409479 48519 2085092486 86171567 35780918 44504121 27099456480 998362020 23 17186297 1084518432
======================
   8      33 sdc1 16409490 48519 2085092574 86176132 35781267 44505907 27102105920 998469793 11 17191300 1084628480
======================
   8      33 sdc1 16409500 48519 2085092654 86180330 35781621 44507686 27104713792 998564172 18 17196200 1084728977
======================
   8      33 sdc1 16409511 48519 2085092742 86184573 35781901 44509499 27107283528 998662250 23 17201020 1084828501
======================
   8      33 sdc1 16409522 48519 2085092830 86188647 35782330 44510992 27109847752 998793055 6 17205818 1084962705
======================
   8      33 sdc1 16409531 48519 2085092902 86192470 35782733 44512649 27112398152 998994768 8 17210617 1085170929
======================
   8      33 sdc1 16409542 48519 2085092990 86196815 35783057 44514419 27114986952 999097329 13 17215489 1085278333
======================
   8      33 sdc1 16409552 48519 2085093070 86201398 35783384 44516106 27117565008 999193422 0 17220340 1085374727
======================
   8      33 sdc1 16409563 48519 2085093158 86205661 35783720 44518014 27120180096 999293085 19 17225298 1085486835
======================
   8      33 sdc1 16409574 48519 2085093246 86210343 35784021 44519631 27122614728 999381237 11 17229871 1085575451
======================
   8      33 sdc1 16409583 48519 2085093318 86214159 35784349 44521394 27125258056 999484029 7 17234874 1085681088
======================
   8      33 sdc1 16409594 48519 2085093406 86218389 35784671 44523166 27127807376 999574653 15 17239692 1085779219
======================
   8      33 sdc1 16409605 48519 2085093494 86222515 35785041 44524889 27130378448 999683913 25 17244500 1085890751
======================
   8      33 sdc1 16409615 48519 2085093574 86226798 35785440 44526576 27132946576 999851359 36 17249325 1086059800
======================
   8      33 sdc1 16409626 48519 2085093662 86231086 35785798 44528391 27135619144 999974543 19 17254327 1086191855
======================
   8      33 sdc1 16409637 48519 2085093750 86235006 35786124 44530176 27138273480 1000067610 15 17259304 1086287155
======================
   8      33 sdc1 16409648 48519 2085093838 86238838 35786705 44531859 27140891040 1000296335 52 17264247 1086525310
======================
   8      33 sdc1 16409658 48519 2085093918 86243161 35787036 44533434 27143358416 1000403397 36 17268876 1086627196
======================
   8      33 sdc1 16409668 48519 2085093998 86246955 35787375 44535022 27145964952 1000503187 2 17273801 1086730973
======================
   8      33 sdc1 16409679 48519 2085094086 86251534 35787717 44536954 27148598880 1000605963 36 17278802 1086841699
======================
   8      33 sdc1 16409690 48519 2085094174 86256046 35788070 44538662 27151245416 1000712144 8 17283802 1086949654
======================
   8      33 sdc1 16409700 48519 2085094254 86259849 35788408 44540360 27153793384 1000821526 7 17288603 1087065717
======================
   8      33 sdc1 16409710 48519 2085094334 86264380 35788730 44542117 27156229096 1000915254 34 17293158 1087168629
======================
   8      33 sdc1 16409721 48519 2085094422 86268519 35789102 44543852 27158860336 1001040159 35 17298105 1087299482
======================
   8      33 sdc1 16409732 48519 2085094510 86272902 35789520 44545543 27161514680 1001213119 33 17303083 1087469036
======================
   8      33 sdc1 16409742 48519 2085094590 86277160 35789897 44547095 27164039160 1001326353 9 17307817 1087586482
======================
   8      33 sdc1 16409753 48519 2085094678 86281308 35790260 44549062 27166657320 1001455096 40 17312737 1087717753
======================
   8      33 sdc1 16409765 48519 2085094774 86285659 35790834 44550672 27169327912 1001725990 55 17317739 1088017926
======================
   8      33 sdc1 16409774 48519 2085094846 86289669 35791216 44552320 27171985072 1001864744 29 17322742 1088136306
======================
   8      33 sdc1 16409784 48519 2085094926 86293765 35791552 44553866 27174407216 1001978105 23 17327288 1088257561
======================
   8      33 sdc1 16409794 48519 2085095006 86297550 35791905 44555465 27176864208 1002105911 0 17331896 1088383310
started
======================
   8      33 sdc1 16409984 48519 2085096520 86297949 35791915 44555466 27176864296 1002105932 0 17331967 1088383730
======================
   8      33 sdc1 16409984 48519 2085096520 86297949 35936279 44555469 27178057264 1002524980 157 17334922 1088803434
======================
   8      33 sdc1 16409984 48519 2085096520 86297949 36177215 44555470 27180072384 1003226638 128 17339894 1089508198
======================
   8      33 sdc1 16409984 48519 2085096520 86297949 36415199 44555472 27182093760 1003933390 152 17344858 1090211578
======================
   8      33 sdc1 16409984 48519 2085096520 86297949 36656872 44555473 27184133600 1004645490 132 17349872 1090923642
======================
   8      33 sdc1 16409984 48519 2085096520 86297949 36891643 44555475 27186126128 1005337570 140 17354771 1091615562
======================
   8      33 sdc1 16409984 48519 2085096520 86297949 37133935 44555477 27188163592 1006044355 153 17359783 1092326013
======================
   8      33 sdc1 16409984 48519 2085096520 86297949 37288103 44555478 27189439680 1006502068 148 17362980 1092780000
======================
   8      33 sdc1 16409984 48519 2085096520 86297949 37532689 44555480 27191467176 1007211600 134 17367984 1093492627
======================
   8      33 sdc1 16409984 48519 2085096520 86297949 37704641 44555482 27192897056 1007718678 155 17371546 1093996437
======================
   8      33 sdc1 16409984 48519 2085096520 86297949 37947666 44555483 27194932432 1008429036 141 17376558 1094710164
======================
   8      33 sdc1 16409984 48519 2085096520 86297949 38138332 44555484 27196515088 1008989161 150 17380496 1095269841
======================
   8      33 sdc1 16409984 48519 2085096520 86297949 38352169 44555485 27198270272 1009614340 0 17384867 1095892071
======================
   8      33 sdc1 16409984 48519 2085096520 86297949 38535846 44555486 27199786336 1010148867 150 17388634 1096429013
======================
   8      33 sdc1 16409984 48519 2085096520 86297949 38724871 44555487 27201342320 1010703292 0 17392508 1096980939
======================
   8      33 sdc1 16409984 48519 2085096520 86297949 38919229 44555488 27202965592 1011271874 132 17396524 1097551747
======================
   8      33 sdc1 16409984 48519 2085096520 86297949 39094228 44555489 27204406176 1011786821 0 17400119 1098064527
======================
   8      33 sdc1 16409984 48519 2085096520 86297949 39315272 44555491 27206262688 1012435408 131 17404712 1098714877
======================
   8      33 sdc1 16409984 48519 2085096520 86297949 39478396 44555492 27207605784 1012914406 143 17408069 1099192298
======================
   8      33 sdc1 16409984 48519 2085096520 86297949 39719443 44555494 27209643648 1013623100 134 17413071 1099902226
======================
   8      33 sdc1 16409984 48519 2085096520 86297949 39956354 44555495 27211622976 1014317270 141 17417963 1100594957
======================
   8      33 sdc1 16409984 48519 2085096520 86297949 40196513 44555497 27213664528 1015025984 134 17422966 1101304734
======================
   8      33 sdc1 16409984 48519 2085096520 86297949 40404606 44555499 27215410200 1015635623 153 17427272 1101914147
======================
   8      33 sdc1 16409984 48519 2085096520 86297949 40648234 44555500 27217434272 1016347238 128 17432273 1102625549
======================
   8      33 sdc1 16409984 48519 2085096520 86297949 40819312 44555501 27218853952 1016848265 157 17435804 1103126111
======================
   8      33 sdc1 16409984 48519 2085096520 86297949 41047995 44555502 27220741240 1017516037 0 17440488 1103793228
======================
   8      33 sdc1 16409984 48519 2085096520 86297949 41237238 44555502 27222321816 1018070937 138 17444403 1104348244
======================
   8      33 sdc1 16409984 48519 2085096520 86297949 41425676 44555503 27223879936 1018622711 133 17448283 1104899988
======================
   8      33 sdc1 16409984 48519 2085096520 86297949 41668254 44555504 27225907032 1019332428 155 17453285 1105609693
======================
   8      33 sdc1 16409984 48519 2085096520 86297949 41848544 44555505 27227396704 1019857770 147 17456979 1106134960
======================
   8      33 sdc1 16409984 48519 2085096520 86297949 42091686 44555506 27229426752 1020564415 147 17461986 1106845886
======================
   8      33 sdc1 16409984 48519 2085096520 86297949 42279506 44555507 27230996320 1021124118 136 17465898 1107401128
======================
   8      33 sdc1 16409984 48519 2085096520 86297949 42516496 44555508 27232988424 1021819798 0 17470808 1108096563
======================
   8      33 sdc1 16409984 48519 2085096520 86297949 42736786 44555509 27234823736 1022459491 137 17475333 1108740549
======================
   8      33 sdc1 16409984 48519 2085096520 86297949 42886057 44555510 27236052280 1022899288 0 17478391 1109176087
======================
   8      33 sdc1 16409984 48519 2085096520 86297949 43103061 44555511 27237837512 1023529413 154 17482826 1109810428
======================
   8      33 sdc1 16409984 48519 2085096520 86297949 43258038 44555512 27239107944 1023985700 0 17486002 1110262559
======================
   8      33 sdc1 16409984 48519 2085096520 86297949 43461256 44555513 27240780664 1024575193 143 17490156 1110855871
======================
   8      33 sdc1 16409984 48519 2085096520 86297949 43629656 44555515 27242163608 1025069427 0 17493608 1111346220
======================
   8      33 sdc1 16409984 48519 2085096520 86297949 43862747 44555516 27244089248 1025747858 132 17498391 1112028216
======================
   8      33 sdc1 16409984 48519 2085096520 86297949 44021423 44555517 27245400512 1026217391 146 17501664 1112494372
======================
   8      33 sdc1 16409984 48519 2085096520 86297949 44265514 44555518 27247432560 1026929124 137 17506675 1113209085
======================
   8      33 sdc1 16409984 48519 2085096520 86297949 44428578 44555520 27248785368 1027413523 137 17510068 1113690698
======================
   8      33 sdc1 16409984 48519 2085096520 86297949 44671417 44555522 27250829296 1028126626 151 17515099 1114403824
======================
   8      33 sdc1 16409984 48519 2085096520 86297949 44910143 44555523 27252825544 1028822885 139 17520020 1115100036
======================
   8      33 sdc1 16409984 48519 2085096520 86297949 45150739 44555524 27254865344 1029530548 153 17525027 1115810376
======================
   8      33 sdc1 16409984 48519 2085096520 86297949 45359633 44555526 27256616000 1030144980 130 17529351 1116422182
======================
   8      33 sdc1 16409984 48519 2085096520 86297949 45596062 44555528 27258604464 1030838142 150 17534249 1117115356
======================
   8      33 sdc1 16409984 48519 2085096520 86297949 45838533 44555530 27260639752 1031546382 134 17539255 1117825371
======================
   8      33 sdc1 16409984 48519 2085096520 86297949 46031901 44555531 27262259496 1032114794 140 17543260 1118392164
======================
   8      33 sdc1 16409984 48519 2085096520 86297949 46275074 44555534 27264314032 1032829566 134 17548302 1119108543
======================
   8      33 sdc1 16409984 48519 2085096520 86297949 46513125 44555536 27266311848 1033525906 127 17553224 1119804737
======================
   8      33 sdc1 16409984 48519 2085096520 86297949 46726684 44555537 27268091624 1034153192 0 17557627 1120430078
======================
   8      33 sdc1 16409984 48519 2085096520 86297949 46891611 44555539 27269456264 1034632600 149 17561011 1120911027
======================
   8      33 sdc1 16409984 48519 2085096520 86297949 47097130 44555541 27271147288 1035234981 0 17565223 1121511793
======================
   8      33 sdc1 16409984 48519 2085096520 86297949 47272634 44555542 27272615512 1035750806 131 17568863 1122028902
======================
   8      33 sdc1 16409984 48519 2085096520 86297949 47467047 44555543 27274211144 1036317988 0 17572835 1122594713
======================
   8      33 sdc1 16409984 48519 2085096520 86297949 47666399 44555544 27275886744 1036905646 113 17576981 1123183051
======================
   8      33 sdc1 16409984 48519 2085096520 86297949 47908551 44555546 27277912704 1037612240 135 17581967 1123889570
======================
   8      33 sdc1 16409984 48519 2085096520 86297949 48146496 44555547 27279928272 1038312137 152 17586923 1124589314
======================
   8      33 sdc1 16409984 48519 2085096520 86297949 48366370 44555549 27281764264 1038957668 0 17591461 1125234146
======================
   8      33 sdc1 16409984 48519 2085096520 86297949 48570228 44555550 27283477872 1039556711 147 17595698 1125833623
======================
   8      33 sdc1 16409984 48519 2085096520 86297949 48786730 44555551 27285289928 1040189826 153 17600168 1126466718
======================
   8      33 sdc1 16409984 48519 2085096520 86297949 49029261 44555553 27287316544 1040899493 141 17605169 1127176215
======================
   8      33 sdc1 16409984 48519 2085096520 86297949 49162493 44555553 27288411440 1041287795 129 17607907 1127564424
======================
   8      33 sdc1 16409984 48519 2085096520 86297949 49407981 44555554 27290433168 1041997423 146 17612908 1128278741
======================
   8      33 sdc1 16409984 48519 2085096520 86297949 49567548 44555555 27291764384 1042472247 138 17616230 1128748942
======================
   8      33 sdc1 16409984 48519 2085096520 86297949 49812522 44555556 27293792328 1043183196 157 17621240 1129464381
======================
   8      33 sdc1 16409984 48519 2085096520 86297949 49983984 44555557 27295225960 1043688530 150 17624793 1129965035
======================
   8      33 sdc1 16409984 48519 2085096520 86297949 50210474 44555558 27297083496 1044343377 0 17629401 1130619672
======================
   8      33 sdc1 16409984 48519 2085096520 86297949 50322364 44555559 27298000824 1044669618 143 17631710 1130946067
