======================
   8      33 sdc1 12911971 527 1105485284 10608056 12061679 49354945 13913232256 626340628 0 13381784 637458416
======================
   8      33 sdc1 12911988 527 1105485420 10609552 12062763 49372106 13915417472 626838520 132 13385920 637994264
======================
   8      33 sdc1 12911999 527 1105485508 10611180 12064059 49372151 13918045464 627468140 157 13390920 638627484
======================
   8      33 sdc1 12912009 527 1105485588 10612752 12065359 49372171 13920683536 628096676 147 13395924 639258028
======================
   8      33 sdc1 12912020 527 1105485676 10614372 12066656 49372200 13923327784 628724340 132 13400924 639881192
======================
   8      33 sdc1 12912031 527 1105485764 10615772 12067961 49372234 13925965168 629368128 143 13405928 640527680
======================
   8      33 sdc1 12912041 527 1105485844 10617292 12069304 49372266 13928616256 630007068 111 13410928 641172416
======================
   8      33 sdc1 12912053 527 1105485940 10619176 12070611 49372294 13931264704 630636588 152 13415944 641799256
======================
   8      33 sdc1 12912064 527 1105486028 10620708 12071978 49372317 13933958016 631266452 137 13421032 642431864
======================
   8      33 sdc1 12912075 527 1105486116 10622224 12073380 49372364 13936612568 631918888 150 13426060 643078588
======================
   8      33 sdc1 12912085 527 1105486196 10623692 12074811 49372402 13939262888 632561720 152 13431080 643724728
======================
   8      33 sdc1 12912096 527 1105486284 10625340 12076227 49372440 13941907144 633176592 133 13436080 644349012
======================
   8      33 sdc1 12912107 527 1105486372 10627164 12077530 49372471 13944549336 633797000 116 13441084 644964776
======================
   8      33 sdc1 12912118 527 1105486460 10628784 12078835 49372508 13947201768 634420896 157 13446088 645595120
======================
   8      33 sdc1 12912129 527 1105486548 10630368 12080134 49372537 13949846000 635055804 151 13451088 646231844
======================
   8      33 sdc1 12912140 527 1105486636 10632100 12081433 49372568 13952492304 635683012 148 13456092 646858636
======================
   8      33 sdc1 12912150 527 1105486716 10633440 12082737 49372591 13955138608 636276400 146 13461092 647456908
======================
   8      33 sdc1 12912160 527 1105486796 10634724 12084039 49372621 13957790328 636912232 96 13466096 648093452
======================
   8      33 sdc1 12912172 527 1105486892 10636560 12085417 49372654 13960423008 637539252 151 13471100 648719224
======================
   8      33 sdc1 12912182 527 1105486972 10638068 12086758 49372691 13963069320 638174604 148 13476100 649358040
======================
   8      33 sdc1 12912193 527 1105487060 10639556 12088324 49372726 13965711512 638844372 138 13481104 650012288
======================
   8      33 sdc1 12912204 527 1105487148 10641128 12089738 49372766 13968382400 639466504 147 13486144 650655360
======================
   8      33 sdc1 12912214 527 1105487228 10642532 12091128 49372812 13971038952 640125556 121 13491148 651309700
======================
   8      33 sdc1 12912226 527 1105487324 10644440 12092459 49372847 13973695488 640740788 141 13496152 651932284
======================
   8      33 sdc1 12912237 527 1105487412 10646076 12093767 49372881 13976356144 641364384 144 13501152 652558056
======================
   8      33 sdc1 12912247 527 1105487492 10647272 12095074 49372914 13979012680 642020612 128 13506156 653214644
======================
   8      33 sdc1 12912258 527 1105487580 10648928 12096381 49372950 13981669232 642657472 135 13511160 653850648
======================
   8      33 sdc1 12912269 527 1105487668 10650416 12097685 49372990 13984317608 643285684 132 13516160 654484128
======================
   8      33 sdc1 12912279 527 1105487748 10651836 12098997 49373027 13986972088 643927960 131 13521164 655128008
======================
   8      33 sdc1 12912290 527 1105487836 10653424 12100381 49373059 13989630672 644566448 113 13526164 655767024
======================
   8      33 sdc1 12912302 527 1105487932 10655288 12101721 49373092 13992285160 645200148 144 13531168 656403432
======================
   8      33 sdc1 12912311 527 1105488004 10656672 12103142 49373134 13994941688 645844644 126 13536172 657047824
======================
   8      33 sdc1 12912323 527 1105488100 10658268 12104696 49373175 13997596200 646463592 138 13541172 657668752
======================
   8      33 sdc1 12912334 527 1105488188 10659848 12106083 49373214 14000252760 647106308 156 13546176 658306800
======================
   8      33 sdc1 12912344 527 1105488268 10661528 12107436 49373256 14002919528 647723120 145 13551180 658927408
======================
   8      33 sdc1 12912355 527 1105488356 10663100 12108740 49373289 14005569928 648357748 131 13556180 659564984
======================
   8      33 sdc1 12912366 527 1105488444 10664636 12110047 49373332 14008224440 649000000 116 13561184 660208052
======================
   8      33 sdc1 12912377 527 1105488532 10666224 12111358 49373375 14010893264 649653800 110 13566184 660845792
======================
   8      33 sdc1 12912388 527 1105488620 10667828 12112668 49373420 14013541624 650299472 151 13571188 661492248
======================
   8      33 sdc1 12912399 527 1105488708 10669476 12113983 49373469 14016198168 650906124 149 13576192 662115912
======================
   8      33 sdc1 12912408 527 1105488780 10670792 12115375 49373507 14018860688 651580840 14 13581192 662769232
======================
   8      33 sdc1 12912420 527 1105488876 10672620 12116717 49373543 14021517232 652196692 45 13586196 663400228
======================
   8      33 sdc1 12912431 527 1105488964 10674120 12118135 49373583 14024175824 652841424 15 13591196 664031964
======================
   8      33 sdc1 12912441 527 1105489044 10675424 12119705 49373629 14026830304 653486468 47 13596200 664693332
======================
   8      33 sdc1 12912452 527 1105489132 10677220 12121063 49373674 14029486880 654082948 73 13601204 665300596
======================
   8      33 sdc1 12912463 527 1105489220 10678836 12122418 49373728 14032141344 654706808 79 13606204 665928732
======================
   8      33 sdc1 12912475 527 1105489316 10680604 12123743 49373773 14034826576 655355076 63 13611260 666569880
======================
   8      33 sdc1 12912485 527 1105489396 10682300 12125057 49373798 14037483176 655984320 148 13616264 667209116
======================
   8      33 sdc1 12912496 527 1105489484 10683604 12126373 49373847 14040143800 656627980 148 13621264 667855160
======================
   8      33 sdc1 12912507 527 1105489572 10685284 12127689 49373900 14042800256 657265888 139 13626268 668491488
======================
   8      33 sdc1 12912517 527 1105489652 10686888 12129023 49373940 14045458888 657887028 114 13631268 669117148
======================
   8      33 sdc1 12912525 527 1105489716 10688116 12130095 49374004 14047464456 658337056 0 13635056 669534840
started
======================
   8      33 sdc1 12916744 527 1106516206 10723716 12130106 49374005 14047464552 658337096 13 13637088 669570516
======================
   8      33 sdc1 12928140 529 1109434094 10832372 12130108 49374009 14047464600 658337132 27 13642352 669679388
======================
   8      33 sdc1 12938999 529 1112213998 10938144 12130108 49374009 14047464600 658337132 24 13647352 669785100
======================
   8      33 sdc1 12949856 529 1114993390 11045104 12130108 49374009 14047464600 658337132 19 13652352 669891964
======================
   8      33 sdc1 12960708 529 1117771502 11149780 12130108 49374009 14047464600 658337132 13 13657356 669996632
======================
   8      33 sdc1 12971559 529 1120549358 11252684 12130108 49374009 14047464600 658337132 20 13662356 670099556
======================
   8      33 sdc1 12982419 529 1123329518 11357508 12130110 49374011 14047464632 658337140 15 13667356 670204356
======================
   8      33 sdc1 12993396 529 1126139630 11463096 12130110 49374011 14047464632 658337140 17 13672416 670309936
======================
   8      33 sdc1 13004248 529 1128917742 11567696 12130110 49374011 14047464632 658337140 16 13677416 670414548
======================
   8      33 sdc1 13015101 529 1131696110 11671380 12130110 49374011 14047464632 658337140 28 13682420 670518220
======================
   8      33 sdc1 13025957 529 1134475246 11777256 12130110 49374011 14047464632 658337140 17 13687420 670624096
======================
   8      33 sdc1 13036816 529 1137255150 11882740 12130110 49374011 14047464632 658337140 26 13692420 670729532
======================
   8      33 sdc1 13047669 529 1140033518 11987352 12130110 49374011 14047464632 658337140 18 13697424 670834268
======================
   8      33 sdc1 13058583 529 1142827502 12094192 12130110 49374011 14047464632 658337140 12 13702452 670941016
======================
   8      33 sdc1 13069439 529 1145606638 12199016 12130110 49374011 14047464632 658337140 12 13707452 671045832
======================
   8      33 sdc1 13080293 529 1148385262 12301420 12130110 49374011 14047464632 658337140 17 13712456 671148348
======================
   8      33 sdc1 13091144 529 1151163118 12403800 12130110 49374011 14047464632 658337140 20 13717456 671250728
======================
   8      33 sdc1 13102002 529 1153942766 12510192 12130110 49374011 14047464632 658337140 26 13722456 671357096
======================
   8      33 sdc1 13112859 529 1156722158 12615200 12130110 49374011 14047464632 658337140 13 13727460 671462012
======================
   8      33 sdc1 13123775 529 1159516654 12721496 12130110 49374011 14047464632 658337140 13 13732488 671568348
======================
   8      33 sdc1 13134634 529 1162296558 12827716 12130110 49374011 14047464632 658337140 24 13737488 671674584
======================
   8      33 sdc1 13145487 529 1165074926 12933500 12130110 49374011 14047464632 658337140 14 13742492 671780356
======================
   8      33 sdc1 13156343 529 1167854062 13037200 12130110 49374011 14047464632 658337140 26 13747492 671884124
======================
   8      33 sdc1 13167200 529 1170633454 13143072 12130110 49374011 14047464632 658337140 14 13752492 671989900
======================
   8      33 sdc1 13178056 529 1173412590 13248108 12130110 49374011 14047464632 658337140 28 13757496 672095024
======================
   8      33 sdc1 13188976 529 1176208110 13353616 12130110 49374011 14047464632 658337140 14 13762524 672200456
======================
   8      33 sdc1 13199831 529 1178986990 13458412 12130110 49374011 14047464632 658337140 27 13767528 672305344
======================
   8      33 sdc1 13210688 529 1181766382 13563132 12130110 49374011 14047464632 658337140 18 13772528 672410000
======================
   8      33 sdc1 13221540 529 1184544494 13667076 12130110 49374011 14047464632 658337140 26 13777532 672513932
======================
   8      33 sdc1 13232397 529 1187323886 13773684 12130110 49374011 14047464632 658337140 28 13782532 672620584
======================
   8      33 sdc1 13243255 529 1190103534 13880776 12130110 49374011 14047464632 658337140 17 13787532 672727556
======================
   8      33 sdc1 13254111 529 1192882670 13982904 12130110 49374011 14047464632 658337140 13 13792536 672829744
======================
   8      33 sdc1 13264965 529 1195661294 14089084 12130110 49374011 14047464632 658337140 15 13797536 672935856
======================
   8      33 sdc1 13275824 529 1198441198 14194184 12130110 49374011 14047464632 658337140 13 13802540 673040952
======================
   8      33 sdc1 13286679 529 1201220078 14298604 12130110 49374011 14047464632 658337140 24 13807540 673145484
======================
   8      33 sdc1 13297534 529 1203998958 14404440 12130110 49374011 14047464632 658337140 13 13812540 673251188
======================
   8      33 sdc1 13308438 529 1206790382 14511040 12130110 49374011 14047464632 658337140 19 13817564 673357880
======================
   8      33 sdc1 13319297 529 1209570286 14617176 12130110 49374011 14047464632 658337140 23 13822568 673464068
======================
   8      33 sdc1 13330155 529 1212349934 14724660 12130110 49374011 14047464632 658337140 16 13827568 673571468
======================
   8      33 sdc1 13341013 529 1215129582 14829276 12130110 49374011 14047464632 658337140 18 13832568 673675996
======================
   8      33 sdc1 13351871 529 1217909230 14935716 12130110 49374011 14047464632 658337140 25 13837572 673782620
======================
   8      33 sdc1 13362727 529 1220688366 15043348 12130110 49374011 14047464632 658337140 23 13842572 673890084
======================
   8      33 sdc1 13373582 529 1223467246 15149468 12130110 49374011 14047464632 658337140 27 13847572 673996288
======================
   8      33 sdc1 13384439 529 1226246638 15255556 12130110 49374011 14047464632 658337140 27 13852576 674102356
======================
   8      33 sdc1 13395298 529 1229026542 15362244 12130110 49374011 14047464632 658337140 29 13857576 674208944
======================
   8      33 sdc1 13404328 529 1231338222 15446404 12130110 49374011 14047464632 658337140 0 13861752 674293068
