======================
   8      33 sdc1 186049063 1753610 9631551178 307563496 246034718 401449969 124277557688 4292924423 0 122290891 306868282
======================
   8      33 sdc1 186049079 1753610 9631551306 307566929 246034864 401451639 124279788600 4292978181 4 122295133 306926798
======================
   8      33 sdc1 186049090 1753610 9631551394 307570605 246035064 401456129 124282430944 4293047706 17 122300135 307000775
======================
   8      33 sdc1 186049100 1753610 9631551474 307575195 246035219 401458610 124285045792 4293097225 36 122305136 307053204
======================
   8      33 sdc1 186049110 1753610 9631551554 307578251 246035403 401461347 124287500736 4293150379 11 122309786 307112386
======================
   8      33 sdc1 186049122 1753610 9631551650 307582835 246035554 401463473 124290108864 4293200764 25 122314788 307172735
======================
   8      33 sdc1 186049132 1753610 9631551730 307586854 246035706 401465416 124292712448 4293280429 26 122319790 307255835
======================
   8      33 sdc1 186049142 1753610 9631551810 307590621 246035860 401467166 124295349064 4293342538 11 122324792 307315880
======================
   8      33 sdc1 186049153 1753610 9631551898 307594918 246036006 401469101 124297910728 4293389025 13 122329788 307365853
======================
   8      33 sdc1 186049163 1753610 9631551978 307599760 246036177 401471003 124300480456 4293436525 18 122334787 307416857
======================
   8      33 sdc1 186049173 1753610 9631552058 307603356 246036385 401472716 124303081136 4293500215 3 122339744 307485910
======================
   8      33 sdc1 186049186 1753610 9631552162 307607729 246036952 401479507 124305726864 4293733171 52 122344746 307769359
======================
   8      33 sdc1 186049195 1753610 9631552234 307611319 246037258 401481309 124308291040 4293880690 36 122349616 307877386
======================
   8      33 sdc1 186049205 1753610 9631552314 307615565 246037546 401482941 124310918248 4293987277 5 122354618 307986276
======================
   8      33 sdc1 186049215 1753610 9631552394 307619798 246037817 401484557 124313268000 4294073260 5 122359096 308075912
======================
   8      33 sdc1 186049226 1753610 9631552482 307624473 246038108 401486402 124315919648 4294164138 8 122364098 308169926
======================
   8      33 sdc1 186049236 1753610 9631552562 307628300 246038389 401488173 124318489368 4294242455 8 122369004 308254740
======================
   8      33 sdc1 186049247 1753610 9631552650 307632571 246038660 401489991 124321044064 4294321230 16 122373844 308340010
======================
   8      33 sdc1 186049257 1753610 9631552730 307637204 246038942 401491805 124323671008 4294413647 16 122378845 308436853
======================
   8      33 sdc1 186049268 1753610 9631552818 307641452 246039248 401493662 124326237016 4294521545 20 122383737 308546576
======================
   8      33 sdc1 186049279 1753610 9631552906 307645508 246039554 401495444 124328823128 4294626767 28 122388618 308656079
======================
   8      33 sdc1 186049288 1753610 9631552978 307649578 246039863 401497033 124331272784 4294720788 17 122393275 308754939
======================
   8      33 sdc1 186049301 1753610 9631553082 307652110 246040992 401498359 124334015920 234310 105 122398469 309266805
======================
   8      33 sdc1 186049311 1753610 9631553162 307656605 246041388 401499927 124336659600 611057 30 122403472 309625241
======================
   8      33 sdc1 186049321 1753610 9631553242 307660945 246041693 401501693 124339159504 693729 42 122408231 309709992
======================
   8      33 sdc1 186049331 1753610 9631553322 307665473 246042020 401503290 124341812504 800201 7 122413233 309815801
======================
   8      33 sdc1 186049342 1753610 9631553410 307669947 246042327 401505063 124344304344 897954 23 122417920 309918073
======================
   8      33 sdc1 186049351 1753610 9631553482 307673853 246042633 401506642 124346779672 1007466 10 122422604 310033569
======================
   8      33 sdc1 186049361 1753610 9631553562 307677998 246042939 401508231 124349195224 1113970 3 122427145 310140946
======================
   8      33 sdc1 186049371 1753610 9631553642 307682443 246043234 401510001 124351579920 1221990 33 122431636 310259679
======================
   8      33 sdc1 186049382 1753610 9631553730 307687315 246043572 401511814 124354228536 1334920 27 122436638 310372589
======================
   8      33 sdc1 186049393 1753610 9631553818 307691579 246043896 401513593 124356832384 1419383 33 122441602 310460269
======================
   8      33 sdc1 186049403 1753610 9631553898 307695834 246044254 401515327 124359434880 1519992 37 122446532 310564887
======================
   8      33 sdc1 186049414 1753610 9631553986 307699505 246044770 401516769 124361987968 1724289 128 122451363 310808854
======================
   8      33 sdc1 186049426 1753610 9631554082 307702426 246045779 401518191 124364637336 2260206 86 122456377 311354432
======================
   8      33 sdc1 186049435 1753610 9631554154 307706622 246046137 401519763 124367276648 2486039 33 122461380 311543760
======================
   8      33 sdc1 186049445 1753610 9631554234 307710460 246046492 401521323 124369861416 2590355 6 122466267 311651023
======================
   8      33 sdc1 186049457 1753610 9631554330 307715043 246046846 401523235 124372443240 2695988 44 122471158 311763655
======================
   8      33 sdc1 186049466 1753610 9631554402 307719229 246047196 401524814 124375096248 2823154 5 122476160 311892894
======================
   8      33 sdc1 186049477 1753610 9631554490 307723839 246047533 401526556 124377603128 2928174 22 122480896 312004154
======================
   8      33 sdc1 186049487 1753610 9631554570 307727794 246047854 401528138 124380062200 3010334 7 122485574 312088780
======================
   8      33 sdc1 186049497 1753610 9631554650 307732263 246048202 401529944 124382556936 3125886 23 122490275 312210706
======================
   8      33 sdc1 186049507 1753610 9631554730 307736085 246048539 401531505 124385016648 3221035 13 122494933 312311039
======================
   8      33 sdc1 186049518 1753610 9631554818 307740755 246048898 401533249 124387683080 3357933 6 122499937 312448814
======================
   8      33 sdc1 186049528 1753610 9631554898 307744671 246049248 401534961 124390075520 3477899 39 122504463 312579306
======================
   8      33 sdc1 186049539 1753610 9631554986 307747737 246050119 401536013 124392571392 3803305 134 122509161 312929752
======================
   8      33 sdc1 186049549 1753610 9631555066 307750854 246050752 401537509 124395237064 4282495 12 122514195 313387151
======================
   8      33 sdc1 186049559 1753610 9631555146 307755246 246051110 401539259 124397883168 4377300 11 122519198 313484618
======================
   8      33 sdc1 186049570 1753610 9631555234 307759378 246051488 401540979 124400503400 4483680 10 122524153 313595271
======================
   8      33 sdc1 186049581 1753610 9631555322 307764053 246051872 401542719 124403131376 4597786 7 122529151 313711731
started
======================
   8      33 sdc1 186049702 1753610 9631556284 307764236 246051926 401542880 124403397296 4606411 0 122529692 313718211
======================
   8      33 sdc1 186054795 1753610 9632850668 307767847 246051926 401542880 124403397296 4606411 1 122533138 313721813
======================
   8      33 sdc1 186060496 1753610 9634310124 307771699 246051928 401542882 124403397328 4606417 1 122536981 313725661
======================
   8      33 sdc1 186065964 1753610 9635709932 307775342 246051928 401542882 124403397328 4606417 1 122540616 313729296
======================
   8      33 sdc1 186071534 1753610 9637135852 307779055 246051928 401542882 124403397328 4606417 0 122544319 313732999
======================
   8      33 sdc1 186077052 1753610 9638548460 307782749 246051928 401542882 124403397328 4606417 0 122548008 313736688
======================
   8      33 sdc1 186082594 1753610 9639967212 307786424 246051930 401542882 124403397344 4606417 1 122551674 313740354
======================
   8      33 sdc1 186088071 1753610 9641369324 307790094 246051930 401542882 124403397344 4606417 1 122555337 313744017
======================
   8      33 sdc1 186093639 1753610 9642794732 307793785 246051930 401542882 124403397344 4606417 1 122559022 313747702
======================
   8      33 sdc1 186099123 1753610 9644198636 307797482 246051930 401542882 124403397344 4606417 1 122562714 313751394
======================
   8      33 sdc1 186104668 1753610 9645618156 307801135 246051930 401542882 124403397344 4606417 1 122566362 313755042
======================
   8      33 sdc1 186110112 1753610 9647011820 307804762 246051930 401542882 124403397344 4606417 1 122569979 313758659
======================
   8      33 sdc1 186115638 1753610 9648426476 307808460 246051930 401542882 124403397344 4606417 1 122573671 313762351
======================
   8      33 sdc1 186121096 1753610 9649823724 307812230 246051930 401542882 124403397344 4606417 1 122577430 313766110
======================
   8      33 sdc1 186126617 1753610 9651237100 307815964 246051930 401542882 124403397344 4606417 1 122581163 313769843
======================
   8      33 sdc1 186132124 1753610 9652646732 307819666 246051930 401542882 124403397344 4606417 1 122584854 313773534
======================
   8      33 sdc1 186137695 1753610 9654072908 307823431 246051930 401542882 124403397344 4606417 1 122588615 313777295
======================
   8      33 sdc1 186143214 1753610 9655486028 307827195 246051930 401542882 124403397344 4606417 1 122592369 313781049
======================
   8      33 sdc1 186148732 1753610 9656898636 307830913 246051930 401542882 124403397344 4606417 1 122596080 313784760
======================
   8      33 sdc1 186154350 1753610 9658336844 307834706 246051930 401542882 124403397344 4606417 0 122599861 313788541
======================
   8      33 sdc1 186160029 1753610 9659790668 307838458 246051930 401542882 124403397344 4606417 1 122603607 313792287
======================
   8      33 sdc1 186165658 1753610 9661231692 307842252 246051930 401542882 124403397344 4606417 1 122607396 313796076
======================
   8      33 sdc1 186171155 1753610 9662638380 307845958 246051930 401542882 124403397344 4606417 1 122611096 313799776
======================
   8      33 sdc1 186176716 1753610 9664061996 307849675 246051930 401542882 124403397344 4606417 0 122614809 313803489
======================
   8      33 sdc1 186182269 1753610 9665482108 307853363 246051930 401542882 124403397344 4606417 1 122618479 313807161
======================
   8      33 sdc1 186187839 1753610 9666907764 307857143 246051930 401542882 124403397344 4606417 1 122622255 313810937
======================
   8      33 sdc1 186193327 1753610 9668312428 307860873 246051930 401542882 124403397344 4606417 1 122625980 313814662
======================
   8      33 sdc1 186198771 1753610 9669706092 307864481 246051930 401542882 124403397344 4606417 0 122629583 313818265
======================
   8      33 sdc1 186204344 1753610 9671132780 307868207 246051930 401542882 124403397344 4606417 1 122633300 313821982
======================
   8      33 sdc1 186209903 1753610 9672555884 307871926 246051930 401542882 124403397344 4606417 1 122637011 313825693
======================
   8      33 sdc1 186215444 1753610 9673974380 307875635 246051930 401542882 124403397344 4606417 1 122640711 313829393
======================
   8      33 sdc1 186220875 1753610 9675364716 307879228 246051930 401542882 124403397344 4606417 1 122644288 313832970
======================
   8      33 sdc1 186226361 1753610 9676769132 307882818 246051930 401542882 124403397344 4606417 1 122647866 313836548
======================
   8      33 sdc1 186231865 1753610 9678178156 307886489 246051930 401542882 124403397344 4606417 1 122651527 313840209
======================
   8      33 sdc1 186237431 1753610 9679603052 307890157 246051930 401542882 124403397344 4606417 1 122655188 313843870
======================
   8      33 sdc1 186242910 1753610 9681005676 307893778 246051930 401542882 124403397344 4606417 0 122658797 313847479
======================
   8      33 sdc1 186248393 1753610 9682409324 307897396 246051930 401542882 124403397344 4606417 1 122662402 313851084
======================
   8      33 sdc1 186253894 1753610 9683817836 307901119 246051930 401542882 124403397344 4606417 1 122666117 313854799
======================
   8      33 sdc1 186259323 1753610 9685207660 307904782 246051930 401542882 124403397344 4606417 1 122669768 313858450
======================
   8      33 sdc1 186264804 1753610 9686610796 307908477 246051930 401542882 124403397344 4606417 1 122673455 313862137
======================
   8      33 sdc1 186270346 1753610 9688029548 307912157 246051930 401542882 124403397344 4606417 1 122677127 313865809
======================
   8      33 sdc1 186275942 1753610 9689462124 307915870 246051930 401542882 124403397344 4606417 0 122680828 313869510
======================
   8      33 sdc1 186281470 1753610 9690877292 307919512 246051930 401542882 124403397344 4606417 1 122684462 313873144
======================
   8      33 sdc1 186287039 1753610 9692302956 307923236 246051930 401542882 124403397344 4606417 0 122688179 313876861
======================
   8      33 sdc1 186292538 1753610 9693710700 307926954 246051930 401542882 124403397344 4606417 1 122691885 313880567
======================
   8      33 sdc1 186298091 1753610 9695132524 307930699 246051930 401542882 124403397344 4606417 1 122695624 313884307
======================
   8      33 sdc1 186303603 1753610 9696543492 307934398 246051930 401542882 124403397344 4606417 0 122699309 313887992
======================
   8      33 sdc1 186309094 1753610 9697949188 307938122 246051930 401542882 124403397344 4606417 1 122703024 313891707
======================
   8      33 sdc1 186314613 1753610 9699362052 307941817 246051930 401542882 124403397344 4606417 0 122706716 313895399
======================
   8      33 sdc1 186320196 1753610 9700791300 307945533 246051930 401542882 124403397344 4606417 0 122710420 313899103
======================
   8      33 sdc1 186325735 1753610 9702209284 307949196 246051930 401542882 124403397344 4606417 1 122714075 313902758
======================
   8      33 sdc1 186331195 1753610 9703607044 307952845 246051930 401542882 124403397344 4606417 1 122717714 313906397
======================
   8      33 sdc1 186336813 1753610 9705045252 307956599 246051930 401542882 124403397344 4606417 1 122721454 313910137
======================
   8      33 sdc1 186342368 1753610 9706467332 307960297 246051930 401542882 124403397344 4606417 0 122725145 313913828
======================
   8      33 sdc1 186347774 1753610 9707851148 307963867 246051930 401542882 124403397344 4606417 1 122728704 313917387
======================
   8      33 sdc1 186353080 1753610 9709209108 307967550 246051930 401542882 124403397344 4606417 1 122732373 313921058
======================
   8      33 sdc1 186358571 1753610 9710614804 307971237 246051930 401542882 124403397344 4606417 1 122736053 313924738
======================
   8      33 sdc1 186364061 1753610 9712020244 307974959 246051930 401542882 124403397344 4606417 1 122739767 313928452
======================
   8      33 sdc1 186369607 1753610 9713440020 307978646 246051930 401542882 124403397344 4606417 1 122743444 313932129
======================
   8      33 sdc1 186375082 1753610 9714841356 307982287 246051930 401542882 124403397344 4606417 0 122747076 313935762
======================
   8      33 sdc1 186380600 1753610 9716254220 307986044 246051930 401542882 124403397344 4606417 1 122750820 313939506
======================
   8      33 sdc1 186386124 1753610 9717668364 307989681 246051930 401542882 124403397344 4606417 0 122754455 313943141
======================
   8      33 sdc1 186391469 1753610 9719036908 307993210 246051930 401542882 124403397344 4606417 1 122757975 313946661
======================
   8      33 sdc1 186396925 1753610 9720433380 307996763 246051930 401542882 124403397344 4606417 0 122761516 313950202
======================
   8      33 sdc1 186402360 1753610 9721824740 308000394 246051930 401542882 124403397344 4606417 0 122765133 313953819
======================
   8      33 sdc1 186407724 1753610 9723197924 308003960 246051930 401542882 124403397344 4606417 0 122768688 313957374
======================
   8      33 sdc1 186413205 1753610 9724601060 308007595 246051930 401542882 124403397344 4606417 1 122772317 313961003
======================
   8      33 sdc1 186418691 1753610 9726005308 308011250 246051930 401542882 124403397344 4606417 1 122775968 313964654
======================
   8      33 sdc1 186424157 1753610 9727404604 308014915 246051930 401542882 124403397344 4606417 1 122779626 313968312
======================
   8      33 sdc1 186429622 1753610 9728803644 308018536 246051930 401542882 124403397344 4606417 1 122783242 313971928
======================
   8      33 sdc1 186435204 1753610 9730232556 308022259 246051930 401542882 124403397344 4606417 0 122786957 313975643
======================
   8      33 sdc1 186440656 1753610 9731628268 308025900 246051930 401542882 124403397344 4606417 1 122790587 313979273
======================
   8      33 sdc1 186446158 1753610 9733036780 308029579 246051930 401542882 124403397344 4606417 1 122794256 313982942
======================
   8      33 sdc1 186451686 1753610 9734451948 308033282 246051930 401542882 124403397344 4606417 1 122797951 313986637
======================
   8      33 sdc1 186457089 1753610 9735835116 308036916 246051930 401542882 124403397344 4606417 1 122801581 313990267
======================
   8      33 sdc1 186462444 1753610 9737205996 308040455 246051930 401542882 124403397344 4606417 1 122805113 313993799
======================
   8      33 sdc1 186467834 1753610 9738585772 308044069 246051930 401542882 124403397344 4606417 1 122808722 313997408
======================
   8      33 sdc1 186473326 1753610 9739991724 308047767 246051930 401542882 124403397344 4606417 1 122812415 314001101
