======================
   8      33 sdc1 59514854 193704 4200026742 142727225 111649408 114948206 59605819352 2150851770 0 38886849 2293887455
======================
   8      33 sdc1 59514870 193704 4200026870 142730638 111649584 114950025 59608009176 2150908874 21 38891096 2293952622
======================
   8      33 sdc1 59514881 193704 4200026958 142735467 111649734 114951852 59610576352 2150979078 13 38896097 2294027596
======================
   8      33 sdc1 59514890 193704 4200027030 142739087 111649878 114953714 59613081896 2151047605 14 38901020 2294100258
======================
   8      33 sdc1 59514900 193704 4200027110 142743126 111650024 114955463 59615598176 2151114407 6 38905959 2294169715
======================
   8      33 sdc1 59514912 193704 4200027206 142747681 111650171 114957597 59618118760 2151177983 23 38910834 2294238777
======================
   8      33 sdc1 59514921 193704 4200027278 142751874 111650320 114959354 59620650344 2151245500 14 38915709 2294306712
======================
   8      33 sdc1 59514932 193704 4200027366 142756042 111650459 114961135 59623200752 2151315071 4 38920712 2294382228
======================
   8      33 sdc1 59514943 193704 4200027454 142759977 111650622 114963312 59625743968 2151388530 21 38925632 2294461523
======================
   8      33 sdc1 59514952 193704 4200027526 142764341 111650761 114965066 59628237144 2151439124 15 38930630 2294512677
======================
   8      33 sdc1 59514962 193704 4200027606 142768294 111650907 114966817 59630692184 2151480053 10 38935482 2294560031
======================
   8      33 sdc1 59514973 193704 4200027694 142773008 111651055 114968739 59633199376 2151528767 9 38940318 2294610306
======================
   8      33 sdc1 59514983 193704 4200027774 142777041 111651291 114970579 59635722576 2151615414 24 38945186 2294704788
======================
   8      33 sdc1 59514993 193704 4200027854 142781551 111651552 114972300 59638260896 2151708490 16 38950187 2294801452
======================
   8      33 sdc1 59515002 193704 4200027926 142785201 111651788 114973957 59640632536 2151782857 15 38954870 2294887131
======================
   8      33 sdc1 59515012 193704 4200028006 142789979 111652018 114975614 59642970200 2151858751 21 38959390 2294960753
======================
   8      33 sdc1 59515022 193704 4200028086 142793994 111652261 114977276 59645438928 2151933105 8 38964290 2295039091
======================
   8      33 sdc1 59515033 193704 4200028174 142799062 111652513 114979211 59647989336 2152027232 27 38969291 2295137690
======================
   8      33 sdc1 59515044 193704 4200028262 142803164 111652791 114981125 59650610904 2152112755 41 38974277 2295230196
======================
   8      33 sdc1 59515054 193704 4200028342 142807461 111653071 114982645 59653120832 2152207813 2 38979002 2295323910
======================
   8      33 sdc1 59515064 193704 4200028422 142811634 111653366 114984487 59655756096 2152297512 5 38984006 2295418099
======================
   8      33 sdc1 59515075 193704 4200028510 142815828 111653639 114986270 59658293056 2152372625 10 38988813 2295499713
======================
   8      33 sdc1 59515085 193704 4200028590 142819889 111653889 114988076 59660737088 2152462291 31 38993542 2295592766
======================
   8      33 sdc1 59515095 193704 4200028670 142824255 111654184 114989791 59663401088 2152560214 117 38998543 2295733052
======================
   8      33 sdc1 59515107 193704 4200028766 142828679 111654733 114991602 59665947456 2152931676 59 39003318 2296091986
======================
   8      33 sdc1 59515117 193704 4200028846 142832539 111655060 114993197 59668595080 2153064325 27 39008319 2296207307
======================
   8      33 sdc1 59515127 193704 4200028926 142836473 111655373 114995039 59671129664 2153163816 39 39013121 2296315435
======================
   8      33 sdc1 59515138 193704 4200029014 142840598 111655677 114996700 59673683008 2153267957 23 39017919 2296420940
======================
   8      33 sdc1 59515147 193704 4200029086 142844418 111655982 114998441 59676334656 2153370499 12 39022902 2296527391
======================
   8      33 sdc1 59515158 193704 4200029174 142849064 111656295 115000157 59678946816 2153452086 0 39027812 2296609565
======================
   8      33 sdc1 59515169 193704 4200029262 142853465 111656604 115002005 59681528648 2153556075 19 39032713 2296722522
======================
   8      33 sdc1 59515179 193704 4200029342 142857877 111656901 115003726 59683987712 2153665594 28 39037353 2296834435
======================
   8      33 sdc1 59515189 193704 4200029422 142861714 111657216 115005387 59686587528 2153752182 9 39042295 2296925721
======================
   8      33 sdc1 59515200 193704 4200029510 142866130 111657529 115007219 59689112624 2153831548 21 39047115 2297010243
======================
   8      33 sdc1 59515210 193704 4200029590 142870408 111657837 115008986 59691639920 2153931361 29 39051883 2297111700
======================
   8      33 sdc1 59515222 193704 4200029686 142874197 111658404 115010691 59694294256 2154239787 61 39056885 2297456113
======================
   8      33 sdc1 59515232 193704 4200029766 142878995 111658744 115012270 59696951296 2154412157 19 39061886 2297605502
======================
   8      33 sdc1 59515242 193704 4200029846 142882995 111659090 115014029 59699611272 2154513254 15 39066888 2297711552
======================
   8      33 sdc1 59515253 193704 4200029934 142887372 111659414 115015802 59702197392 2154620946 20 39071772 2297822879
======================
   8      33 sdc1 59515262 193704 4200030006 142891361 111659726 115017455 59704624208 2154712834 11 39076377 2297917163
======================
   8      33 sdc1 59515272 193704 4200030086 142895272 111660065 115019224 59707301648 2154844638 5 39081380 2298051549
======================
   8      33 sdc1 59515284 193704 4200030182 142899787 111660416 115021155 59709957336 2154956067 33 39086381 2298170730
======================
   8      33 sdc1 59515295 193704 4200030270 142904595 111660761 115022778 59712602008 2155071437 3 39091382 2298284799
======================
   8      33 sdc1 59515304 193704 4200030342 142908640 111661083 115024495 59715062680 2155156325 20 39096010 2298378739
======================
   8      33 sdc1 59515315 193704 4200030430 142912896 111661424 115026255 59717665176 2155245482 20 39100921 2298471556
======================
   8      33 sdc1 59515326 193704 4200030518 142917104 111661753 115028094 59720239504 2155351041 25 39105792 2298582877
======================
   8      33 sdc1 59515335 193704 4200030590 142920529 111662276 115029468 59722686224 2155519311 20 39110386 2298754614
======================
   8      33 sdc1 59515347 193704 4200030686 142924793 111662663 115031358 59725343240 2155673771 52 39115389 2298924464
======================
   8      33 sdc1 59515357 193704 4200030766 142928930 111663025 115032934 59727998928 2155826788 7 39120390 2299066110
======================
   8      33 sdc1 59515368 193704 4200030854 142933796 111663381 115034861 59730651928 2155938538 35 39125392 2299183439
started
======================
   8      33 sdc1 59515491 193704 4200031832 142935585 111663538 115035405 59731658968 2155977715 0 39127352 2299221659
======================
   8      33 sdc1 59515529 193704 4200032136 142935749 111663538 115035405 59731658968 2155977715 0 39127366 2299221823
======================
   8      33 sdc1 59515529 193704 4200032136 142935749 111664764 115036870 59734250232 2156525741 140 39132223 2299810008
======================
   8      33 sdc1 59515529 193704 4200032136 142935749 111665963 115038214 59736829072 2157174835 154 39137055 2300461024
======================
   8      33 sdc1 59515529 193704 4200032136 142935749 111667031 115039200 59739105584 2157788157 0 39141317 2301032258
======================
   8      33 sdc1 59515529 193704 4200032136 142935749 111668147 115040570 59741497640 2158389772 134 39145812 2301678253
======================
   8      33 sdc1 59515529 193704 4200032136 142935749 111668701 115041177 59742672896 2158676711 140 39148086 2301961230
======================
   8      33 sdc1 59515529 193704 4200032136 142935749 111669957 115042369 59745323384 2159388046 0 39153045 2302632136
======================
   8      33 sdc1 59515529 193704 4200032136 142935749 111670800 115043415 59747091288 2159823325 152 39156364 2303105806
======================
   8      33 sdc1 59515529 193704 4200032136 142935749 111672060 115044633 59749634224 2160465845 156 39161120 2303750210
======================
   8      33 sdc1 59515529 193704 4200032136 142935749 111673409 115045774 59752310624 2161184546 10 39166122 2304436398
======================
   8      33 sdc1 59515529 193704 4200032136 142935749 111674300 115046796 59754127952 2161638812 146 39169567 2304925151
======================
   8      33 sdc1 59515529 193704 4200032136 142935749 111675582 115048048 59756702312 2162294236 155 39174394 2305576785
======================
   8      33 sdc1 59515529 193704 4200032136 142935749 111676914 115049313 59759366664 2163011432 137 39179395 2306294051
======================
   8      33 sdc1 59515529 193704 4200032136 142935749 111678248 115050570 59762045448 2163727498 127 39184397 2307011054
======================
   8      33 sdc1 59515529 193704 4200032136 142935749 111679521 115051832 59764625952 2164383220 137 39189237 2307665651
======================
   8      33 sdc1 59515529 193704 4200032136 142935749 111680530 115052812 59766663736 2164898537 138 39193111 2308183234
======================
   8      33 sdc1 59515529 193704 4200032136 142935749 111681452 115053530 59768474216 2165387539 0 39196506 2308631601
======================
   8      33 sdc1 59515529 193704 4200032136 142935749 111682341 115054463 59770211744 2165815134 137 39199769 2309099429
======================
   8      33 sdc1 59515529 193704 4200032136 142935749 111683046 115055127 59771604432 2166181142 140 39202397 2309436213
======================
   8      33 sdc1 59515529 193704 4200032136 142935749 111684368 115056391 59774257816 2166870621 131 39207399 2310153387
======================
   8      33 sdc1 59515529 193704 4200032136 142935749 111685651 115057564 59776785072 2167509052 133 39212135 2310793719
======================
   8      33 sdc1 59515529 193704 4200032136 142935749 111686693 115058538 59778820808 2168026556 155 39215999 2311309812
======================
   8      33 sdc1 59515529 193704 4200032136 142935749 111688051 115059775 59781487328 2168715026 138 39221002 2311996978
======================
   8      33 sdc1 59515529 193704 4200032136 142935749 111689288 115060790 59783916304 2169371107 0 39225559 2312615151
======================
   8      33 sdc1 59515529 193704 4200032136 142935749 111690060 115061608 59785409008 2169739557 156 39228378 2313018842
======================
   8      33 sdc1 59515529 193704 4200032136 142935749 111691031 115062476 59787285288 2170207549 149 39231940 2313492876
======================
   8      33 sdc1 59515529 193704 4200032136 142935749 111692385 115063665 59789949424 2170926728 72 39236941 2314201092
======================
   8      33 sdc1 59515529 193704 4200032136 142935749 111693745 115065012 59792628856 2171626711 149 39241943 2314909005
======================
   8      33 sdc1 59515529 193704 4200032136 142935749 111694285 115065473 59793665512 2171876335 155 39243947 2315157717
======================
   8      33 sdc1 59515529 193704 4200032136 142935749 111695641 115066527 59796253576 2172571416 0 39248790 2315815444
======================
   8      33 sdc1 59515529 193704 4200032136 142935749 111696419 115067321 59797715648 2172933031 153 39251581 2316213607
======================
   8      33 sdc1 59515529 193704 4200032136 142935749 111697740 115068539 59800314584 2173589350 147 39256454 2316872962
======================
   8      33 sdc1 59515529 193704 4200032136 142935749 111698964 115069674 59802714712 2174198926 136 39260949 2317479787
======================
   8      33 sdc1 59515529 193704 4200032136 142935749 111700325 115070848 59805391448 2174913358 54 39265951 2318182956
======================
   8      33 sdc1 59515529 193704 4200032136 142935749 111701203 115071692 59807060768 2175327518 140 39269103 2318608566
======================
   8      33 sdc1 59515529 193704 4200032136 142935749 111702505 115072862 59809587320 2175969349 153 39273832 2319247842
======================
   8      33 sdc1 59515529 193704 4200032136 142935749 111703891 115074093 59812260664 2176684310 144 39278833 2319967017
======================
   8      33 sdc1 59515529 193704 4200032136 142935749 111705270 115075317 59814918952 2177406476 144 39283835 2320687459
======================
   8      33 sdc1 59515529 193704 4200032136 142935749 111706660 115076548 59817595688 2178122784 131 39288837 2321405041
======================
   8      33 sdc1 59515529 193704 4200032136 142935749 111707980 115077711 59820138984 2178769608 131 39293600 2322051055
======================
   8      33 sdc1 59515529 193704 4200032136 142935749 111708741 115078374 59821582936 2179141947 145 39296333 2322407269
======================
   8      33 sdc1 59515529 193704 4200032136 142935749 111710124 115079581 59824228952 2179841664 139 39301335 2323125524
======================
   8      33 sdc1 59515529 193704 4200032136 142935749 111711349 115080640 59826550424 2180429916 141 39305695 2323713352
======================
   8      33 sdc1 59515529 193704 4200032136 142935749 111712766 115081826 59829218968 2181141639 141 39310697 2324422116
======================
   8      33 sdc1 59515529 193704 4200032136 142935749 111713572 115082517 59830732744 2181542797 148 39313545 2324792860
======================
   8      33 sdc1 59515529 193704 4200032136 142935749 111714976 115083733 59833405824 2182229881 153 39318547 2325508792
======================
   8      33 sdc1 59515529 193704 4200032136 142935749 111716298 115084826 59835888024 2182861025 148 39323203 2326141169
======================
   8      33 sdc1 59515529 193704 4200032136 142935749 111717382 115085755 59837960184 2183384026 142 39327122 2326665854
======================
   8      33 sdc1 59515529 193704 4200032136 142935749 111718560 115086648 59840195920 2183985968 0 39331314 2327229930
======================
   8      33 sdc1 59515529 193704 4200032136 142935749 111719408 115087481 59841783512 2184379414 145 39334331 2327661546
======================
   8      33 sdc1 59515529 193704 4200032136 142935749 111720833 115088659 59844446512 2185085672 139 39339332 2328365227
======================
   8      33 sdc1 59515529 193704 4200032136 142935749 111721842 115089378 59846339968 2185594965 0 39342877 2328838919
======================
   8      33 sdc1 59515529 193704 4200032136 142935749 111723224 115090676 59848917832 2186260148 157 39347751 2329537616
======================
   8      33 sdc1 59515529 193704 4200032136 142935749 111724376 115091572 59851051144 2186795349 134 39351759 2330077349
