======================
   8      33 sdc1 1481339 6 377550964 3188427 200273 2978111 2386019760 128379890 0 3341004 131566222
======================
   8      33 sdc1 1481863 6 377555156 3190830 200428 2979365 2387638832 128422043 12 3344203 131615368
======================
   8      33 sdc1 1481874 6 377555244 3195186 200624 2982262 2390211136 128498584 14 3349061 131694255
======================
   8      33 sdc1 1481885 6 377555332 3199224 200795 2984439 2392813712 128554504 11 3353971 131752897
======================
   8      33 sdc1 1481895 6 377555412 3202691 200947 2986420 2395456960 128620794 13 3358973 131827862
======================
   8      33 sdc1 1481906 6 377555500 3207556 201101 2988256 2398134576 128694693 1 3363974 131900505
======================
   8      33 sdc1 1481917 6 377555588 3211766 201246 2990314 2400697592 128745652 14 3368843 131958019
======================
   8      33 sdc1 1481927 6 377555668 3215967 201399 2992257 2403319160 128792242 14 3373759 132008275
======================
   8      33 sdc1 1481937 6 377555748 3219799 201538 2994008 2405700352 128840200 13 3378253 132065122
======================
   8      33 sdc1 1481948 6 377555836 3224162 201689 2995951 2408297464 128900964 14 3383140 132124176
======================
   8      33 sdc1 1481958 6 377555916 3228496 201847 2997789 2410965208 128960632 3 3388142 132188409
======================
   8      33 sdc1 1481969 6 377556004 3232698 202012 2999901 2413621784 129017119 9 3393141 132249654
======================
   8      33 sdc1 1481981 6 377556100 3236635 202336 3002960 2416273256 129154604 28 3398142 132395338
======================
   8      33 sdc1 1481990 6 377556172 3240588 202618 3004695 2418922224 129251196 11 3403144 132494124
======================
   8      33 sdc1 1482001 6 377556260 3245019 202928 3006481 2421506984 129338494 16 3408023 132585732
======================
   8      33 sdc1 1482012 6 377556348 3249226 203234 3008278 2424148976 129427655 14 3413022 132678821
======================
   8      33 sdc1 1482022 6 377556428 3253864 203507 3010094 2426658552 129535854 24 3418026 132794250
======================
   8      33 sdc1 1482032 6 377556508 3257916 203747 3011754 2429076784 129612001 20 3422559 132874942
======================
   8      33 sdc1 1482042 6 377556588 3261875 204047 3013353 2431505776 129718585 13 3427140 132986653
======================
   8      33 sdc1 1482052 6 377556668 3266271 204347 3015205 2434026840 129815472 22 3431879 133088578
======================
   8      33 sdc1 1482063 6 377556756 3270794 204624 3017022 2436507672 129895816 35 3436570 133168105
======================
   8      33 sdc1 1482074 6 377556844 3275455 204907 3018847 2439160672 130007973 34 3441572 133288143
======================
   8      33 sdc1 1482084 6 377556924 3279857 205208 3020483 2441835680 130117524 2 3446576 133395251
======================
   8      33 sdc1 1482095 6 377557012 3283927 205583 3022333 2444406376 130231458 50 3451435 133518251
======================
   8      33 sdc1 1482106 6 377557100 3288071 206004 3024028 2447062320 130390692 33 3456438 133677291
======================
   8      33 sdc1 1482115 6 377557172 3292190 206309 3025620 2449500720 130485612 28 3461084 133779469
======================
   8      33 sdc1 1482126 6 377557260 3296867 206656 3027439 2452113384 130610267 26 3466086 133909909
======================
   8      33 sdc1 1482135 6 377557332 3300733 206968 3029033 2454575144 130712899 12 3470705 134015906
======================
   8      33 sdc1 1482145 6 377557412 3304869 207270 3030634 2457004144 130803009 3 3475303 134107125
======================
   8      33 sdc1 1482156 6 377557500 3309126 207572 3032417 2459501616 130896049 20 3480010 134211963
======================
   8      33 sdc1 1482166 6 377557580 3313613 207901 3034182 2462028912 130982527 31 3484779 134296253
======================
   8      33 sdc1 1482177 6 377557668 3317927 208232 3035952 2464685936 131091857 26 3489781 134415798
======================
   8      33 sdc1 1482181 6 377557700 3319582 208553 3038358 2467275256 131414931 131 3494782 134774871
======================
   8      33 sdc1 1482181 6 377557700 3319582 208877 3039765 2469947432 132000147 58 3499784 135325388
======================
   8      33 sdc1 1482182 6 377557708 3320209 209190 3041337 2472616768 132485058 9 3504787 135824167
======================
   8      33 sdc1 1482183 6 377557716 3320726 209558 3043430 2475276696 133020637 133 3509789 136392918
======================
   8      33 sdc1 1482183 6 377557716 3320726 209939 3044865 2477944600 133619024 8 3514791 136960075
======================
   8      33 sdc1 1482184 6 377557724 3320767 210264 3046755 2480616760 134167498 24 3519794 137541339
======================
   8      33 sdc1 1482185 6 377557732 3321342 210599 3048549 2483282208 134723828 19 3524796 138084277
======================
   8      33 sdc1 1482186 6 377557740 3321817 210908 3050406 2485879408 135286084 33 3529799 138667498
======================
   8      33 sdc1 1482186 6 377557740 3321817 211231 3052426 2488533496 135844975 61 3534802 139267127
======================
   8      33 sdc1 1482187 6 377557748 3322404 211548 3054368 2491203048 136350817 84 3539805 139807243
======================
   8      33 sdc1 1482188 6 377557756 3322847 211877 3056138 2493869832 136914699 84 3544808 140361956
======================
   8      33 sdc1 1482188 6 377557756 3322847 212208 3058082 2496462744 137479196 102 3549810 140940629
======================
   8      33 sdc1 1482189 6 377557764 3322871 212523 3059951 2499124136 138019057 109 3554813 141489042
======================
   8      33 sdc1 1482190 6 377557772 3323384 212846 3061737 2501756888 138568651 111 3559816 142030987
======================
   8      33 sdc1 1482190 6 377557772 3323384 213176 3063302 2504386528 139141244 106 3564819 142578375
======================
   8      33 sdc1 1482191 6 377557780 3324118 213601 3065209 2507014896 139667220 121 3569821 143122746
======================
   8      33 sdc1 1482195 6 377557812 3326077 213926 3067143 2509674944 140231691 144 3574824 143704140
======================
   8      33 sdc1 1482195 6 377557812 3326077 214212 3067890 2511866824 140658719 0 3578938 143982631
started
======================
   8      33 sdc1 1487779 6 378986580 3330965 214212 3067890 2511866824 140658719 2 3581575 143987517
======================
   8      33 sdc1 1498963 8 381850196 3340616 214214 3067891 2511866848 140658727 0 3586765 143997164
======================
   8      33 sdc1 1509751 8 384611924 3349892 214214 3067891 2511866848 140658727 2 3591767 144006434
======================
   8      33 sdc1 1520546 8 387375444 3359187 214214 3067891 2511866848 140658727 1 3596770 144015710
======================
   8      33 sdc1 1531340 8 390138708 3368489 214214 3067891 2511866848 140658727 2 3601773 144025004
======================
   8      33 sdc1 1542134 8 392901972 3377783 214214 3067891 2511866848 140658727 2 3606774 144034278
======================
   8      33 sdc1 1552926 8 395664724 3387059 214214 3067891 2511866848 140658727 2 3611778 144043545
======================
   8      33 sdc1 1563723 8 398428756 3396341 214214 3067891 2511866848 140658727 2 3616781 144052807
======================
   8      33 sdc1 1574518 8 401192276 3405651 214215 3067891 2511866856 140658727 2 3621784 144062099
======================
   8      33 sdc1 1585312 8 403955540 3414995 214215 3067891 2511866856 140658727 2 3626786 144071424
======================
   8      33 sdc1 1596110 8 406719828 3424282 214215 3067891 2511866856 140658727 2 3631790 144080697
======================
   8      33 sdc1 1606905 8 409483348 3433559 214215 3067891 2511866856 140658727 2 3636793 144089962
======================
   8      33 sdc1 1617746 8 412258644 3442920 214215 3067891 2511866856 140658727 2 3641817 144099314
======================
   8      33 sdc1 1628565 8 415028308 3452223 214215 3067891 2511866856 140658727 1 3646831 144108603
======================
   8      33 sdc1 1639357 8 417791060 3461497 214215 3067891 2511866856 140658727 2 3651833 144117861
======================
   8      33 sdc1 1650153 8 420554836 3470783 214215 3067891 2511866856 140658727 2 3656837 144127136
======================
   8      33 sdc1 1660947 8 423318100 3480084 214215 3067891 2511866856 140658727 2 3661840 144136426
======================
   8      33 sdc1 1671744 8 426082132 3489375 214215 3067891 2511866856 140658727 1 3666842 144145699
======================
   8      33 sdc1 1682538 8 428845396 3498669 214215 3067891 2511866856 140658727 2 3671845 144154987
======================
   8      33 sdc1 1693333 8 431608916 3507949 214215 3067891 2511866856 140658727 1 3676848 144164259
======================
   8      33 sdc1 1704127 8 434372180 3517235 214215 3067891 2511866856 140658727 2 3681850 144173534
======================
   8      33 sdc1 1714922 8 437135700 3526519 214215 3067891 2511866856 140658727 2 3686853 144182805
======================
   8      33 sdc1 1725718 8 439899476 3535803 214215 3067891 2511866856 140658727 2 3691857 144192080
======================
   8      33 sdc1 1736514 8 442663252 3545074 214215 3067891 2511866856 140658727 2 3696860 144201338
======================
   8      33 sdc1 1747360 8 445439828 3554400 214215 3067891 2511866856 140658727 1 3701885 144210653
======================
   8      33 sdc1 1758158 8 448204116 3563684 214215 3067891 2511866856 140658727 2 3706890 144219925
======================
   8      33 sdc1 1768951 8 450967124 3572969 214215 3067891 2511866856 140658727 2 3711892 144229198
======================
   8      33 sdc1 1779749 8 453731412 3582258 214215 3067891 2511866856 140658727 2 3716895 144238471
======================
   8      33 sdc1 1790541 8 456494164 3591557 214215 3067891 2511866856 140658727 2 3721897 144247759
======================
   8      33 sdc1 1801336 8 459257684 3600857 214215 3067891 2511866856 140658727 2 3726900 144257048
======================
   8      33 sdc1 1812131 8 462021204 3610152 214215 3067891 2511866856 140658727 2 3731903 144266327
======================
   8      33 sdc1 1822928 8 464785236 3619426 214215 3067891 2511866856 140658727 1 3736905 144275587
======================
   8      33 sdc1 1833723 8 467548508 3628726 214215 3067891 2511866856 140658727 2 3741909 144284876
======================
   8      33 sdc1 1844516 8 470311516 3638012 214215 3067891 2511866856 140658727 2 3746911 144294152
======================
   8      33 sdc1 1855314 8 473075804 3647293 214215 3067891 2511866856 140658727 2 3751914 144303424
======================
   8      33 sdc1 1866109 8 475839324 3656572 214215 3067891 2511866856 140658727 2 3756917 144312687
======================
   8      33 sdc1 1876949 8 478614364 3665896 214215 3067891 2511866856 140658727 1 3761940 144322000
======================
   8      33 sdc1 1887748 8 481378908 3675186 214215 3067891 2511866856 140658727 1 3766944 144331280
======================
   8      33 sdc1 1898541 8 484141916 3684470 214215 3067891 2511866856 140658727 2 3771947 144340556
======================
   8      33 sdc1 1909338 8 486905948 3693746 214215 3067891 2511866856 140658727 2 3776950 144349823
======================
   8      33 sdc1 1920130 8 489668700 3703031 214215 3067891 2511866856 140658727 2 3781953 144359098
======================
   8      33 sdc1 1930928 8 492432988 3712312 214215 3067891 2511866856 140658727 2 3786956 144368368
======================
   8      33 sdc1 1941727 8 495197532 3721592 214215 3067891 2511866856 140658727 2 3791961 144377635
======================
   8      33 sdc1 1952520 8 497960540 3730868 214215 3067891 2511866856 140658727 2 3796963 144386899
======================
   8      33 sdc1 1963319 8 500725084 3740154 214215 3067891 2511866856 140658727 2 3801967 144396171
======================
   8      33 sdc1 1973717 8 503386972 3749093 214215 3067891 2511866856 140658727 0 3806786 144405098
