90.1673	82.0071	8.16016
90.7389	80.7692	9.96964
91.1975	79.6827	11.5148
90.9415	75.9288	15.0127
90.5316	80.8608	9.67089
91.076	79.7552	11.3208
89.9342	80.8295	9.1047
90.9415	81.7812	9.16031
91.7224	83.2391	8.48329
90.091	77.6542	12.4368
90.7379	81.9338	8.80407
90.8397	80.2036	10.6361
90.4569	80.5584	9.89848
91.0015	79.6645	11.3371
91.6838	80.2875	11.3963
90.9736	82.2515	8.72211
91.8462	78.5128	13.3333
91.0204	85.2041	5.81633
91.1224	80.5102	10.6122
91.4447	81.3525	10.0922
90.5584	76.0914	14.467
91.9016	84.4695	7.43209
91.8378	77.7207	14.117
90.3291	80.8608	9.46835
91.6667	82.2016	9.46502
91.0387	80.5499	10.4888
91.2755	83.6735	7.60204
91.3978	80.9524	10.4455
91.4894	77.6596	13.8298
91.291	85.8607	5.43033
90.6457	82.8165	7.82918
90.2981	79.7372	10.5609
91.0896	79.3788	11.7108
91.4359	82.4615	8.97436
91.389	77.55	13.8391
91.2865	82.3168	8.96976
90.4472	82.9268	7.52033
90.8906	78.7786	12.112
90.5076	81.9289	8.57868
91.0815	81.1891	9.89236
91.4359	80.8205	10.6154
91.3378	85.1871	6.15069
91.7689	82.771	8.99796
91.0577	87.021	4.03679
90.8952	77.0092	13.8861
91.6324	80.5441	11.0883
90.7107	80.6599	10.0508
91.211	83.3929	7.81809
90.4472	80.437	10.0102
90.0905	80.7344	9.35614
89.6673	78.3266	11.3407
90.2898	83.1215	7.16828
89.9898	79.624	10.3659
90.5199	78.7462	11.7737
90.9512	80.874	10.0771
90.3846	80.8198	9.56478
89.2354	79.7284	9.50704
91.2424	79.0224	12.22
90.2996	80.6501	9.64957
91.0769	79.0256	12.0513
89.7163	79.5846	10.1317
90.5756	78.4004	12.1752
90.6346	79.5292	11.1054
90.9555	80.5825	10.373
91.0997	78.312	12.7877
91.1554	79.1922	11.9632
89.3671	79.1899	10.1772
89.8632	77.9017	11.9615
90.4738	77.2287	13.245
90.5028	79.3296	11.1732
91.4959	78.2275	13.2684
90.7227	82.6243	8.09841
90.3817	76.3868	13.9949
90.5948	76.2583	14.3366
90.4617	79.2491	11.2126
91.4066	82.4041	9.00256
90.3749	86.1702	4.20466
90.8122	74.6701	16.1421
90.0253	78.0759	11.9494
90.77	76.6956	14.0745
89.4153	78.0746	11.3407
90.2538	76.7005	13.5533
90.8022	78.8452	11.9571
90.0659	83.4263	6.63964
90.7417	77.4936	13.2481
90.3242	80.5471	9.7771
91.9546	80.8664	11.0882
91.3978	79.5187	11.8792
90.59	81.5361	9.05392
91.163	80.3961	10.7669
90.8215	81.288	9.53347
90.8813	82.0683	8.81304
91.6113	79.4373	12.1739
91.7053	82.2257	9.47965
90.9507	82.664	8.28673
91.2577	80.6748	10.5828
90.0609	81.4909	8.56998
90.4738	74.325	16.1488
89.8683	78.4701	11.3982
90.1166	75.6209	14.4957
90.4883	80.824	9.66429
90.2947	75.6606	14.6341
91.1315	84.1998	6.9317
90.8905	81.5763	9.31423
90.937	77.6754	13.2616
91.0158	78.9178	12.098
90.8765	78.8314	12.0451
90.7143	79.2347	11.4796
90.6504	81.8089	8.84146
90.0505	81.7172	8.33333
90.0659	78.7126	11.3533
90.6775	81.1004	9.57718
90.0709	77.2036	12.8673
91.4359	80.4103	11.0256
90.4228	76.2099	14.2129
90.4835	78.8295	11.6539
90.5247	79.4193	11.1055
91.3422	80.2766	11.0656
90.464	76.7976	13.6665
90.0354	81.74	8.2954
91.211	83.2908	7.92029
90.649	79.0496	11.5994
91.0532	80.1636	10.8896
90.774	84.2132	6.56074
90.687	76.3359	14.3511
90.5612	84.1837	6.37755
90.6266	85.1758	5.45084
90.9744	81.7949	9.17949
91.3599	80.5726	10.7873
90.4954	79.1709	11.3246
90.7661	78.2344	12.5317
90.213	81.9473	8.26572
90.6775	82.0173	8.66021
90.4326	81.6794	8.75318
90.6918	82.5534	8.13835
91.2218	79.0041	12.2177
90.7747	81.1417	9.63303
90.7935	80.2136	10.5799
91.2596	83.2905	7.96915
92.6387	83.4111	9.22758
90.7154	78.4373	12.278
90.9044	77.21	13.6944
90.6667	78.359	12.3077
90.4738	78.1457	12.3281
90.6266	83.5965	7.03006
89.6274	79.4058	10.2216
91.184	76.4223	14.7617
90.1921	79.0698	11.1223
90.8718	79.4359	11.4359
89.9189	81.307	8.61196
90.37	79.8277	10.5423
90.6965	80.5796	10.1169
90.7001	84.0572	6.64282
91.1145	80.791	10.3236
90.4689	79.001	11.4679
90.2141	78.6442	11.5698
89.8734	77.3165	12.557
90.7238	77.2681	13.4557
91.136	81.1004	10.0357
90.3504	77.6028	12.7476
90.2749	75.3055	14.9695
89.9546	79.7072	10.2473
89.7059	78.0933	11.6126
91.291	81.0963	10.1947
90.5419	79.499	11.0429
90.6457	82.5114	8.13421
91.1237	80.1437	10.98
90.7653	82.0408	8.72449
90.2489	74.2001	16.0488
89.4129	76.3673	13.0457
90.8069	76.2002	14.6067
90	77.3096	12.6904
91.0997	79.4373	11.6624
90.6918	82.1974	8.4944
91.3378	81.2404	10.0974
90.1366	78.7557	11.3809
90.8393	80.1945	10.6448
91.7991	82.0605	9.7386
91.193	81.362	9.83103
90.9091	81.869	9.04012
91.1554	82.0041	9.15133
90.7001	80.0204	10.6796
90.617	82.5599	8.05711
89.6709	83.0886	6.58228
90.8069	82.7375	8.06946
90.3866	79.1963	11.1902
90.3719	76.1589	14.2129
91.0532	76.4315	14.6217
91.3758	81.3142	10.0616
90.4835	74.3511	16.1323
90.2439	75.5589	14.685
89.9949	77.806	12.1889
91.3043	83.9898	7.31458
89.869	77.6714	12.1976
90.7511	77.8232	12.928
91.0952	76.4074	14.6878
90.8767	78.3894	12.4873
90.8858	79.6723	11.2135
90.7464	74.7444	16.002
90.7511	81.5023	9.24885
89.1784	78.006	11.1723
90.9744	81.8974	9.07692
91.044	79.4268	11.6172
90.1623	77.9919	12.1704
90.9509	77.7096	13.2413
90.3455	80.6402	9.70528
90.937	79.4163	11.5207
90.5468	81.0935	9.45324
90.979	77.3962	13.5828
91.5428	79.4977	12.0451
90.6122	78.3163	12.2959
90.1065	80.3653	9.74125
91.6752	80.8325	10.8428
91.1599	82.2688	8.89116
90.4304	83.2911	7.13924
90.7143	80.4082	10.3061
90.8537	80.6402	10.2134
90.498	79.9289	10.5691
90.7201	81.643	9.07708
90.0253	82.1266	7.89873
90.923	85.0586	5.86435
90.2588	77.4734	12.7854
91.3599	75.7669	15.593
90.3209	80.489	9.83189
91.0532	78.1697	12.8834
90.649	78.0787	12.5703
90.5295	82.9939	7.53564
90.0965	76.6887	13.4078
90.9276	80.5301	10.3976
89.8683	74.6201	15.2482
90.265	77.0642	13.2008
91.175	85.1719	6.00308
90.0864	81.7997	8.28673
91.3918	85.1546	6.23711
91.1464	79.5292	11.6172
90.4883	80.6205	9.86775
89.0287	83.4927	5.53598
90.566	81.948	8.61805
90.6091	80.3553	10.2538
90.2848	75.6358	14.649
90.208	77.4734	12.7347
89.9645	76.8373	13.1272
90.8627	82.6442	8.21848
90.1781	81.1705	9.00763
90.7001	80.5825	10.1175
90.7511	75.3194	15.4318
91.2621	84.977	6.28513
90.752	81.1992	9.55285
91.688	81.0159	10.6721
90.974	81.591	9.38297
90.4617	81.38	9.08168
90.7747	80.8869	9.88787
90.2489	79.6851	10.5637
90.9276	81.1417	9.78593
90.3455	81.6565	8.68902
90.6314	76.0692	14.5621
90.9555	83.7506	7.20491
90.7464	80.0613	10.6851
90.7653	79.1837	11.5816
90.6728	79.8675	10.8053
91.1043	74.7955	16.3088
90.6361	84.9364	5.69975
90.9882	77.5218	13.4665
90.4786	81.9756	8.50305
90.4374	76.1445	14.293
90.6442	86.1963	4.44785
91.1645	78.7028	12.4617
89.8734	77.4177	12.4557
91.0769	78.7692	12.3077
90.6122	78.0612	12.551
91.002	80.6237	10.3783
90.7048	80.8478	9.857
91.0623	78.8049	12.2574
90.27	76.1589	14.1111
91.0861	77.6639	13.4221
90.8022	82.2177	8.58457
90.4179	79.7655	10.6524
90.9417	79.0686	11.8731
89.9594	76.1663	13.7931
90.687	78.0153	12.6718
90.3357	82.0448	8.29095
90.0304	79.7571	10.2733
91.4741	82.2291	9.24499
91.0061	78.7602	12.2459
90.8673	79.6939	11.1735
90.9786	80.9378	10.0408
90.7426	83.825	6.9176
90.7332	78.7678	11.9654
90.3193	78.8647	11.4546
90.1373	82.9181	7.21912
90.1523	79.8477	10.3046
90.7285	81.1004	9.62812
91.3333	78.7692	12.5641
91.0815	79.6002	11.4813
90.844	79.9488	10.8951
89.4498	76.0727	13.3771
91.4315	77.0139	14.4177
90.1981	77.1965	13.0015
90.8905	76.5609	14.3296
90.59	80.061	10.529
90.8951	79.4885	11.4066
90.566	80.0102	10.5558
90.7567	76.6887	14.0681
90.4931	80.0203	10.4728
90.0457	81.2087	8.83697
90.7928	75.3453	15.4476
90.9651	81.1088	9.85626
90.3357	79.9593	10.3764
90.0965	84.7638	5.33266
90.6633	81.2755	9.38776
90.6953	78.0164	12.6789
90.9555	80.5825	10.373
89.8939	80.2425	9.65134
90.9183	80.5682	10.3501
90.8304	80.9475	9.88283
90.5918	79.565	11.0268
91.5479	82.5866	8.9613
90.7248	82.2098	8.51495
90.668	76.5426	14.1254
90.2389	79.9695	10.2694
90.4277	82.5866	7.84114
91.0112	79.0603	11.951
90.27	78.1966	12.0734
90.9044	79.816	11.0884
90.234	75.5341	14.6999
90.9091	83.2049	7.70416
89.2083	80.0807	9.12758
90.6442	74.9489	15.6953
90.1681	82.0683	8.09985
91.021	80.4002	10.6208
91.2263	80.2976	10.9287
90.3259	82.0774	8.24847
90.3012	77.6927	12.6085
90.6953	77.863	12.8323
90.6394	81.4834	9.15601
90.0404	79.9798	10.0607
91.3669	79.8047	11.5622
91.0669	83.0526	8.01429
90.5102	79.3878	11.1224
91.2353	76.5761	14.6591
89.9393	82.4065	7.53286
90.8998	82.8673	8.03254
90.9137	79.9898	10.9239
90.6883	77.9858	12.7024
91.4023	80.911	10.4913
90.3553	80.3553	10
91.1464	77.3286	13.8178
90.6585	78.05	12.6085
91.5385	77.0256	14.5128
91.3244	82.8542	8.47023
90.1222	77.7495	12.3727
90.681	79.3139	11.3671
91.0861	82.4283	8.65779
90.7143	76.2245	14.4898
90.9463	82.4552	8.49105
90.9231	81.2308	9.69231
90.6953	78.5787	12.1166
90.3209	78.5532	11.7677
89.0281	80.1102	8.91784
90.9555	79.5095	11.4461
90.7001	77.5166	13.1834
90.3061	77.3469	12.9592
90.5708	82.5178	8.05301
89.9444	79.7372	10.2072
90.1523	76.7513	13.401
90.7417	77.5959	13.1458
90.515	79.9592	10.5558
91.0815	81.8042	9.27729
90.2637	80.3753	9.88844
90.4543	81.5212	8.93313
91.021	81.0672	9.95382
90.4228	83.4437	6.97911
90.6266	78.4513	12.1752
90.1166	77.9524	12.1642
90.4131	77.8684	12.5446
90.7975	82.3108	8.48671
91.2173	78.377	12.8403
91.6795	78.6852	12.9944
90.1931	78.6077	11.5854
90.7001	77.1589	13.5411
90.6027	78.141	12.4617
89.8632	79.1181	10.7451
91.1418	82.0789	9.06298
90.8022	83.3418	7.4604
90.6585	82.44	8.21848
90.5708	76.6565	13.9144
