======================
   8      33 sdc1 14395255 533 1483103524 25133004 47257072 60237798 21765726648 1278487268 0 18929336 1304129232
======================
   8      33 sdc1 14395272 533 1483103660 25134584 47258148 60237798 21767930296 1279017604 156 18933616 1304699080
======================
   8      33 sdc1 14395283 533 1483103748 25136188 47259410 60237842 21770486672 1279655604 152 18938620 1305338228
======================
   8      33 sdc1 14395292 533 1483103820 25137440 47260644 60237864 21773003872 1280296596 104 18943624 1305978916
======================
   8      33 sdc1 14395303 533 1483103908 25139180 47261905 60237886 21775578416 1280935632 127 18948624 1306620628
======================
   8      33 sdc1 14395312 533 1483103980 25140780 47263100 60237907 21778019824 1281552860 150 18953628 1307238888
======================
   8      33 sdc1 14395322 533 1483104060 25142344 47264360 60237929 21780592320 1282182880 148 18958628 1307871776
======================
   8      33 sdc1 14395332 533 1483104140 25143912 47265630 60237951 21783185296 1282820076 117 18963632 1308509260
======================
   8      33 sdc1 14395343 533 1483104228 25145740 47266906 60237974 21785792608 1283439424 116 18968636 1309132004
======================
   8      33 sdc1 14395353 533 1483104308 25147468 47268157 60237997 21788318000 1284085564 133 18973636 1309776736
======================
   8      33 sdc1 14395364 533 1483104396 25149236 47269429 60238019 21790915072 1284722368 128 18978648 1310417396
======================
   8      33 sdc1 14395375 533 1483104484 25151020 47270718 60238043 21793542864 1285354680 155 18983648 1311052520
======================
   8      33 sdc1 14395385 533 1483104564 25152636 47271991 60238067 21796141984 1285998772 153 18988652 1311696220
======================
   8      33 sdc1 14395396 533 1483104652 25154452 47273275 60238091 21798761600 1286624476 133 18993648 1312324820
======================
   8      33 sdc1 14395407 533 1483104740 25156316 47274553 60238115 21801373008 1287239048 157 18998652 1312938584
======================
   8      33 sdc1 14395417 533 1483104820 25157856 47275841 60238139 21804002848 1287875808 156 19003652 1313579964
======================
   8      33 sdc1 14395428 533 1483104908 25159236 47277133 60238161 21806640880 1288523760 136 19008656 1314227128
======================
   8      33 sdc1 14395439 533 1483104996 25161016 47278417 60238186 21809264584 1289155672 150 19013656 1314863172
======================
   8      33 sdc1 14395449 533 1483105076 25162464 47279703 60238208 21811890328 1289803088 143 19018660 1315507648
======================
   8      33 sdc1 14395460 533 1483105164 25164244 47280992 60238231 21814501736 1290428688 151 19023660 1316139288
======================
   8      33 sdc1 14395471 533 1483105252 25165724 47282263 60238256 21817098808 1291068804 132 19028664 1316781508
======================
   8      33 sdc1 14395481 533 1483105332 25167148 47283565 60238278 21819757320 1291717036 139 19033664 1317426552
======================
   8      33 sdc1 14395492 533 1483105420 25168892 47284996 60238302 21822436312 1292348092 137 19038716 1318059492
======================
   8      33 sdc1 14395503 533 1483105508 25170688 47286298 60238328 21825088680 1292964312 114 19043716 1318679840
======================
   8      33 sdc1 14395513 533 1483105588 25172396 47287600 60238354 21827747192 1293572520 96 19048720 1319288704
======================
   8      33 sdc1 14395525 533 1483105684 25174032 47288905 60238379 21830409816 1294201692 137 19053720 1319919256
======================
   8      33 sdc1 14395536 533 1483105772 25175800 47290204 60238404 21833064240 1294831208 138 19058724 1320553548
======================
   8      33 sdc1 14395546 533 1483105852 25177160 47291508 60238429 21835720704 1295474700 128 19063728 1321197456
======================
   8      33 sdc1 14395557 533 1483105940 25178996 47292808 60238452 21838375120 1296104652 130 19068728 1321825928
======================
   8      33 sdc1 14395568 533 1483106028 25180808 47294108 60238476 21841029536 1296726752 139 19073732 1322451808
======================
   8      33 sdc1 14395578 533 1483106108 25182172 47295411 60238502 21843686000 1297376536 131 19078732 1323105340
======================
   8      33 sdc1 14395589 533 1483106196 25183612 47296724 60238526 21846348608 1298017188 102 19083736 1323745728
======================
   8      33 sdc1 14395601 533 1483106292 25185552 47298025 60238550 21849007128 1298643920 130 19088736 1324375612
======================
   8      33 sdc1 14395611 533 1483106372 25186984 47299442 60238580 21851661528 1299306508 132 19093740 1325036180
======================
   8      33 sdc1 14395622 533 1483106460 25188792 47300747 60238613 21854315960 1299916648 130 19098744 1325652176
======================
   8      33 sdc1 14395633 533 1483106548 25190404 47302049 60238654 21856970392 1300534272 144 19103740 1326269572
======================
   8      33 sdc1 14395643 533 1483106628 25192116 47303354 60238689 21859626872 1301163104 131 19108740 1326900736
======================
   8      33 sdc1 14395654 533 1483106716 25193932 47304662 60238720 21862285400 1301782652 113 19113740 1327520228
======================
   8      33 sdc1 14395666 533 1483106812 25195800 47305965 60238758 21864943912 1302413012 140 19118744 1328155528
======================
   8      33 sdc1 14395676 533 1483106892 25197108 47307269 60238791 21867600376 1303061448 79 19123744 1328799400
======================
   8      33 sdc1 14395687 533 1483106980 25198920 47308575 60238822 21870258896 1303686004 140 19128748 1329425556
======================
   8      33 sdc1 14395698 533 1483107068 25200716 47309882 60238857 21872919456 1304304168 129 19133752 1330050344
======================
   8      33 sdc1 14395709 533 1483107156 25202464 47311191 60238888 21875575920 1304920012 135 19138752 1330662876
======================
   8      33 sdc1 14395719 533 1483107236 25203728 47312495 60238920 21878236400 1305561224 135 19143756 1331312148
======================
   8      33 sdc1 14395730 533 1483107324 25205268 47313916 60238951 21880892864 1306206832 119 19148756 1331955972
======================
   8      33 sdc1 14395741 533 1483107412 25207012 47315230 60238984 21883549336 1306844232 101 19153760 1332593656
======================
   8      33 sdc1 14395752 533 1483107500 25208728 47316542 60239024 21886212032 1307483448 143 19158760 1333235060
======================
   8      33 sdc1 14395763 533 1483107588 25210504 47317854 60239063 21888868456 1308104828 141 19163764 1333856572
======================
   8      33 sdc1 14395773 533 1483107668 25212136 47319164 60239096 21891528936 1308715864 18 19168768 1334445780
started
======================
   8      33 sdc1 14399998 533 1483141462 25213132 47319204 60239127 21891566224 1308725444 1 19169412 1334447468
======================
   8      33 sdc1 14436285 533 1483431758 25216800 47319204 60239127 21891566224 1308725444 1 19173072 1334451128
======================
   8      33 sdc1 14472430 533 1483720950 25220492 47319206 60239129 21891566256 1308725448 1 19176760 1334454820
======================
   8      33 sdc1 14507922 533 1484004902 25224212 47319206 60239129 21891566256 1308725448 1 19180464 1334458524
======================
   8      33 sdc1 14543727 533 1484291358 25227932 47319206 60239129 21891566256 1308725448 1 19184160 1334462220
======================
   8      33 sdc1 14579811 533 1484580078 25231648 47319206 60239129 21891566256 1308725448 0 19187864 1334465924
======================
   8      33 sdc1 14615852 533 1484868534 25235348 47319208 60239129 21891566272 1308725448 1 19191560 1334469620
======================
   8      33 sdc1 14651281 533 1485152142 25238948 47319208 60239129 21891566272 1308725448 1 19195144 1334473204
======================
   8      33 sdc1 14687753 533 1485443974 25242688 47319208 60239129 21891566272 1308725448 0 19198876 1334476936
======================
   8      33 sdc1 14723530 533 1485730398 25246468 47319208 60239129 21891566272 1308725448 1 19202640 1334480700
======================
   8      33 sdc1 14759213 533 1486016038 25250076 47319208 60239129 21891566272 1308725448 1 19206236 1334484296
======================
   8      33 sdc1 14794403 533 1486297886 25253664 47319208 60239129 21891566272 1308725448 1 19209816 1334487876
======================
   8      33 sdc1 14830037 533 1486583582 25257316 47319208 60239129 21891566272 1308725448 1 19213456 1334491516
======================
   8      33 sdc1 14865520 533 1486867798 25260960 47319208 60239129 21891566272 1308725448 1 19217088 1334495148
======================
   8      33 sdc1 14901530 533 1487156614 25264732 47319208 60239129 21891566272 1308725448 1 19220844 1334498908
======================
   8      33 sdc1 14937645 533 1487446206 25268548 47319208 60239129 21891566272 1308725448 1 19224660 1334502724
======================
   8      33 sdc1 14974179 533 1487739246 25272296 47319208 60239129 21891566272 1308725448 1 19228396 1334506460
======================
   8      33 sdc1 15010618 533 1488031446 25276244 47319208 60239129 21891566272 1308725448 1 19232348 1334510412
======================
   8      33 sdc1 15046563 533 1488320126 25279908 47319208 60239129 21891566272 1308725448 1 19235992 1334514056
======================
   8      33 sdc1 15082593 533 1488609678 25283640 47319208 60239129 21891566272 1308725448 1 19239724 1334517788
======================
   8      33 sdc1 15118371 533 1488896870 25287368 47319208 60239129 21891566272 1308725448 1 19243440 1334521504
======================
   8      33 sdc1 15154001 533 1489183374 25291044 47319208 60239129 21891566272 1308725448 0 19247100 1334525164
======================
   8      33 sdc1 15190924 533 1489480942 25294836 47319208 60239129 21891566272 1308725448 1 19250884 1334528952
======================
   8      33 sdc1 15227250 533 1489773438 25298720 47319208 60239129 21891566272 1308725448 0 19254740 1334532812
======================
   8      33 sdc1 15262625 533 1490058358 25302244 47319208 60239129 21891566272 1308725448 1 19258248 1334536320
======================
   8      33 sdc1 15298773 533 1490349774 25306052 47319208 60239129 21891566272 1308725448 1 19262044 1334540120
======================
   8      33 sdc1 15335365 533 1490645022 25309872 47319208 60239129 21891566272 1308725448 1 19265864 1334543940
======================
   8      33 sdc1 15371856 533 1490939542 25313660 47319208 60239129 21891566272 1308725448 1 19269640 1334547716
======================
   8      33 sdc1 15407943 533 1491230982 25317372 47319208 60239129 21891566272 1308725448 0 19273328 1334551404
======================
   8      33 sdc1 15445333 533 1491533166 25321148 47319208 60239129 21891566272 1308725448 1 19277072 1334555148
======================
   8      33 sdc1 15481318 533 1491823622 25324896 47319208 60239129 21891566272 1308725448 1 19280808 1334558884
======================
   8      33 sdc1 15516908 533 1492111590 25328480 47319208 60239129 21891566272 1308725448 0 19284372 1334562456
======================
   8      33 sdc1 15553079 533 1492404870 25332136 47319208 60239129 21891566272 1308725448 1 19288008 1334566100
======================
   8      33 sdc1 15588826 533 1492695238 25335760 47319208 60239129 21891566272 1308725448 0 19291628 1334569724
======================
   8      33 sdc1 15624694 533 1492986174 25339564 47319208 60239129 21891566272 1308725448 1 19295416 1334573524
======================
   8      33 sdc1 15660174 533 1493275430 25343288 47319208 60239129 21891566272 1308725448 0 19299132 1334577248
======================
   8      33 sdc1 15696134 533 1493567878 25347056 47319208 60239129 21891566272 1308725448 1 19302868 1334581000
======================
   8      33 sdc1 15731860 533 1493858254 25350792 47319208 60239129 21891566272 1308725448 1 19306580 1334584724
======================
   8      33 sdc1 15768008 533 1494152718 25354496 47319208 60239129 21891566272 1308725448 1 19310272 1334588416
======================
   8      33 sdc1 15803887 533 1494445630 25358124 47319208 60239129 21891566272 1308725448 0 19313856 1334592012
======================
   8      33 sdc1 15839117 533 1494733094 25361772 47319208 60239129 21891566272 1308725448 1 19317496 1334595652
======================
   8      33 sdc1 15875088 533 1495027206 25365580 47319208 60239129 21891566272 1308725448 2 19321280 1334599440
======================
   8      33 sdc1 15910494 533 1495318190 25369324 47319208 60239129 21891566272 1308725448 0 19325020 1334603184
======================
   8      33 sdc1 15946953 533 1495616654 25373184 47319208 60239129 21891566272 1308725448 1 19328844 1334607016
======================
   8      33 sdc1 15981681 533 1495901654 25376924 47319208 60239129 21891566272 1308725448 1 19332528 1334610744
======================
   8      33 sdc1 16017880 533 1496199390 25380728 47319208 60239129 21891566272 1308725448 0 19336300 1334614536
======================
   8      33 sdc1 16053628 533 1496493966 25384480 47319208 60239129 21891566272 1308725448 1 19340012 1334618264
======================
   8      33 sdc1 16089507 533 1496789726 25388196 47319208 60239129 21891566272 1308725448 1 19343692 1334621972
======================
   8      33 sdc1 16125737 533 1497089374 25392012 47319208 60239129 21891566272 1308725448 0 19347468 1334625780
======================
   8      33 sdc1 16160891 533 1497380710 25395648 47319208 60239129 21891566272 1308725448 1 19351056 1334629412
======================
   8      33 sdc1 16196471 533 1497675902 25399220 47319208 60239129 21891566272 1308725448 1 19354548 1334632968
======================
   8      33 sdc1 16231720 533 1497967310 25402832 47319208 60239129 21891566272 1308725448 1 19358148 1334636584
======================
   8      33 sdc1 16267518 533 1498265174 25406552 47319208 60239129 21891566272 1308725448 1 19361840 1334640296
======================
   8      33 sdc1 16302565 533 1498556318 25410196 47319208 60239129 21891566272 1308725448 1 19365424 1334643916
======================
   8      33 sdc1 16338217 533 1498853854 25413936 47319208 60239129 21891566272 1308725448 1 19369132 1334647648
======================
   8      33 sdc1 16373104 533 1499143990 25417704 47319208 60239129 21891566272 1308725448 0 19372856 1334651408
======================
   8      33 sdc1 16409545 533 1499449262 25421404 47319208 60239129 21891566272 1308725448 0 19376480 1334655096
======================
   8      33 sdc1 16445139 533 1499745118 25424956 47319208 60239129 21891566272 1308725448 1 19379980 1334658632
======================
   8      33 sdc1 16482182 533 1500053126 25428808 47319208 60239129 21891566272 1308725448 1 19383808 1334662480
======================
   8      33 sdc1 16517841 533 1500349822 25432532 47319208 60239129 21891566272 1308725448 1 19387484 1334666188
======================
   8      33 sdc1 16553227 533 1500644478 25436228 47319208 60239129 21891566272 1308725448 0 19391152 1334669880
======================
   8      33 sdc1 16588284 533 1500935846 25439776 47319208 60239129 21891566272 1308725448 1 19394660 1334673408
======================
   8      33 sdc1 16623933 533 1501233998 25443596 47319208 60239129 21891566272 1308725448 0 19398428 1334677224
======================
   8      33 sdc1 16658919 533 1501524870 25447248 47319208 60239129 21891566272 1308725448 0 19402052 1334680868
======================
   8      33 sdc1 16694585 533 1501821534 25450960 47319208 60239129 21891566272 1308725448 1 19405740 1334684568
======================
   8      33 sdc1 16730637 533 1502121598 25454788 47319208 60239129 21891566272 1308725448 1 19409508 1334688380
======================
   8      33 sdc1 16766790 533 1502423710 25458576 47319208 60239129 21891566272 1308725448 1 19413244 1334692160
======================
   8      33 sdc1 16801846 533 1502717510 25462216 47319208 60239129 21891566272 1308725448 1 19416828 1334695788
======================
   8      33 sdc1 16837168 533 1503011622 25465956 47319208 60239129 21891566272 1308725448 1 19420512 1334699508
======================
   8      33 sdc1 16872981 533 1503309366 25469716 47319208 60239129 21891566272 1308725448 0 19424220 1334703252
======================
   8      33 sdc1 16909106 533 1503610918 25473480 47319208 60239129 21891566272 1308725448 0 19427928 1334707008
======================
   8      33 sdc1 16945672 533 1503915742 25477360 47319208 60239129 21891566272 1308725448 1 19431736 1334710872
======================
   8      33 sdc1 16980868 533 1504210246 25481004 47319208 60239129 21891566272 1308725448 0 19435352 1334714508
======================
   8      33 sdc1 17016578 533 1504508838 25484816 47319208 60239129 21891566272 1308725448 1 19439072 1334718292
======================
   8      33 sdc1 17052326 533 1504806758 25488572 47319208 60239129 21891566272 1308725448 1 19442776 1334722040
======================
   8      33 sdc1 17088557 533 1505110814 25492292 47319208 60239129 21891566272 1308725448 1 19446432 1334725752
======================
   8      33 sdc1 17124870 533 1505415870 25496092 47319208 60239129 21891566272 1308725448 1 19450188 1334729552
======================
   8      33 sdc1 17161263 533 1505720318 25499860 47319208 60239129 21891566272 1308725448 1 19453920 1334733312
======================
   8      33 sdc1 17197528 533 1506024294 25503604 47319208 60239129 21891566272 1308725448 0 19457608 1334737044
======================
   8      33 sdc1 17233190 533 1506322678 25507360 47319208 60239129 21891566272 1308725448 1 19461292 1334740776
======================
   8      33 sdc1 17268391 533 1506618462 25510996 47319208 60239129 21891566272 1308725448 1 19464904 1334744400
======================
   8      33 sdc1 17303929 533 1506916558 25514672 47319208 60239129 21891566272 1308725448 0 19468488 1334748064
======================
   8      33 sdc1 17339686 533 1507216166 25518412 47319208 60239129 21891566272 1308725448 0 19472172 1334751776
======================
   8      33 sdc1 17374996 533 1507512462 25522136 47319208 60239129 21891566272 1308725448 1 19475812 1334755492
======================
   8      33 sdc1 17410556 533 1507810766 25525788 47319208 60239129 21891566272 1308725448 1 19479456 1334759144
======================
   8      33 sdc1 17445789 533 1508107358 25529528 47319208 60239129 21891566272 1308725448 1 19483148 1334762868
======================
   8      33 sdc1 17481972 533 1508411814 25533304 47319208 60239129 21891566272 1308725448 1 19486844 1334766624
======================
   8      33 sdc1 17517960 533 1508715198 25537260 47319208 60239129 21891566272 1308725448 0 19490720 1334770568
======================
   8      33 sdc1 17553946 533 1509020790 25541048 47319208 60239129 21891566272 1308725448 0 19494452 1334774348
======================
   8      33 sdc1 17590168 533 1509325302 25544796 47319208 60239129 21891566272 1308725448 1 19498156 1334778084
======================
   8      33 sdc1 17627452 533 1509638966 25548656 47319208 60239129 21891566272 1308725448 1 19501960 1334781940
======================
   8      33 sdc1 17664249 533 1509949854 25552532 47319208 60239129 21891566272 1308725448 1 19505784 1334785804
======================
   8      33 sdc1 17700469 533 1510255470 25556312 47319208 60239129 21891566272 1308725448 1 19509504 1334789572
======================
   8      33 sdc1 17737571 533 1510567846 25560196 47319208 60239129 21891566272 1308725448 0 19513320 1334793436
======================
   8      33 sdc1 17773530 533 1510873398 25564072 47319208 60239129 21891566272 1308725448 1 19517040 1334797280
======================
   8      33 sdc1 17810191 533 1511183158 25567864 47319208 60239129 21891566272 1308725448 1 19520776 1334801064
======================
   8      33 sdc1 17846627 533 1511491198 25571524 47319208 60239129 21891566272 1308725448 1 19524416 1334804732
======================
   8      33 sdc1 17882467 533 1511794950 25575332 47319208 60239129 21891566272 1308725448 1 19528148 1334808520
======================
   8      33 sdc1 17917845 533 1512093222 25579148 47319208 60239129 21891566272 1308725448 1 19531872 1334812316
======================
   8      33 sdc1 17952674 533 1512386958 25582664 47319208 60239129 21891566272 1308725448 1 19535316 1334815812
======================
   8      33 sdc1 17988354 533 1512688366 25586412 47319208 60239129 21891566272 1308725448 1 19539000 1334819536
======================
   8      33 sdc1 18024315 533 1512991606 25590124 47319208 60239129 21891566272 1308725448 0 19542700 1334823236
======================
   8      33 sdc1 18060134 533 1513294358 25593924 47319208 60239129 21891566272 1308725448 1 19546384 1334827012
======================
   8      33 sdc1 18096493 533 1513602486 25597776 47319208 60239129 21891566272 1308725448 0 19550168 1334830860
======================
   8      33 sdc1 18132011 533 1513902766 25601508 47319208 60239129 21891566272 1308725448 1 19553852 1334834580
======================
   8      33 sdc1 18167177 533 1514199990 25605288 47319208 60239129 21891566272 1308725448 1 19557556 1334838344
======================
   8      33 sdc1 18203348 533 1514506238 25609112 47319208 60239129 21891566272 1308725448 0 19561332 1334842156
======================
   8      33 sdc1 18238614 533 1514804150 25612904 47319208 60239129 21891566272 1308725448 0 19565068 1334845928
======================
   8      33 sdc1 18274412 533 1515106198 25616640 47319208 60239129 21891566272 1308725448 0 19568752 1334849648
======================
   8      33 sdc1 18310481 533 1515411702 25620412 47319208 60239129 21891566272 1308725448 1 19572448 1334853392
======================
   8      33 sdc1 18346208 533 1515712750 25624144 47319208 60239129 21891566272 1308725448 1 19576132 1334857104
======================
   8      33 sdc1 18381824 533 1516015766 25627804 47319208 60239129 21891566272 1308725448 1 19579708 1334860740
======================
   8      33 sdc1 18417883 533 1516319870 25631624 47319208 60239129 21891566272 1308725448 0 19583424 1334864552
======================
   8      33 sdc1 18453481 533 1516620358 25635340 47319208 60239129 21891566272 1308725448 0 19587072 1334868256
======================
   8      33 sdc1 18489528 533 1516924294 25639152 47319208 60239129 21891566272 1308725448 0 19590840 1334872052
======================
   8      33 sdc1 18525391 533 1517227270 25642868 47319208 60239129 21891566272 1308725448 1 19594492 1334875756
======================
   8      33 sdc1 18561055 533 1517528278 25646608 47319208 60239129 21891566272 1308725448 1 19598164 1334879496
======================
   8      33 sdc1 18597166 533 1517833646 25650412 47319208 60239129 21891566272 1308725448 0 19601928 1334883292
======================
   8      33 sdc1 18632968 533 1518135990 25654252 47319208 60239129 21891566272 1308725448 1 19605668 1334887124
======================
   8      33 sdc1 18667996 533 1518432502 25657984 47319208 60239129 21891566272 1308725448 1 19609284 1334890844
======================
   8      33 sdc1 18703442 533 1518732582 25661640 47319208 60239129 21891566272 1308725448 1 19612904 1334894492
======================
   8      33 sdc1 18739182 533 1519035662 25665388 47319208 60239129 21891566272 1308725448 0 19616588 1334898240
======================
   8      33 sdc1 18774664 533 1519336014 25669116 47319208 60239129 21891566272 1308725448 1 19620280 1334901952
======================
   8      33 sdc1 18810607 533 1519639870 25672948 47319208 60239129 21891566272 1308725448 1 19624080 1334905772
======================
   8      33 sdc1 18845503 533 1519938470 25676752 47319208 60239129 21891566272 1308725448 1 19627784 1334909548
======================
   8      33 sdc1 18881373 533 1520240558 25680536 47319208 60239129 21891566272 1308725448 1 19631500 1334913320
======================
   8      33 sdc1 18916790 533 1520539470 25684328 47319208 60239129 21891566272 1308725448 1 19635236 1334917096
======================
   8      33 sdc1 18951762 533 1520836790 25688096 47319208 60239129 21891566272 1308725448 1 19638920 1334920856
======================
   8      33 sdc1 18987292 533 1521137910 25691804 47319208 60239129 21891566272 1308725448 0 19642580 1334924552
======================
   8      33 sdc1 19023602 533 1521444878 25695652 47319208 60239129 21891566272 1308725448 1 19646400 1334928396
======================
   8      33 sdc1 19059289 533 1521747646 25699268 47319208 60239129 21891566272 1308725448 0 19649924 1334931996
======================
   8      33 sdc1 19095642 533 1522056238 25703068 47319208 60239129 21891566272 1308725448 0 19653632 1334935780
======================
   8      33 sdc1 19131049 533 1522356150 25706696 47319208 60239129 21891566272 1308725448 1 19657216 1334939388
======================
   8      33 sdc1 19167173 533 1522661446 25710488 47319208 60239129 21891566272 1308725448 1 19660972 1334943172
======================
   8      33 sdc1 19202669 533 1522962558 25714156 47319208 60239129 21891566272 1308725448 0 19664588 1334946816
======================
   8      33 sdc1 19238608 533 1523267414 25717892 47319208 60239129 21891566272 1308725448 1 19668256 1334950532
======================
   8      33 sdc1 19274510 533 1523571102 25721760 47319208 60239129 21891566272 1308725448 1 19672000 1334954392
======================
   8      33 sdc1 19310517 533 1523876694 25725492 47319208 60239129 21891566272 1308725448 1 19675668 1334958116
======================
   8      33 sdc1 19346690 533 1524184702 25729344 47319208 60239129 21891566272 1308725448 1 19679424 1334961972
======================
   8      33 sdc1 19382277 533 1524487438 25733216 47319208 60239129 21891566272 1308725448 1 19683264 1334965844
======================
   8      33 sdc1 19418637 533 1524797078 25737204 47319208 60239129 21891566272 1308725448 1 19687176 1334969832
======================
   8      33 sdc1 19455264 533 1525107070 25740956 47319208 60239129 21891566272 1308725448 0 19690896 1334973584
======================
   8      33 sdc1 19491077 533 1525410878 25744728 47319208 60239129 21891566272 1308725448 1 19694624 1334977340
======================
   8      33 sdc1 19526606 533 1525712678 25748484 47319208 60239129 21891566272 1308725448 1 19698356 1334981088
======================
   8      33 sdc1 19562051 533 1526013406 25752228 47319208 60239129 21891566272 1308725448 1 19702048 1334984824
======================
   8      33 sdc1 19597721 533 1526314814 25755972 47319208 60239129 21891566272 1308725448 1 19705716 1334988552
======================
   8      33 sdc1 19633135 533 1526616342 25759544 47319208 60239129 21891566272 1308725448 1 19709244 1334992124
======================
   8      33 sdc1 19669050 533 1526920302 25763368 47319208 60239129 21891566272 1308725448 1 19713004 1334995940
======================
   8      33 sdc1 19705052 533 1527225374 25767028 47319208 60239129 21891566272 1308725448 1 19716620 1334999592
======================
   8      33 sdc1 19740961 533 1527528334 25770780 47319208 60239129 21891566272 1308725448 0 19720328 1335003324
======================
   8      33 sdc1 19776506 533 1527828990 25774476 47319208 60239129 21891566272 1308725448 1 19723976 1335007020
======================
   8      33 sdc1 19812913 533 1528135998 25778180 47319208 60239129 21891566272 1308725448 0 19727632 1335010708
======================
   8      33 sdc1 19849279 533 1528446630 25781956 47319208 60239129 21891566272 1308725448 1 19731340 1335014468
======================
   8      33 sdc1 19884213 533 1528743326 25785680 47319208 60239129 21891566272 1308725448 1 19734968 1335018168
======================
   8      33 sdc1 19919997 533 1529046846 25789416 47319208 60239129 21891566272 1308725448 0 19738692 1335021908
======================
   8      33 sdc1 19955453 533 1529347966 25793236 47319208 60239129 21891566272 1308725448 1 19742416 1335025724
======================
   8      33 sdc1 19990509 533 1529645974 25796880 47319208 60239129 21891566272 1308725448 1 19746012 1335029348
======================
   8      33 sdc1 20025881 533 1529946614 25800592 47319208 60239129 21891566272 1308725448 1 19749652 1335033052
======================
   8      33 sdc1 20061952 533 1530252510 25804408 47319208 60239129 21891566272 1308725448 1 19753392 1335036852
======================
   8      33 sdc1 20098741 533 1530562878 25808208 47319208 60239129 21891566272 1308725448 0 19757152 1335040652
======================
   8      33 sdc1 20134381 533 1530865302 25811956 47319208 60239129 21891566272 1308725448 1 19760820 1335044400
======================
   8      33 sdc1 20169725 533 1531164342 25815712 47319208 60239129 21891566272 1308725448 0 19764492 1335048156
======================
   8      33 sdc1 20206176 533 1531473902 25819396 47319208 60239129 21891566272 1308725448 1 19768136 1335051824
======================
   8      33 sdc1 20240570 533 1531765974 25822964 47319208 60239129 21891566272 1308725448 1 19771660 1335055384
======================
   8      33 sdc1 20276523 533 1532071486 25826840 47319208 60239129 21891566272 1308725448 0 19775400 1335059252
======================
   8      33 sdc1 20311046 533 1532364982 25830420 47319208 60239129 21891566272 1308725448 1 19778928 1335062828
======================
   8      33 sdc1 20347039 533 1532670606 25834180 47319208 60239129 21891566272 1308725448 1 19782624 1335066584
======================
   8      33 sdc1 20382446 533 1532969958 25837896 47319208 60239129 21891566272 1308725448 1 19786296 1335070284
======================
   8      33 sdc1 20417829 533 1533271230 25841672 47319208 60239129 21891566272 1308725448 1 19790004 1335074044
======================
   8      33 sdc1 20453805 533 1533577598 25845428 47319208 60239129 21891566272 1308725448 0 19793684 1335077784
======================
   8      33 sdc1 20489544 533 1533882590 25849060 47319208 60239129 21891566272 1308725448 1 19797256 1335081412
======================
   8      33 sdc1 20525173 533 1534185550 25852788 47319208 60239129 21891566272 1308725448 1 19800920 1335085128
======================
   8      33 sdc1 20560608 533 1534485638 25856460 47319208 60239129 21891566272 1308725448 1 19804548 1335088792
======================
   8      33 sdc1 20596764 533 1534793950 25860292 47319208 60239129 21891566272 1308725448 0 19808288 1335092604
======================
   8      33 sdc1 20632855 533 1535101462 25864016 47319208 60239129 21891566272 1308725448 1 19811972 1335096312
======================
   8      33 sdc1 20668974 533 1535407486 25867828 47319208 60239129 21891566272 1308725448 1 19815736 1335100124
======================
   8      33 sdc1 20704967 533 1535714758 25871560 47319208 60239129 21891566272 1308725448 1 19819388 1335103852
======================
   8      33 sdc1 20740658 533 1536018014 25875344 47319208 60239129 21891566272 1308725448 1 19823112 1335107624
======================
   8      33 sdc1 20777247 533 1536329310 25879292 47319208 60239129 21891566272 1308725448 0 19827000 1335111568
======================
   8      33 sdc1 20813567 533 1536638102 25883168 47319208 60239129 21891566272 1308725448 1 19830828 1335115428
======================
   8      33 sdc1 20850203 533 1536952742 25887060 47319208 60239129 21891566272 1308725448 0 19834632 1335119312
======================
   8      33 sdc1 20886282 533 1537258702 25890876 47319208 60239129 21891566272 1308725448 1 19838388 1335123124
======================
   8      33 sdc1 20921770 533 1537561566 25894556 47319208 60239129 21891566272 1308725448 1 19842024 1335126800
======================
   8      33 sdc1 20957237 533 1537862902 25898340 47319208 60239129 21891566272 1308725448 1 19845776 1335130580
======================
   8      33 sdc1 20992291 533 1538159950 25901940 47319208 60239129 21891566272 1308725448 1 19849320 1335134172
======================
   8      33 sdc1 21027371 533 1538458470 25905732 47319208 60239129 21891566272 1308725448 1 19853000 1335137940
======================
   8      33 sdc1 21063036 533 1538762950 25909472 47319208 60239129 21891566272 1308725448 0 19856672 1335141668
======================
   8      33 sdc1 21097701 533 1539058934 25913148 47319208 60239129 21891566272 1308725448 1 19860300 1335145336
======================
   8      33 sdc1 21133444 533 1539364902 25916912 47319208 60239129 21891566272 1308725448 1 19863976 1335149080
======================
   8      33 sdc1 21169663 533 1539672278 25920756 47319208 60239129 21891566272 1308725448 1 19867760 1335152912
======================
   8      33 sdc1 21205436 533 1539975550 25924536 47319208 60239129 21891566272 1308725448 0 19871480 1335156672
======================
   8      33 sdc1 21241200 533 1540280606 25928260 47319208 60239129 21891566272 1308725448 1 19875152 1335160372
======================
   8      33 sdc1 21276613 533 1540580862 25931960 47319208 60239129 21891566272 1308725448 0 19878792 1335164060
======================
   8      33 sdc1 21313039 533 1540891534 25935816 47319208 60239129 21891566272 1308725448 0 19882584 1335167916
======================
   8      33 sdc1 21349276 533 1541199070 25939568 47319208 60239129 21891566272 1308725448 1 19886304 1335171664
======================
   8      33 sdc1 21385096 533 1541503550 25943376 47319208 60239129 21891566272 1308725448 1 19890056 1335175464
======================
   8      33 sdc1 21420902 533 1541808966 25947208 47319208 60239129 21891566272 1308725448 0 19893776 1335179292
======================
   8      33 sdc1 21457140 533 1542115934 25951016 47319208 60239129 21891566272 1308725448 1 19897508 1335183076
======================
   8      33 sdc1 21492098 533 1542412534 25954804 47319208 60239129 21891566272 1308725448 1 19901240 1335186856
======================
   8      33 sdc1 21527700 533 1542715182 25958636 47319208 60239129 21891566272 1308725448 0 19904988 1335190656
======================
   8      33 sdc1 21563100 533 1543016278 25962316 47319208 60239129 21891566272 1308725448 1 19908640 1335194332
======================
   8      33 sdc1 21599116 533 1543324382 25965904 47319208 60239129 21891566272 1308725448 1 19912148 1335197916
======================
   8      33 sdc1 21634704 533 1543627462 25969640 47319208 60239129 21891566272 1308725448 0 19915832 1335201640
======================
   8      33 sdc1 21670902 533 1543934998 25973388 47319208 60239129 21891566272 1308725448 0 19919536 1335205376
======================
   8      33 sdc1 21706830 533 1544239062 25977100 47319208 60239129 21891566272 1308725448 0 19923212 1335209080
======================
   8      33 sdc1 21742493 533 1544542102 25980900 47319208 60239129 21891566272 1308725448 1 19926968 1335212856
======================
   8      33 sdc1 21777186 533 1544839678 25984620 47319208 60239129 21891566272 1308725448 1 19930608 1335216560
======================
   8      33 sdc1 21812772 533 1545141806 25988464 47319208 60239129 21891566272 1308725448 1 19934392 1335220396
======================
   8      33 sdc1 21847830 533 1545441246 25992216 47319208 60239129 21891566272 1308725448 0 19938076 1335224120
======================
   8      33 sdc1 21882866 533 1545740926 25995952 47319208 60239129 21891566272 1308725448 1 19941744 1335227852
======================
   8      33 sdc1 21919412 533 1546050894 25999844 47319208 60239129 21891566272 1308725448 0 19945584 1335231736
======================
   8      33 sdc1 21955135 533 1546353350 26003600 47319208 60239129 21891566272 1308725448 1 19949304 1335235480
======================
   8      33 sdc1 21990564 533 1546654990 26007272 47319208 60239129 21891566272 1308725448 1 19952944 1335239140
======================
   8      33 sdc1 22027095 533 1546965974 26011204 47319208 60239129 21891566272 1308725448 0 19956816 1335243060
======================
   8      33 sdc1 22063224 533 1547272798 26015132 47319208 60239129 21891566272 1308725448 1 19960620 1335246976
======================
   8      33 sdc1 22099776 533 1547584926 26018920 47319208 60239129 21891566272 1308725448 1 19964352 1335250756
======================
   8      33 sdc1 22135477 533 1547889134 26022656 47319208 60239129 21891566272 1308725448 1 19968008 1335254484
======================
   8      33 sdc1 22172082 533 1548202350 26026548 47319208 60239129 21891566272 1308725448 1 19971852 1335258364
======================
   8      33 sdc1 22208338 533 1548511718 26030300 47319208 60239129 21891566272 1308725448 1 19975576 1335262112
======================
   8      33 sdc1 22244813 533 1548823790 26034104 47319208 60239129 21891566272 1308725448 1 19979324 1335265900
======================
   8      33 sdc1 22280268 533 1549126942 26037820 47319208 60239129 21891566272 1308725448 1 19982980 1335269608
======================
   8      33 sdc1 22315865 533 1549430366 26041596 47319208 60239129 21891566272 1308725448 1 19986704 1335273376
======================
   8      33 sdc1 22351260 533 1549732758 26045328 47319208 60239129 21891566272 1308725448 1 19990332 1335277092
======================
   8      33 sdc1 22387459 533 1550041142 26049212 47319208 60239129 21891566272 1308725448 0 19994152 1335280960
======================
   8      33 sdc1 22423135 533 1550344894 26053012 47319208 60239129 21891566272 1308725448 1 19997876 1335284744
======================
   8      33 sdc1 22459286 533 1550652814 26056860 47319208 60239129 21891566272 1308725448 1 20001636 1335288576
======================
   8      33 sdc1 22494852 533 1550956926 26060640 47319208 60239129 21891566272 1308725448 1 20005360 1335292344
======================
   8      33 sdc1 22530490 533 1551261710 26064328 47319208 60239129 21891566272 1308725448 1 20009016 1335296024
======================
   8      33 sdc1 22565854 533 1551563998 26067972 47319208 60239129 21891566272 1308725448 1 20012596 1335299660
======================
   8      33 sdc1 22601908 533 1551873166 26071752 47319208 60239129 21891566272 1308725448 1 20016292 1335303428
======================
   8      33 sdc1 22637146 533 1552175526 26075416 47319208 60239129 21891566272 1308725448 1 20019884 1335307076
======================
   8      33 sdc1 22672021 533 1552473502 26079080 47319208 60239129 21891566272 1308725448 1 20023468 1335310720
======================
   8      33 sdc1 22707473 533 1552776150 26082872 47319208 60239129 21891566272 1308725448 0 20027216 1335314504
======================
   8      33 sdc1 22743281 533 1553081638 26086624 47319208 60239129 21891566272 1308725448 1 20030940 1335318248
======================
   8      33 sdc1 22778613 533 1553382790 26090468 47319208 60239129 21891566272 1308725448 1 20034740 1335322096
======================
   8      33 sdc1 22814735 533 1553691782 26094220 47319208 60239129 21891566272 1308725448 1 20038452 1335325848
======================
   8      33 sdc1 22850320 533 1553994566 26097948 47319208 60239129 21891566272 1308725448 1 20042148 1335329564
======================
   8      33 sdc1 22884595 533 1554285086 26101408 47319208 60239129 21891566272 1308725448 1 20045576 1335333020
======================
   8      33 sdc1 22919840 533 1554586438 26105156 47319208 60239129 21891566272 1308725448 1 20049256 1335336760
======================
   8      33 sdc1 22956050 533 1554896734 26108968 47319208 60239129 21891566272 1308725448 1 20052984 1335340564
======================
   8      33 sdc1 22991414 533 1555198774 26112668 47319208 60239129 21891566272 1308725448 1 20056652 1335344256
======================
   8      33 sdc1 23026961 533 1555500942 26116384 47319208 60239129 21891566272 1308725448 1 20060312 1335347960
======================
   8      33 sdc1 23062570 533 1555805614 26120148 47319208 60239129 21891566272 1308725448 1 20063952 1335351696
======================
   8      33 sdc1 23098119 533 1556108574 26123868 47319208 60239129 21891566272 1308725448 1 20067644 1335355412
======================
   8      33 sdc1 23133076 533 1556405454 26127584 47319208 60239129 21891566272 1308725448 0 20071292 1335359112
======================
   8      33 sdc1 23168557 533 1556706982 26131304 47319208 60239129 21891566272 1308725448 0 20074988 1335362824
======================
   8      33 sdc1 23203640 533 1557007862 26135040 47319208 60239129 21891566272 1308725448 0 20078660 1335366556
======================
   8      33 sdc1 23239529 533 1557315726 26138904 47319208 60239129 21891566272 1308725448 1 20082444 1335370412
======================
   8      33 sdc1 23275766 533 1557625822 26142780 47319208 60239129 21891566272 1308725448 0 20086236 1335374272
======================
   8      33 sdc1 23311957 533 1557934718 26146712 47319208 60239129 21891566272 1308725448 1 20090064 1335378192
======================
   8      33 sdc1 23348408 533 1558245078 26150608 47319208 60239129 21891566272 1308725448 0 20093808 1335382072
======================
   8      33 sdc1 23384712 533 1558556198 26154460 47319208 60239129 21891566272 1308725448 0 20097608 1335385912
======================
   8      33 sdc1 23420877 533 1558866766 26158256 47319208 60239129 21891566272 1308725448 0 20101320 1335389708
======================
   8      33 sdc1 23456541 533 1559168358 26162024 47319208 60239129 21891566272 1308725448 0 20105036 1335393468
======================
   8      33 sdc1 23492663 533 1559476102 26165844 47319208 60239129 21891566272 1308725448 1 20108800 1335397288
======================
   8      33 sdc1 23528467 533 1559782366 26169616 47319208 60239129 21891566272 1308725448 1 20112480 1335401060
======================
   8      33 sdc1 23564180 533 1560088158 26173376 47319208 60239129 21891566272 1308725448 1 20116184 1335404800
======================
   8      33 sdc1 23600038 533 1560394350 26177148 47319208 60239129 21891566272 1308725448 1 20119928 1335408564
======================
   8      33 sdc1 23635857 533 1560698438 26180940 47319208 60239129 21891566272 1308725448 1 20123656 1335412348
======================
   8      33 sdc1 23670827 533 1560996534 26184688 47319208 60239129 21891566272 1308725448 1 20127324 1335416076
======================
   8      33 sdc1 23706739 533 1561302798 26188512 47319208 60239129 21891566272 1308725448 0 20131084 1335419876
======================
   8      33 sdc1 23742996 533 1561614110 26192400 47319208 60239129 21891566272 1308725448 1 20134908 1335423768
======================
   8      33 sdc1 23778987 533 1561922022 26196204 47319208 60239129 21891566272 1308725448 1 20138652 1335427560
======================
   8      33 sdc1 23814518 533 1562224510 26199920 47319208 60239129 21891566272 1308725448 1 20142340 1335431268
======================
   8      33 sdc1 23850245 533 1562530030 26203556 47319208 60239129 21891566272 1308725448 1 20145952 1335434892
======================
   8      33 sdc1 23885730 533 1562833366 26207364 47319208 60239129 21891566272 1308725448 1 20149664 1335438672
======================
   8      33 sdc1 23920819 533 1563134134 26211208 47319208 60239129 21891566272 1308725448 1 20153432 1335442496
======================
   8      33 sdc1 23957034 533 1563442510 26215068 47319208 60239129 21891566272 1308725448 1 20157240 1335446336
======================
   8      33 sdc1 23992121 533 1563743662 26218700 47319208 60239129 21891566272 1308725448 1 20160776 1335449960
======================
   8      33 sdc1 24027914 533 1564046654 26222436 47319208 60239129 21891566272 1308725448 1 20164464 1335453676
======================
   8      33 sdc1 24063583 533 1564350478 26226212 47319208 60239129 21891566272 1308725448 1 20168212 1335457436
======================
   8      33 sdc1 24099958 533 1564661862 26229980 47319208 60239129 21891566272 1308725448 1 20171924 1335461200
======================
   8      33 sdc1 24135518 533 1564963870 26233800 47319208 60239129 21891566272 1308725448 0 20175716 1335465012
======================
   8      33 sdc1 24171802 533 1565272190 26237628 47319208 60239129 21891566272 1308725448 1 20179468 1335468832
======================
   8      33 sdc1 24207069 533 1565570966 26241312 47319208 60239129 21891566272 1308725448 1 20183120 1335472500
======================
   8      33 sdc1 24242348 533 1565872326 26245064 47319208 60239129 21891566272 1308725448 1 20186840 1335476240
======================
   8      33 sdc1 24277818 533 1566175726 26248820 47319208 60239129 21891566272 1308725448 1 20190560 1335479992
======================
   8      33 sdc1 24313030 533 1566477086 26252536 47319208 60239129 21891566272 1308725448 1 20194244 1335483692
======================
   8      33 sdc1 24348699 533 1566782118 26256408 47319208 60239129 21891566272 1308725448 1 20198032 1335487548
======================
   8      33 sdc1 24383907 533 1567080622 26260080 47319208 60239129 21891566272 1308725448 1 20201676 1335491212
======================
   8      33 sdc1 24419824 533 1567386710 26263844 47319208 60239129 21891566272 1308725448 1 20205380 1335494972
======================
   8      33 sdc1 24455394 533 1567689086 26267548 47319208 60239129 21891566272 1308725448 1 20209036 1335498672
======================
   8      33 sdc1 24491377 533 1567995790 26271228 47319208 60239129 21891566272 1308725448 1 20212684 1335502348
======================
   8      33 sdc1 24527019 533 1568299174 26275060 47319208 60239129 21891566272 1308725448 1 20216460 1335506164
======================
   8      33 sdc1 24563542 533 1568609486 26278924 47319208 60239129 21891566272 1308725448 1 20220240 1335510008
======================
   8      33 sdc1 24599920 533 1568922934 26282736 47319208 60239129 21891566272 1308725448 1 20223948 1335513816
======================
   8      33 sdc1 24635996 533 1569234262 26286524 47319208 60239129 21891566272 1308725448 1 20227660 1335517592
======================
   8      33 sdc1 24671856 533 1569543958 26290280 47319208 60239129 21891566272 1308725448 1 20231316 1335521344
======================
   8      33 sdc1 24708018 533 1569854822 26294116 47319208 60239129 21891566272 1308725448 1 20235080 1335525172
======================
   8      33 sdc1 24744083 533 1570163774 26297908 47319208 60239129 21891566272 1308725448 0 20238816 1335528964
======================
   8      33 sdc1 24779771 533 1570469406 26301616 47319208 60239129 21891566272 1308725448 1 20242464 1335532656
======================
   8      33 sdc1 24815486 533 1570774702 26305376 47319208 60239129 21891566272 1308725448 0 20246156 1335536412
======================
   8      33 sdc1 24851168 533 1571079742 26309184 47319208 60239129 21891566272 1308725448 1 20249860 1335540212
======================
   8      33 sdc1 24887552 533 1571390126 26313032 47319208 60239129 21891566272 1308725448 0 20253624 1335544052
======================
   8      33 sdc1 24922779 533 1571691046 26316820 47319208 60239129 21891566272 1308725448 0 20257388 1335547836
======================
   8      33 sdc1 24958136 533 1571994350 26320636 47319208 60239129 21891566272 1308725448 1 20261124 1335551644
======================
   8      33 sdc1 24993175 533 1572293062 26324248 47319208 60239129 21891566272 1308725448 1 20264696 1335555248
======================
   8      33 sdc1 25029023 533 1572600174 26328092 47319208 60239129 21891566272 1308725448 1 20268420 1335559080
======================
   8      33 sdc1 25064784 533 1572905022 26331780 47319208 60239129 21891566272 1308725448 1 20272052 1335562752
======================
   8      33 sdc1 25100430 533 1573208606 26335552 47319208 60239129 21891566272 1308725448 1 20275760 1335566516
======================
   8      33 sdc1 25136300 533 1573516830 26339380 47319208 60239129 21891566272 1308725448 0 20279516 1335570328
======================
   8      33 sdc1 25171901 533 1573821302 26343164 47319208 60239129 21891566272 1308725448 1 20283268 1335574100
======================
   8      33 sdc1 25207312 533 1574124494 26346904 47319208 60239129 21891566272 1308725448 1 20286928 1335577828
======================
   8      33 sdc1 25243419 533 1574431806 26350740 47319208 60239129 21891566272 1308725448 1 20290716 1335581648
======================
   8      33 sdc1 25279141 533 1574738638 26354520 47319208 60239129 21891566272 1308725448 1 20294400 1335585416
======================
   8      33 sdc1 25314448 533 1575042518 26358232 47319208 60239129 21891566272 1308725448 0 20298016 1335589120
======================
   8      33 sdc1 25349947 533 1575344974 26361976 47319208 60239129 21891566272 1308725448 1 20301692 1335592864
======================
   8      33 sdc1 25384854 533 1575642654 26365616 47319208 60239129 21891566272 1308725448 0 20305280 1335596496
======================
   8      33 sdc1 25419817 533 1575942950 26369372 47319208 60239129 21891566272 1308725448 0 20308960 1335600248
======================
   8      33 sdc1 25454455 533 1576241630 26373044 47319208 60239129 21891566272 1308725448 1 20312544 1335603916
======================
   8      33 sdc1 25490256 533 1576546862 26376768 47319208 60239129 21891566272 1308725448 1 20316192 1335607624
======================
   8      33 sdc1 25525778 533 1576849870 26380552 47319208 60239129 21891566272 1308725448 1 20319872 1335611388
======================
   8      33 sdc1 25561784 533 1577159022 26384296 47319208 60239129 21891566272 1308725448 1 20323564 1335615120
======================
   8      33 sdc1 25597583 533 1577467374 26387924 47319208 60239129 21891566272 1308725448 1 20327136 1335618740
======================
   8      33 sdc1 25634108 533 1577779542 26391764 47319208 60239129 21891566272 1308725448 1 20330908 1335622564
======================
   8      33 sdc1 25670478 533 1578092718 26395548 47319208 60239129 21891566272 1308725448 1 20334608 1335626348
======================
   8      33 sdc1 25707424 533 1578406862 26399384 47319208 60239129 21891566272 1308725448 0 20338412 1335630172
======================
   8      33 sdc1 25744983 533 1578731070 26403176 47319208 60239129 21891566272 1308725448 1 20342164 1335633948
======================
   8      33 sdc1 25781788 533 1579045206 26406984 47319208 60239129 21891566272 1308725448 1 20345932 1335637748
======================
   8      33 sdc1 25817259 533 1579345814 26410628 47319208 60239129 21891566272 1308725448 1 20349560 1335641380
======================
   8      33 sdc1 25852702 533 1579648294 26414308 47319208 60239129 21891566272 1308725448 1 20353192 1335645044
======================
   8      33 sdc1 25888896 533 1579958174 26418180 47319208 60239129 21891566272 1308725448 0 20356976 1335648908
======================
   8      33 sdc1 25924520 533 1580261638 26421940 47319208 60239129 21891566272 1308725448 1 20360704 1335652660
======================
   8      33 sdc1 25959537 533 1580561710 26425616 47319208 60239129 21891566272 1308725448 1 20364336 1335656324
======================
   8      33 sdc1 25995063 533 1580864086 26429380 47319208 60239129 21891566272 1308725448 0 20368064 1335660060
======================
   8      33 sdc1 26029674 533 1581160342 26433068 47319208 60239129 21891566272 1308725448 0 20371736 1335663740
======================
   8      33 sdc1 26064092 533 1581455822 26436720 47319208 60239129 21891566272 1308725448 1 20375312 1335667384
======================
   8      33 sdc1 26099164 533 1581758150 26440420 47319208 60239129 21891566272 1308725448 1 20378920 1335671076
======================
   8      33 sdc1 26134387 533 1582059718 26444164 47319208 60239129 21891566272 1308725448 1 20382604 1335674788
======================
   8      33 sdc1 26169663 533 1582360678 26447760 47319208 60239129 21891566272 1308725448 1 20386184 1335678376
======================
   8      33 sdc1 26205279 533 1582667550 26451616 47319208 60239129 21891566272 1308725448 1 20389992 1335682216
======================
   8      33 sdc1 26240547 533 1582968838 26455400 47319208 60239129 21891566272 1308725448 1 20393748 1335685996
======================
   8      33 sdc1 26276105 533 1583270950 26459108 47319208 60239129 21891566272 1308725448 1 20397424 1335689696
======================
   8      33 sdc1 26310762 533 1583567598 26462760 47319208 60239129 21891566272 1308725448 1 20401064 1335693340
======================
   8      33 sdc1 26346058 533 1583866694 26466448 47319208 60239129 21891566272 1308725448 1 20404728 1335697020
======================
   8      33 sdc1 26381031 533 1584167262 26470100 47319208 60239129 21891566272 1308725448 0 20408360 1335700668
======================
   8      33 sdc1 26416993 533 1584473470 26473828 47319208 60239129 21891566272 1308725448 0 20412024 1335704388
======================
   8      33 sdc1 26453021 533 1584782238 26477720 47319208 60239129 21891566272 1308725448 1 20415844 1335708268
======================
   8      33 sdc1 26488412 533 1585084574 26481420 47319208 60239129 21891566272 1308725448 0 20419492 1335711956
======================
   8      33 sdc1 26524060 533 1585390710 26485140 47319208 60239129 21891566272 1308725448 0 20423188 1335715676
======================
   8      33 sdc1 26559512 533 1585692086 26488948 47319208 60239129 21891566272 1308725448 1 20426912 1335719456
======================
   8      33 sdc1 26595081 533 1585996766 26492648 47319208 60239129 21891566272 1308725448 1 20430540 1335723152
======================
   8      33 sdc1 26631534 533 1586308966 26496488 47319208 60239129 21891566272 1308725448 1 20434316 1335726980
======================
   8      33 sdc1 26667922 533 1586619630 26500260 47319208 60239129 21891566272 1308725448 1 20438044 1335730744
======================
   8      33 sdc1 26704529 533 1586931350 26504060 47319208 60239129 21891566272 1308725448 1 20441788 1335734544
======================
   8      33 sdc1 26741116 533 1587245542 26507900 47319208 60239129 21891566272 1308725448 0 20445568 1335738372
======================
   8      33 sdc1 26777018 533 1587551774 26511656 47319208 60239129 21891566272 1308725448 1 20449296 1335742116
======================
   8      33 sdc1 26812886 533 1587859102 26515464 47319208 60239129 21891566272 1308725448 1 20453048 1335745908
======================
   8      33 sdc1 26848322 533 1588162734 26519156 47319208 60239129 21891566272 1308725448 1 20456688 1335749596
======================
   8      33 sdc1 26884588 533 1588473126 26523012 47319208 60239129 21891566272 1308725448 1 20460504 1335753448
======================
   8      33 sdc1 26920621 533 1588780550 26526832 47319208 60239129 21891566272 1308725448 1 20464276 1335757264
======================
   8      33 sdc1 26955587 533 1589079494 26530540 47319208 60239129 21891566272 1308725448 0 20467944 1335760964
======================
   8      33 sdc1 26990720 533 1589380574 26534268 47319208 60239129 21891566272 1308725448 1 20471600 1335764684
======================
   8      33 sdc1 27027038 533 1589691142 26538220 47319208 60239129 21891566272 1308725448 0 20475492 1335768636
======================
   8      33 sdc1 27062392 533 1589993702 26541968 47319208 60239129 21891566272 1308725448 1 20479160 1335772364
======================
   8      33 sdc1 27098050 533 1590299094 26545732 47319208 60239129 21891566272 1308725448 0 20482848 1335776108
======================
   8      33 sdc1 27133615 533 1590604670 26549552 47319208 60239129 21891566272 1308725448 1 20486612 1335779912
======================
   8      33 sdc1 27168924 533 1590907414 26553280 47319208 60239129 21891566272 1308725448 1 20490336 1335783648
======================
   8      33 sdc1 27203636 533 1591204918 26556852 47319208 60239129 21891566272 1308725448 1 20493892 1335787224
======================
   8      33 sdc1 27239730 533 1591513006 26560500 47319208 60239129 21891566272 1308725448 0 20497464 1335790868
======================
   8      33 sdc1 27275728 533 1591820742 26564272 47319208 60239129 21891566272 1308725448 1 20501156 1335794620
======================
   8      33 sdc1 27311527 533 1592126614 26568048 47319208 60239129 21891566272 1308725448 1 20504820 1335798384
======================
   8      33 sdc1 27346238 533 1592426782 26571748 47319208 60239129 21891566272 1308725448 1 20508468 1335802080
======================
   8      33 sdc1 27381738 533 1592730030 26575464 47319208 60239129 21891566272 1308725448 1 20512148 1335805788
======================
   8      33 sdc1 27417559 533 1593034590 26579116 47319208 60239129 21891566272 1308725448 1 20515772 1335809420
======================
   8      33 sdc1 27452632 533 1593334726 26582752 47319208 60239129 21891566272 1308725448 1 20519392 1335813052
======================
   8      33 sdc1 27487991 533 1593638142 26586440 47319208 60239129 21891566272 1308725448 0 20523040 1335816728
======================
   8      33 sdc1 27523464 533 1593940670 26590216 47319208 60239129 21891566272 1308725448 1 20526752 1335820480
======================
   8      33 sdc1 27559061 533 1594245094 26594028 47319208 60239129 21891566272 1308725448 0 20530508 1335824284
======================
   8      33 sdc1 27595156 533 1594552270 26597668 47319208 60239129 21891566272 1308725448 0 20534128 1335827920
======================
   8      33 sdc1 27629818 533 1594847606 26601316 47319208 60239129 21891566272 1308725448 1 20537736 1335831560
======================
   8      33 sdc1 27665429 533 1595152134 26605132 47319208 60239129 21891566272 1308725448 0 20541492 1335835364
======================
   8      33 sdc1 27700745 533 1595459326 26608868 47319208 60239129 21891566272 1308725448 1 20545188 1335839096
======================
   8      33 sdc1 27736563 533 1595765734 26612520 47319208 60239129 21891566272 1308725448 1 20548796 1335842728
======================
   8      33 sdc1 27771945 533 1596067390 26616192 47319208 60239129 21891566272 1308725448 0 20552384 1335846392
======================
   8      33 sdc1 27807250 533 1596369038 26619968 47319208 60239129 21891566272 1308725448 1 20556124 1335850160
======================
   8      33 sdc1 27842558 533 1596669942 26623704 47319208 60239129 21891566272 1308725448 0 20559800 1335853892
======================
   8      33 sdc1 27878676 533 1596979486 26627572 47319208 60239129 21891566272 1308725448 1 20563636 1335857756
======================
   8      33 sdc1 27914961 533 1597289606 26631388 47319208 60239129 21891566272 1308725448 0 20567424 1335861568
======================
   8      33 sdc1 27950027 533 1597589334 26635024 47319208 60239129 21891566272 1308725448 0 20571020 1335865196
======================
   8      33 sdc1 27985427 533 1597891598 26638732 47319208 60239129 21891566272 1308725448 1 20574688 1335868896
======================
   8      33 sdc1 28021200 533 1598197158 26642444 47319208 60239129 21891566272 1308725448 1 20578360 1335872596
======================
   8      33 sdc1 28056166 533 1598496886 26646012 47319208 60239129 21891566272 1308725448 1 20581896 1335876140
======================
   8      33 sdc1 28091542 533 1598800438 26649776 47319208 60239129 21891566272 1308725448 0 20585624 1335879900
======================
   8      33 sdc1 28126757 533 1599102654 26653496 47319208 60239129 21891566272 1308725448 1 20589284 1335883612
======================
   8      33 sdc1 28162651 533 1599408046 26657268 47319208 60239129 21891566272 1308725448 0 20593012 1335887372
======================
   8      33 sdc1 28198101 533 1599711726 26660996 47319208 60239129 21891566272 1308725448 1 20596700 1335891096
