7194.212
7189.790
7276.639
7329.755
7280.889
7292.618
7308.628
7519.710
7536.685
7502.978
7600.055
7566.092
7684.720
7781.908
7811.201
7722.342
7741.397
7745.821
7822.110
7797.375
7813.512
7950.768
7924.321
8085.303
7869.357
7998.295
7995.968
7981.176
8156.928
8018.117
7980.436
7980.144
8105.450
7926.070
8084.712
8131.878
8006.698
8159.319
8201.810
8052.510
8015.451
8012.715
8058.311
8129.994
8267.231
8230.833
8282.426
8318.287
8022.628
8000.326
8124.989
8174.874
8032.741
8067.805
8124.491
8139.151
8103.491
8160.143
8141.606
8002.709
8104.563
8080.058
8078.777
8020.071
8175.355
8148.651
8126.193
8174.342
8195.512
8208.603
8251.110
8085.589
8130.742
8178.741
8141.669
8270.725
8092.176
8075.499
8157.375
8251.779
8172.961
8048.868
8100.369
8054.734
8241.963
8175.282
8226.255
8269.581
8314.879
8351.367
8232.076
8081.602
8090.595
8049.954
8259.390
8189.154
8327.086
8229.466
8221.678
8100.825
8255.291
8296.911
8128.998
8127.625
8175.268
8219.738
8347.942
8351.301
8330.341
8380.587
8088.510
8298.099
8241.378
8204.468
8216.265
8166.217
8153.683
8323.830
7979.969
8266.192
8246.013
8131.929
8188.868
8236.089
8472.559
8381.612
8288.672
8292.891
8312.593
8115.247
8388.068
8280.754
8161.482
8280.411
8267.540
8376.287
8269.511
8197.414
8206.660
8317.860
8258.897
8422.760
8389.253
8371.109
8330.585
8262.674
8355.605
8214.411
8273.608
8292.964
8314.398
8338.485
8219.978
8151.002
8183.093
8330.778
8394.992
8508.649
8692.631
8335.355
8309.927
8250.739
8074.593
8205.767
8229.778
8302.725
8182.953
8264.702
8401.076
8227.860
8387.566
8573.744
8438.920
8393.581
8416.401
8251.377
8383.370
8285.113
8214.523
8414.856
8263.958
8293.281
8250.365
8334.979
8326.421
8241.247
8393.330
8246.693
8476.966
8293.376
8297.966
8240.375
8385.886
5559.483
