28.1
28.1
28.4
28.6
28.4
28.5
28.5
29.4
29.4
29.3
29.7
29.6
30.0
30.4
30.5
30.2
30.2
30.3
30.6
30.5
30.5
31.1
31.0
31.6
30.7
31.2
31.2
31.2
31.9
31.3
31.2
31.2
31.7
31.0
31.6
31.8
31.3
31.9
32.0
31.5
31.3
31.3
31.5
31.8
32.3
32.2
32.4
32.5
31.3
31.3
31.7
31.9
31.4
31.5
31.7
31.8
31.7
31.9
31.8
31.3
31.7
31.6
31.6
31.3
31.9
31.8
31.7
31.9
32.0
32.1
32.2
31.6
31.8
31.9
31.8
32.3
31.6
31.5
31.9
32.2
31.9
31.4
31.6
31.5
32.2
31.9
32.1
32.3
32.5
32.6
32.2
31.6
31.6
31.4
32.3
32.0
32.5
32.1
32.1
31.6
32.2
32.4
31.8
31.7
31.9
32.1
32.6
32.6
32.5
32.7
31.6
32.4
32.2
32.0
32.1
31.9
31.9
32.5
31.2
32.3
32.2
31.8
32.0
32.2
33.1
32.7
32.4
32.4
32.5
31.7
32.8
32.3
31.9
32.3
32.3
32.7
32.3
32.0
32.1
32.5
32.3
32.9
32.8
32.7
32.5
32.3
32.6
32.1
32.3
32.4
32.5
32.6
32.1
31.8
32.0
32.5
32.8
33.2
34.0
32.6
32.5
32.2
31.5
32.1
32.1
32.4
32.0
32.3
32.8
32.1
32.8
33.5
33.0
32.8
32.9
32.2
32.7
32.4
32.1
32.9
32.3
32.4
32.2
32.6
32.5
32.2
32.8
32.2
33.1
32.4
32.4
32.2
32.8
21.7
