======================
   8      33 sdc1 211882517 1762247 11466235606 347529997 290655413 478708252 148552585960 756295410 0 138344616 1105150037
======================
   8      33 sdc1 211882533 1762247 11466235734 347533304 290655554 478710111 148554786792 756346272 21 138348798 1105207032
======================
   8      33 sdc1 211882543 1762247 11466235814 347537172 290655742 478712033 148557278992 756406059 12 138353515 1105269253
======================
   8      33 sdc1 211882553 1762247 11466235894 347541508 290655895 478713952 148559923664 756462662 10 138358517 1105331441
======================
   8      33 sdc1 211882564 1762247 11466235982 347545313 290656078 478717458 148562382896 756520688 20 138363176 1105392396
======================
   8      33 sdc1 211882575 1762247 11466236070 347549584 290656231 478719390 148565004464 756572007 18 138368176 1105448635
======================
   8      33 sdc1 211882585 1762247 11466236150 347553406 290656384 478721334 148567660400 756629695 17 138373179 1105509257
======================
   8      33 sdc1 211882595 1762247 11466236230 347556874 290656537 478723084 148570265584 756682274 2 138378111 1105564846
======================
   8      33 sdc1 211882607 1762247 11466236326 347562013 290656691 478725166 148572887152 756731009 12 138383112 1105618242
======================
   8      33 sdc1 211882617 1762247 11466236406 347566283 290656856 478727132 148575484016 756780529 22 138388036 1105672825
======================
   8      33 sdc1 211882627 1762247 11466236486 347570146 290657042 478728848 148578033328 756838552 8 138392891 1105736285
======================
   8      33 sdc1 211882640 1762247 11466236590 347573980 290657564 478730854 148580675872 757076951 62 138397894 1106018500
======================
   8      33 sdc1 211882649 1762247 11466236662 347577782 290657881 478738104 148583323344 757356883 35 138402897 1106264072
======================
   8      33 sdc1 211882660 1762247 11466236750 347582004 290658161 478739789 148585958112 757444320 8 138407899 1106352363
======================
   8      33 sdc1 211882671 1762247 11466236838 347586185 290658453 478741625 148588534560 757537946 19 138412825 1106448956
======================
   8      33 sdc1 211882680 1762247 11466236910 347590492 290658747 478743356 148591180064 757625590 7 138417827 1106543550
======================
   8      33 sdc1 211882691 1762247 11466236998 347594566 290659020 478745168 148593690976 757718847 18 138422614 1106644916
======================
   8      33 sdc1 211882702 1762247 11466237086 347598795 290659306 478746976 148596278432 757813363 20 138427507 1106744646
======================
   8      33 sdc1 211882712 1762247 11466237166 347603364 290659596 478748772 148598867232 757931619 30 138432412 1106862241
======================
   8      33 sdc1 211882723 1762247 11466237254 347607596 290659893 478750570 148601443688 758020688 32 138437299 1106955649
======================
   8      33 sdc1 211882734 1762247 11466237342 347612242 290660208 478752254 148604091224 758139105 0 138442280 1107075960
======================
   8      33 sdc1 211882744 1762247 11466237422 347616583 290660511 478754092 148606557592 758231234 146 138446939 1107196969
======================
   8      33 sdc1 211882756 1762247 11466237518 347619195 290661608 478755187 148609229784 758815033 64 138451942 1107816626
======================
   8      33 sdc1 211882765 1762247 11466237590 347622947 290661984 478756773 148611847472 759012466 11 138456943 1107963433
======================
   8      33 sdc1 211882775 1762247 11466237670 347626998 290662318 478758513 148614518064 759131673 4 138461946 1108085382
======================
   8      33 sdc1 211882787 1762247 11466237766 347631609 290662644 478760454 148617131576 759222789 42 138466906 1108186022
======================
   8      33 sdc1 211882797 1762247 11466237846 347635940 290662977 478762049 148619763464 759326405 4 138471908 1108288929
======================
   8      33 sdc1 211882807 1762247 11466237926 347640359 290663292 478763817 148622266752 759428503 16 138476641 1108399261
======================
   8      33 sdc1 211882818 1762247 11466238014 347644754 290663605 478765578 148624744904 759510203 39 138481339 1108485181
======================
   8      33 sdc1 211882828 1762247 11466238094 347648917 290663927 478767162 148627235400 759617188 21 138486064 1108594910
======================
   8      33 sdc1 211882837 1762247 11466238166 347652900 290664262 478768784 148629651440 759726636 13 138490609 1108709265
======================
   8      33 sdc1 211882848 1762247 11466238254 347657284 290664597 478770549 148632300400 759838519 9 138495611 1108822877
======================
   8      33 sdc1 211882858 1762247 11466238334 347661621 290664943 478772301 148634947760 759929866 7 138500613 1108919077
======================
   8      33 sdc1 211882870 1762247 11466238430 347664900 290665730 478773590 148637539248 760277484 153 138505510 1109294843
======================
   8      33 sdc1 211882881 1762247 11466238518 347668424 290666394 478775258 148640183264 760663251 40 138510512 1109663698
======================
   8      33 sdc1 211882892 1762247 11466238606 347673134 290666744 478776998 148642834200 760772807 32 138515515 1109771110
======================
   8      33 sdc1 211882902 1762247 11466238686 347677351 290667098 478778735 148645427744 760902793 38 138520398 1109907412
======================
   8      33 sdc1 211882912 1762247 11466238766 347681408 290667431 478780312 148647919600 760990947 18 138525144 1110001004
======================
   8      33 sdc1 211882922 1762247 11466238846 347685870 290667754 478782018 148650396400 761081839 28 138529831 1110094381
======================
   8      33 sdc1 211882932 1762247 11466238926 347689884 290668093 478783648 148653024688 761183450 4 138534829 1110200208
======================
   8      33 sdc1 211882943 1762247 11466239014 347694359 290668426 478785392 148655486704 761296147 23 138539439 1110323102
======================
   8      33 sdc1 211882952 1762247 11466239086 347698303 290668764 478787007 148657882080 761413286 20 138543999 1110446067
======================
   8      33 sdc1 211882963 1762247 11466239174 347702639 290669145 478788727 148660541792 761534394 15 138549001 1110566082
======================
   8      33 sdc1 211882974 1762247 11466239262 347706951 290669504 478790454 148663097816 761626853 24 138553877 1110664571
======================
   8      33 sdc1 211882984 1762247 11466239342 347711325 290669873 478792176 148665681248 761728535 30 138558739 1110767540
======================
   8      33 sdc1 211882996 1762247 11466239438 347713541 290670929 478793372 148668329960 762229804 83 138563743 1111282595
======================
   8      33 sdc1 211883006 1762247 11466239518 347718162 290671351 478794948 148670975296 762470065 24 138568744 1111517887
======================
   8      33 sdc1 211883015 1762247 11466239590 347722261 290671691 478796511 148673433016 762567017 8 138573383 1111616936
======================
   8      33 sdc1 211883027 1762247 11466239686 347727309 290672057 478798267 148676057280 762671670 13 138578385 1111726291
======================
   8      33 sdc1 211883036 1762247 11466239758 347731036 290672407 478799800 148678425440 762802586 0 138582872 1111858144
started
======================
   8      33 sdc1 211883163 1762247 11466240768 347731402 290672417 478799801 148678425528 762802608 26 138582931 1111858589
======================
   8      33 sdc1 211888725 1762247 11467656952 347735257 290672417 478799801 148678425528 762802608 1 138586718 1111862376
======================
   8      33 sdc1 211894454 1762247 11469123576 347739148 290672419 478799803 148678425560 762802614 1 138590608 1111866272
======================
   8      33 sdc1 211899946 1762247 11470529528 347742886 290672419 478799803 148678425560 762802614 1 138594336 1111870000
======================
   8      33 sdc1 211905443 1762247 11471936760 347746587 290672419 478799803 148678425560 762802614 0 138598029 1111873693
======================
   8      33 sdc1 211910897 1762247 11473332984 347750286 290672419 478799803 148678425560 762802614 0 138601719 1111877383
======================
   8      33 sdc1 211916524 1762247 11474773496 347754035 290672421 478799803 148678425576 762802614 1 138605462 1111881126
======================
   8      33 sdc1 211922142 1762247 11476211704 347757775 290672421 478799803 148678425576 762802614 0 138609195 1111884859
======================
   8      33 sdc1 211927641 1762247 11477619448 347761505 290672421 478799803 148678425576 762802614 0 138612914 1111888578
======================
   8      33 sdc1 211933197 1762247 11479041784 347765211 290672421 478799803 148678425576 762802614 1 138616608 1111892272
======================
   8      33 sdc1 211938749 1762247 11480463096 347768918 290672421 478799803 148678425576 762802614 1 138620307 1111895971
======================
   8      33 sdc1 211944280 1762247 11481879032 347772597 290672421 478799803 148678425576 762802614 0 138623980 1111899644
======================
   8      33 sdc1 211949813 1762247 11483295480 347776251 290672421 478799803 148678425576 762802614 1 138627624 1111903288
======================
   8      33 sdc1 211955403 1762247 11484726520 347779980 290672421 478799803 148678425576 762802614 1 138631342 1111907006
======================
   8      33 sdc1 211960943 1762247 11486144512 347783696 290672421 478799803 148678425576 762802614 1 138635043 1111910707
======================
   8      33 sdc1 211966499 1762247 11487566800 347787407 290672421 478799803 148678425576 762802614 1 138638745 1111914409
======================
   8      33 sdc1 211972017 1762247 11488979368 347791123 290672421 478799803 148678425576 762802614 1 138642451 1111918116
======================
   8      33 sdc1 211977485 1762247 11490378952 347794784 290672421 478799803 148678425576 762802614 0 138646106 1111921771
======================
   8      33 sdc1 211983034 1762247 11491799376 347798550 290672421 478799803 148678425576 762802614 0 138649865 1111925530
======================
   8      33 sdc1 211988651 1762247 11493237328 347802241 290672421 478799803 148678425576 762802614 1 138653549 1111929214
======================
   8      33 sdc1 211994226 1762247 11494664528 347805948 290672421 478799803 148678425576 762802614 1 138657246 1111932911
======================
   8      33 sdc1 211999737 1762247 11496075344 347809623 290672421 478799803 148678425576 762802614 0 138660917 1111936582
======================
   8      33 sdc1 212005348 1762247 11497511760 347813326 290672421 478799803 148678425576 762802614 1 138664607 1111940272
======================
   8      33 sdc1 212010818 1762247 11498912080 347816988 290672421 478799803 148678425576 762802614 1 138668263 1111943928
======================
   8      33 sdc1 212016461 1762247 11500356688 347820720 290672421 478799803 148678425576 762802614 0 138671983 1111947648
======================
   8      33 sdc1 212021952 1762247 11501762384 347824420 290672421 478799803 148678425576 762802614 1 138675670 1111951335
======================
   8      33 sdc1 212027456 1762247 11503171408 347828104 290672421 478799803 148678425576 762802614 1 138679339 1111955004
======================
   8      33 sdc1 212033003 1762247 11504591392 347831825 290672421 478799803 148678425576 762802614 1 138683047 1111958712
======================
   8      33 sdc1 212038541 1762247 11506009120 347835503 290672421 478799803 148678425576 762802614 1 138686712 1111962377
======================
   8      33 sdc1 212044081 1762247 11507427360 347839184 290672421 478799803 148678425576 762802614 1 138690385 1111966050
======================
   8      33 sdc1 212049623 1762247 11508846112 347842863 290672421 478799803 148678425576 762802614 0 138694054 1111969719
======================
   8      33 sdc1 212055188 1762247 11510270752 347846546 290672421 478799803 148678425576 762802614 1 138697731 1111973396
======================
   8      33 sdc1 212060677 1762247 11511675936 347850232 290672421 478799803 148678425576 762802614 0 138701400 1111977065
======================
   8      33 sdc1 212066242 1762247 11513100576 347853913 290672421 478799803 148678425576 762802614 1 138705075 1111980740
======================
   8      33 sdc1 212071745 1762247 11514509344 347857580 290672421 478799803 148678425576 762802614 1 138708733 1111984398
======================
   8      33 sdc1 212077361 1762247 11515947040 347861296 290672421 478799803 148678425576 762802614 1 138712437 1111988102
======================
   8      33 sdc1 212082904 1762247 11517366304 347865002 290672421 478799803 148678425576 762802614 1 138716136 1111991801
======================
   8      33 sdc1 212088519 1762247 11518803488 347868701 290672421 478799803 148678425576 762802614 1 138719828 1111995493
======================
   8      33 sdc1 212094148 1762247 11520244512 347872397 290672421 478799803 148678425576 762802614 1 138723512 1111999177
======================
   8      33 sdc1 212099683 1762247 11521661472 347876108 290672421 478799803 148678425576 762802614 0 138727216 1112002881
======================
   8      33 sdc1 212105286 1762247 11523095840 347879778 290672421 478799803 148678425576 762802614 1 138730877 1112006542
======================
   8      33 sdc1 212110782 1762247 11524502816 347883430 290672421 478799803 148678425576 762802614 1 138734518 1112010183
======================
   8      33 sdc1 212116357 1762247 11525930016 347887161 290672421 478799803 148678425576 762802614 0 138738239 1112013904
======================
   8      33 sdc1 212122015 1762247 11527378464 347890882 290672421 478799803 148678425576 762802614 1 138741953 1112017618
======================
   8      33 sdc1 212127615 1762247 11528812064 347894570 290672421 478799803 148678425576 762802614 0 138745626 1112021291
======================
   8      33 sdc1 212133107 1762247 11530218272 347898252 290672421 478799803 148678425576 762802614 0 138749303 1112024968
======================
   8      33 sdc1 212138626 1762247 11531631136 347901959 290672421 478799803 148678425576 762802614 0 138753007 1112028672
======================
   8      33 sdc1 212144142 1762247 11533043232 347905681 290672421 478799803 148678425576 762802614 1 138756718 1112032383
======================
   8      33 sdc1 212149694 1762247 11534464544 347909372 290672421 478799803 148678425576 762802614 1 138760399 1112036064
======================
   8      33 sdc1 212155273 1762247 11535892664 347913123 290672421 478799803 148678425576 762802614 1 138764145 1112039810
======================
   8      33 sdc1 212160789 1762247 11537304760 347916811 290672421 478799803 148678425576 762802614 1 138767824 1112043489
======================
   8      33 sdc1 212166282 1762247 11538710720 347920527 290672421 478799803 148678425576 762802614 1 138771533 1112047198
======================
   8      33 sdc1 212171870 1762247 11540141248 347924206 290672421 478799803 148678425576 762802614 1 138775200 1112050865
======================
   8      33 sdc1 212177437 1762247 11541566400 347927903 290672421 478799803 148678425576 762802614 0 138778891 1112054556
======================
   8      33 sdc1 212182936 1762247 11542974056 347931561 290672421 478799803 148678425576 762802614 1 138782536 1112058201
======================
   8      33 sdc1 212188502 1762247 11544398952 347935251 290672421 478799803 148678425576 762802614 1 138786217 1112061882
======================
   8      33 sdc1 212194072 1762247 11545824760 347938954 290672421 478799803 148678425576 762802614 0 138789911 1112065576
======================
   8      33 sdc1 212199652 1762247 11547253240 347942660 290672421 478799803 148678425576 762802614 0 138793612 1112069277
======================
   8      33 sdc1 212205225 1762247 11548679928 347946327 290672421 478799803 148678425576 762802614 0 138797269 1112072934
======================
   8      33 sdc1 212210751 1762247 11550094584 347950001 290672421 478799803 148678425576 762802614 1 138800933 1112076598
======================
   8      33 sdc1 212216293 1762247 11551513208 347953707 290672421 478799803 148678425576 762802614 1 138804633 1112080298
======================
   8      33 sdc1 212221775 1762247 11552916496 347957423 290672421 478799803 148678425576 762802614 1 138808345 1112084010
======================
   8      33 sdc1 212227309 1762247 11554333200 347961117 290672421 478799803 148678425576 762802614 1 138812031 1112087696
======================
   8      33 sdc1 212232873 1762247 11555757584 347964800 290672421 478799803 148678425576 762802614 0 138815710 1112091375
======================
   8      33 sdc1 212238486 1762247 11557194768 347968442 290672421 478799803 148678425576 762802614 1 138819340 1112095005
======================
   8      33 sdc1 212244014 1762247 11558609936 347972134 290672421 478799803 148678425576 762802614 1 138823023 1112098688
======================
   8      33 sdc1 212249596 1762247 11560038928 347975792 290672421 478799803 148678425576 762802614 1 138826669 1112102334
======================
   8      33 sdc1 212255159 1762247 11561463056 347979514 290672421 478799803 148678425576 762802614 1 138830386 1112106051
======================
   8      33 sdc1 212260714 1762247 11562885136 347983209 290672421 478799803 148678425576 762802614 1 138834073 1112109738
======================
   8      33 sdc1 212266238 1762247 11564299280 347986891 290672421 478799803 148678425576 762802614 1 138837750 1112113415
======================
   8      33 sdc1 212271746 1762247 11565709328 347990563 290672421 478799803 148678425576 762802614 0 138841416 1112117081
======================
   8      33 sdc1 212277257 1762247 11567120144 347994220 290672421 478799803 148678425576 762802614 0 138845061 1112120726
======================
   8      33 sdc1 212282805 1762247 11568540432 347997895 290672421 478799803 148678425576 762802614 1 138848729 1112124394
======================
   8      33 sdc1 212288326 1762247 11569953808 348001594 290672421 478799803 148678425576 762802614 0 138852420 1112128085
======================
   8      33 sdc1 212293860 1762247 11571370512 348005240 290672421 478799803 148678425576 762802614 1 138856059 1112131724
======================
   8      33 sdc1 212299329 1762247 11572770576 348008913 290672421 478799803 148678425576 762802614 0 138859724 1112135389
======================
   8      33 sdc1 212304834 1762247 11574179856 348012595 290672421 478799803 148678425576 762802614 1 138863401 1112139066
======================
   8      33 sdc1 212310004 1762247 11575503376 348016080 290672421 478799803 148678425576 762802614 0 138866876 1112142541
