======================
   8      33 sdc1 131419627 644802 6639308432 194443486 176372094 328044283 88667506984 3046776830 0 97057122 3242605185
======================
   8      33 sdc1 131419641 644802 6639308544 194446885 176372216 328046155 88669612200 3046826088 27 97061204 3242661380
======================
   8      33 sdc1 131419651 644802 6639308624 194450630 176372408 328048094 88672225680 3046894286 11 97066171 3242733031
======================
   8      33 sdc1 131419661 644802 6639308704 194454576 176372625 328057391 88674826928 3046972129 11 97071115 3242813874
======================
   8      33 sdc1 131419672 644802 6639308792 194459292 176372778 328059334 88677459504 3047018869 11 97076117 3242865347
======================
   8      33 sdc1 131419683 644802 6639308880 194462955 176372985 328065731 88679813712 3047068628 14 97080580 3242919706
======================
   8      33 sdc1 131419693 644802 6639308960 194467132 176373138 328067797 88682454352 3047141422 23 97085582 3242998115
======================
   8      33 sdc1 131419703 644802 6639309040 194470851 176373289 328069546 88685022736 3047203449 11 97090456 3243064322
======================
   8      33 sdc1 131419715 644802 6639309136 194475394 176373459 328071509 88687631960 3047278486 17 97095379 3243144439
======================
   8      33 sdc1 131419724 644802 6639309208 194479246 176373649 328073372 88690207224 3047373654 20 97100272 3243239186
======================
   8      33 sdc1 131419736 644802 6639309304 194483717 176373995 328075125 88692851744 3047536785 32 97105274 3243427304
======================
   8      33 sdc1 131419746 644802 6639309384 194487863 176374420 328077440 88695466016 3047709734 0 97110258 3243582458
======================
   8      33 sdc1 131419755 644802 6639309456 194491267 176374695 328079201 88697825504 3047776946 25 97114746 3243656253
======================
   8      33 sdc1 131419766 644802 6639309544 194495916 176374999 328080983 88700447080 3047873346 23 97119746 3243757410
======================
   8      33 sdc1 131419776 644802 6639309624 194499976 176375276 328082600 88702852712 3047972764 17 97124282 3243861092
======================
   8      33 sdc1 131419786 644802 6639309704 194504229 176375556 328084415 88705455208 3048052500 18 97129231 3243944973
======================
   8      33 sdc1 131419797 644802 6639309792 194508599 176375840 328086215 88707982496 3048125972 29 97134106 3244022036
======================
   8      33 sdc1 131419806 644802 6639309864 194512735 176376137 328087827 88710560296 3048217060 9 97138970 3244115579
======================
   8      33 sdc1 131419818 644802 6639309960 194517286 176376438 328089809 88713196904 3048326571 30 97143972 3244233660
======================
   8      33 sdc1 131419829 644802 6639310048 194521535 176376740 328091650 88715738384 3048410722 44 97148842 3244322067
======================
   8      33 sdc1 131419838 644802 6639310120 194525505 176377037 328093243 88718186704 3048496099 42 97153480 3244417389
======================
   8      33 sdc1 131419849 644802 6639310208 194529841 176377452 328094889 88720659216 3048626542 77 97158146 3244549090
======================
   8      33 sdc1 131419861 644802 6639310304 194533977 176378179 328096269 88723324432 3048960705 71 97163149 3244910859
======================
   8      33 sdc1 131419869 644802 6639310368 194537736 176378578 328097780 88725972064 3049111660 8 97168151 3245036370
======================
   8      33 sdc1 131419880 644802 6639310456 194542027 176378905 328099548 88728551184 3049200300 16 97173034 3245131469
======================
   8      33 sdc1 131419891 644802 6639310544 194546232 176379237 328101361 88731116888 3049301099 29 97177885 3245240251
======================
   8      33 sdc1 131419901 644802 6639310624 194550474 176379558 328103136 88733684168 3049418326 30 97182750 3245361760
======================
   8      33 sdc1 131419911 644802 6639310704 194554748 176379867 328104727 88736120136 3049512328 18 97187389 3245456107
======================
   8      33 sdc1 131419921 644802 6639310784 194558958 176380164 328106320 88738530056 3049598784 16 97191940 3245546118
======================
   8      33 sdc1 131419932 644802 6639310872 194563701 176380519 328108237 88741181704 3049741452 39 97196942 3245696913
======================
   8      33 sdc1 131419942 644802 6639310952 194567676 176380844 328109835 88743794952 3049830922 13 97201942 3245787762
======================
   8      33 sdc1 131419953 644802 6639311040 194571930 176381188 328111578 88746345608 3049926101 22 97206764 3245889664
======================
   8      33 sdc1 131419963 644802 6639311120 194576451 176381566 328113327 88748862720 3050029496 42 97211531 3245991177
======================
   8      33 sdc1 131419974 644802 6639311208 194580445 176382020 328114950 88751351872 3050147765 68 97216219 3246128025
======================
   8      33 sdc1 131419987 644802 6639311312 194584267 176382741 328116695 88754004864 3050619420 114 97221221 3246635372
======================
   8      33 sdc1 131419994 644802 6639311368 194587192 176383094 328117912 88756652248 3050984066 6 97226225 3246958790
======================
   8      33 sdc1 131420005 644802 6639311456 194591571 176383422 328119655 88759096520 3051088323 29 97230836 3247072867
======================
   8      33 sdc1 131420016 644802 6639311544 194595916 176383786 328121390 88761734224 3051200075 27 97235837 3247183890
======================
   8      33 sdc1 131420025 644802 6639311616 194599724 176384126 328122962 88764272536 3051291821 4 97240656 3247278439
======================
   8      33 sdc1 131420037 644802 6639311712 194604264 176384484 328124938 88766902928 3051401072 37 97245633 3247397730
======================
   8      33 sdc1 131420047 644802 6639311792 194608652 176384824 328126512 88769474008 3051532854 12 97250481 3247528594
======================
   8      33 sdc1 131420058 644802 6639311880 194613329 176385204 328128310 88772113304 3051671713 20 97255483 3247673674
======================
   8      33 sdc1 131420068 644802 6639311960 194617367 176385531 328129971 88774519184 3051806570 37 97260008 3247815924
======================
   8      33 sdc1 131420078 644802 6639312040 194621637 176385917 328131686 88777169240 3051937612 33 97265011 3247948041
======================
   8      33 sdc1 131420090 644802 6639312136 194625922 176386379 328133467 88779796440 3052098409 94 97269963 3248134439
======================
   8      33 sdc1 131420102 644802 6639312232 194629736 176387111 328135052 88782455376 3052492104 152 97274966 3248551901
======================
   8      33 sdc1 131420110 644802 6639312296 194633482 176387529 328136434 88785033184 3052932717 34 97279867 3248957492
======================
   8      33 sdc1 131420121 644802 6639312384 194638301 176387906 328138155 88787683480 3053045919 31 97284869 3249072227
======================
   8      33 sdc1 131420131 644802 6639312464 194641976 176388250 328139700 88790059544 3053144766 30 97289370 3249186039
======================
   8      33 sdc1 131420141 644802 6639312544 194646451 176388622 328141458 88792697488 3053276434 27 97294348 3249313695
started
======================
   8      33 sdc1 131420288 644802 6639327474 194648043 176388727 328141790 88793346400 3053303454 2 97295747 3249336260
======================
   8      33 sdc1 131431573 644802 6642215410 194657749 176388727 328141790 88793346400 3053303454 2 97300999 3249345948
======================
   8      33 sdc1 131442351 644804 6644974834 194666942 176388730 328141792 88793346440 3053303462 2 97306002 3249355135
======================
   8      33 sdc1 131453142 644804 6647736562 194676133 176388730 328141792 88793346440 3053303462 2 97311006 3249364316
======================
   8      33 sdc1 131463937 644804 6650500082 194685311 176388730 328141792 88793346440 3053303462 1 97316008 3249373476
======================
   8      33 sdc1 131474731 644804 6653263090 194694474 176388730 328141792 88793346440 3053303462 2 97321011 3249382622
======================
   8      33 sdc1 131485526 644804 6656026354 194703663 176388730 328141792 88793346440 3053303462 2 97326013 3249391797
======================
   8      33 sdc1 131496322 644804 6658790130 194712850 176388730 328141792 88793346440 3053303462 2 97331017 3249400972
======================
   8      33 sdc1 131507112 644804 6661552114 194722030 176388732 328141792 88793346456 3053303462 2 97336019 3249410126
======================
   8      33 sdc1 131517907 644804 6664315634 194731237 176388732 328141792 88793346456 3053303462 2 97341022 3249419322
======================
   8      33 sdc1 131528701 644804 6667078386 194740408 176388732 328141792 88793346456 3053303462 2 97346025 3249428482
======================
   8      33 sdc1 131539606 644804 6669869810 194749686 176388732 328141792 88793346456 3053303462 1 97351078 3249437735
======================
   8      33 sdc1 131550578 644804 6672678386 194759003 176388732 328141792 88793346456 3053303462 2 97356163 3249447034
======================
   8      33 sdc1 131561373 644804 6675441650 194768153 176388732 328141792 88793346456 3053303462 2 97361167 3249456174
======================
   8      33 sdc1 131572169 644804 6678205426 194777320 176388732 328141792 88793346456 3053303462 1 97366169 3249465322
======================
   8      33 sdc1 131582963 644804 6680968434 194786489 176388732 328141792 88793346456 3053303462 2 97371172 3249474479
======================
   8      33 sdc1 131593757 644804 6683731442 194795659 176388732 328141792 88793346456 3053303462 2 97376174 3249483631
======================
   8      33 sdc1 131604554 644804 6686495218 194804843 176388732 328141792 88793346456 3053303462 2 97381177 3249492793
======================
   8      33 sdc1 131615345 644804 6689257714 194814023 176388732 328141792 88793346456 3053303462 1 97386180 3249501957
======================
   8      33 sdc1 131626139 644804 6692020722 194823201 176388732 328141792 88793346456 3053303462 2 97391183 3249511127
======================
   8      33 sdc1 131636935 644804 6694784242 194832378 176388732 328141792 88793346456 3053303462 2 97396186 3249520290
======================
   8      33 sdc1 131647732 644804 6697548274 194841540 176388732 328141792 88793346456 3053303462 1 97401189 3249529428
======================
   8      33 sdc1 131658526 644804 6700311026 194850717 176388732 328141792 88793346456 3053303462 2 97406192 3249538594
======================
   8      33 sdc1 131669322 644804 6703074546 194859894 176388732 328141792 88793346456 3053303462 2 97411195 3249547758
======================
   8      33 sdc1 131680118 644804 6705838322 194869062 176388732 328141792 88793346456 3053303462 2 97416198 3249556910
======================
   8      33 sdc1 131690912 644804 6708601330 194878220 176388732 328141792 88793346456 3053303462 2 97421201 3249566048
======================
   8      33 sdc1 131701708 644804 6711364850 194887381 176388732 328141792 88793346456 3053303462 2 97426204 3249575190
======================
   8      33 sdc1 131712501 644804 6714127602 194896546 176388732 328141792 88793346456 3053303462 2 97431207 3249584345
======================
   8      33 sdc1 131723297 644804 6716891378 194905729 176388732 328141792 88793346456 3053303462 2 97436209 3249593503
======================
   8      33 sdc1 131734091 644804 6719654386 194914911 176388732 328141792 88793346456 3053303462 2 97441212 3249602667
======================
   8      33 sdc1 131744885 644804 6722417394 194924093 176388732 328141792 88793346456 3053303462 2 97446215 3249611831
======================
   8      33 sdc1 131755679 644804 6725180402 194933254 176388732 328141792 88793346456 3053303462 2 97451217 3249620975
======================
   8      33 sdc1 131766476 644804 6727944178 194942432 176388732 328141792 88793346456 3053303462 2 97456221 3249630136
======================
   8      33 sdc1 131777269 644804 6730706426 194951597 176388732 328141792 88793346456 3053303462 1 97461222 3249639290
======================
   8      33 sdc1 131788064 644804 6733469946 194960763 176388732 328141792 88793346456 3053303462 2 97466225 3249648441
======================
   8      33 sdc1 131798861 644804 6736233722 194969914 176388732 328141792 88793346456 3053303462 2 97471229 3249657582
======================
   8      33 sdc1 131809657 644804 6738997242 194979081 176388732 328141792 88793346456 3053303462 2 97476232 3249666736
======================
   8      33 sdc1 131820450 644804 6741759994 194988245 176388732 328141792 88793346456 3053303462 2 97481235 3249675886
======================
   8      33 sdc1 131831245 644804 6744523514 194997415 176388732 328141792 88793346456 3053303462 2 97486237 3249685039
======================
   8      33 sdc1 131842041 644804 6747287034 195006597 176388732 328141792 88793346456 3053303462 2 97491241 3249694199
======================
   8      33 sdc1 131852836 644804 6750050298 195015777 176388732 328141792 88793346456 3053303462 2 97496243 3249703356
======================
   8      33 sdc1 131863633 644804 6752814330 195024963 176388732 328141792 88793346456 3053303462 2 97501247 3249712532
======================
   8      33 sdc1 131874428 644804 6755577594 195034139 176388732 328141792 88793346456 3053303462 2 97506249 3249721686
======================
   8      33 sdc1 131885221 644804 6758340346 195043311 176388732 328141792 88793346456 3053303462 2 97511252 3249730835
======================
   8      33 sdc1 131896018 644804 6761104122 195052482 176388732 328141792 88793346456 3053303462 1 97516256 3249739992
======================
   8      33 sdc1 131906813 644804 6763867642 195061632 176388732 328141792 88793346456 3053303462 2 97521258 3249749125
