======================
   8      33 sdc1 166411804 1741454 8393542064 261962198 211500896 377543321 109579441888 3704776424 0 110997922 3968103258
======================
   8      33 sdc1 166411808 1741454 8393542096 261962198 211500896 377543321 109579441888 3704776424 0 110997922 3968103258
======================
   8      33 sdc1 166411808 1741454 8393542096 261962198 211500899 377543335 109579442024 3704776436 0 110997934 3968103270
======================
   8      33 sdc1 166411808 1741454 8393542096 261962198 211500911 377543337 109579442136 3704776436 0 110997934 3968103270
started
======================
   8      33 sdc1 166411847 1741454 8393542408 261963490 211501021 377543965 109580326736 3704804745 7 110999606 3968135461
======================
   8      33 sdc1 166411858 1741454 8393542496 261968064 211501344 377545820 109582987240 3704884047 15 111004636 3968220718
======================
   8      33 sdc1 166411870 1741454 8393542592 261972419 211501721 377547797 109585675720 3705028302 41 111009661 3968366323
======================
   8      33 sdc1 166411882 1741454 8393542688 261976442 211502066 377549629 109588292536 3705134241 27 111014624 3968481337
======================
   8      33 sdc1 166411893 1741454 8393542776 261980545 211502402 377551454 109590938936 3705236036 25 111019626 3968584111
======================
   8      33 sdc1 166411905 1741454 8393542872 261984620 211502868 377553329 109593613728 3705539308 133 111024674 3968999450
======================
   8      33 sdc1 166411915 1741454 8393542952 261986532 211503687 377554595 109596265240 3706211593 117 111029676 3969612561
======================
   8      33 sdc1 166411927 1741454 8393543048 261989047 211504496 377555986 109598916352 3706808896 156 111034678 3970222159
======================
   8      33 sdc1 166411937 1741454 8393543128 261990848 211505334 377557277 109601570376 3707427495 143 111039679 3970840251
======================
   8      33 sdc1 166411948 1741454 8393543216 261992783 211506205 377558624 109604216448 3707932560 134 111044680 3971343208
======================
   8      33 sdc1 166411959 1741454 8393543304 261994671 211507143 377559759 109606876072 3708559275 132 111049689 3971975013
======================
   8      33 sdc1 166411969 1741454 8393543384 261996568 211508077 377561004 109609520968 3709183138 142 111054693 3972600290
======================
   8      33 sdc1 166411980 1741454 8393543472 261998427 211509111 377562196 109612180824 3709754806 145 111059694 3973163865
======================
   8      33 sdc1 166411991 1741454 8393543560 262000340 211510142 377563290 109614838288 3710369707 129 111064695 3973779661
======================
   8      33 sdc1 166412001 1741454 8393543640 262002276 211511172 377564404 109617496136 3710989899 133 111069697 3974405078
======================
   8      33 sdc1 166412012 1741454 8393543728 262004110 211512221 377565476 109620155264 3711614437 18 111074698 3974993659
======================
   8      33 sdc1 166412023 1741454 8393543816 262005811 211513355 377566565 109622804464 3712190191 128 111079701 3975605443
======================
   8      33 sdc1 166412034 1741454 8393543904 262007391 211514509 377567573 109625466600 3712829464 142 111084702 3976245429
======================
   8      33 sdc1 166412045 1741454 8393543992 262009101 211515781 377568515 109628130256 3713471733 157 111089703 3976881842
======================
   8      33 sdc1 166412056 1741454 8393544080 262010782 211517043 377569451 109630793056 3714066538 133 111094706 3977483838
======================
   8      33 sdc1 166412066 1741454 8393544160 262012268 211518262 377570388 109633456816 3714715301 150 111099708 3978131264
======================
   8      33 sdc1 166412077 1741454 8393544248 262013696 211519508 377571298 109636125736 3715354333 128 111104712 3978773021
======================
   8      33 sdc1 166412089 1741454 8393544344 262015261 211520720 377572261 109638788832 3716006732 149 111109714 3979427254
======================
   8      33 sdc1 166412098 1741454 8393544416 262016480 211521962 377573146 109641452432 3716661272 110 111114716 3980076320
======================
   8      33 sdc1 166412110 1741454 8393544512 262018143 211523199 377574183 109644115960 3717248515 137 111119717 3980675585
======================
   8      33 sdc1 166412122 1741454 8393544608 262019804 211524438 377575127 109646781208 3717900191 152 111124719 3981317910
======================
   8      33 sdc1 166412132 1741454 8393544688 262021189 211525716 377575974 109649446392 3718549696 150 111129720 3981968694
======================
   8      33 sdc1 166412143 1741454 8393544776 262022864 211527025 377576839 109652114064 3719196905 133 111134721 3982613172
======================
   8      33 sdc1 166412155 1741454 8393544872 262024593 211528338 377577826 109654778008 3719799945 132 111139723 3983210769
======================
   8      33 sdc1 166412165 1741454 8393544952 262026070 211529673 377578638 109657440824 3720449854 91 111144725 3983852598
======================
   8      33 sdc1 166412176 1741454 8393545040 262027591 211531025 377579494 109660103016 3721084809 148 111149727 3984492136
======================
   8      33 sdc1 166412186 1741454 8393545120 262029244 211532316 377580285 109662770304 3721736880 64 111154728 3985132006
======================
   8      33 sdc1 166412197 1741454 8393545208 262030590 211533719 377581026 109665433584 3722386449 23 111159730 3985783329
======================
   8      33 sdc1 166412208 1741454 8393545296 262031982 211535089 377581964 109668098624 3722991741 91 111164732 3986389516
======================
   8      33 sdc1 166412219 1741454 8393545384 262033355 211536476 377582746 109670757944 3723643288 127 111169734 3987043557
======================
   8      33 sdc1 166412230 1741454 8393545472 262034974 211537820 377583518 109673427432 3724284380 46 111174736 3987704750
======================
   8      33 sdc1 166412240 1741454 8393545552 262036547 211539173 377584334 109676090224 3724925522 59 111179739 3988353324
======================
   8      33 sdc1 166412252 1741454 8393545648 262038102 211540553 377585220 109678757352 3725537411 46 111184741 3988958820
======================
   8      33 sdc1 166412263 1741454 8393545736 262039733 211541944 377585984 109681422840 3726172886 40 111189743 3989593544
======================
   8      33 sdc1 166412273 1741454 8393545816 262040948 211543339 377586742 109684085120 3726822665 75 111194745 3990255298
======================
   8      33 sdc1 166412284 1741454 8393545904 262042365 211544738 377587528 109686749040 3727471592 92 111199748 3990911164
======================
   8      33 sdc1 166412295 1741454 8393545992 262043788 211546128 377588299 109689418112 3728122196 101 111204759 3991561901
======================
   8      33 sdc1 166412305 1741454 8393546072 262045222 211547507 377589134 109692079344 3728723925 95 111209761 3992171304
======================
   8      33 sdc1 166412317 1741454 8393546168 262046929 211548872 377589946 109694745256 3729379262 130 111214763 3992823553
======================
   8      33 sdc1 166412328 1741454 8393546256 262048364 211550246 377590758 109697407392 3730014774 142 111219765 3993461011
======================
   8      33 sdc1 166412338 1741454 8393546336 262049686 211551658 377591467 109700059432 3730665588 129 111224767 3994115126
