125.990
156.888
175.287
193.987
197.184
221.284
363.377
403.876
529.769
548.967
579.867
552.568
571.467
557.969
554.369
581.366
611.365
606.866
605.465
451.072
481.770
483.870
537.868
583.467
475.471
526.468
489.270
597.566
577.966
516.569
518.671
566.968
573.868
577.766
524.966
568.168
566.368
593.966
591.865
536.368
498.869
591.565
581.366
480.573
536.669
579.265
602.366
646.564
579.167
520.769
573.866
567.868
542.966
546.566
587.970
578.168
547.369
495.872
605.665
597.865
557.968
597.265
562.767
569.066
564.568
479.171
517.968
574.465
588.265
571.766
520.168
547.768
554.066
507.868
431.073
476.671
514.171
619.065
608.164
578.666
543.568
581.065
569.467
601.966
608.066
590.364
591.566
557.067
546.569
511.470
598.466
579.567
592.467
542.665
561.868
574.466
570.568
561.268
600.865
614.964
575.068
583.466
531.868
569.966
544.167
569.967
464.374
464.073
535.169
430.774
535.468
587.667
605.966
593.065
621.264
562.168
559.768
594.266
472.173
457.771
467.972
535.768
617.663
582.564
535.268
551.267
514.767
541.467
573.866
570.566
617.668
602.366
540.769
512.969
531.569
609.565
648.563
635.362
604.766
543.268
568.765
513.269
563.368
506.970
529.169
535.070
500.471
503.969
548.066
591.267
619.165
620.363
603.866
537.568
597.564
552.864
529.767
557.966
536.368
516.271
584.865
562.567
620.966
610.466
614.065
591.262
60.494
