114.391
137.989
164.887
135.088
213.283
219.582
197.984
186.585
250.681
270.678
232.182
226.784
312.577
332.375
304.677
291.378
280.179
302.977
297.277
314.075
328.175
332.674
286.778
300.579
290.680
297.276
293.977
294.277
296.379
294.577
304.777
294.777
298.878
287.378
283.178
287.079
299.078
288.582
281.380
281.677
281.678
268.779
275.079
275.680
289.177
295.778
289.478
305.080
292.180
267.282
282.282
283.481
275.081
289.182
266.080
292.476
270.578
278.378
270.278
284.978
278.078
284.979
272.978
283.478
290.976
282.278
287.079
293.078
284.880
292.581
290.376
289.477
293.080
282.579
287.579
275.180
288.275
288.280
290.978
292.179
290.078
293.677
279.877
295.478
284.977
292.178
291.575
286.777
301.779
276.876
272.378
282.780
292.578
279.879
272.979
292.175
284.678
253.479
282.878
291.280
272.380
269.382
285.279
269.978
284.378
277.479
284.379
292.777
295.176
285.276
293.376
281.678
281.678
277.477
284.978
292.779
294.275
280.278
233.782
283.478
327.177
287.078
311.075
288.277
280.776
301.480
301.177
284.977
290.080
272.378
274.778
279.579
297.875
287.077
283.178
292.475
279.579
276.581
287.381
289.480
297.281
287.082
294.282
281.079
302.978
286.780
305.077
302.979
290.077
292.778
281.382
301.779
279.581
290.081
262.782
275.078
278.378
272.080
282.579
286.777
265.479
277.078
254.080
322.475
322.474
297.276
291.577
304.476
298.476
296.678
289.478
292.779
281.681
298.179
281.381
294.580
289.480
299.682
275.381
292.777
281.678
282.879
280.478
280.178
289.178
269.078
273.881
270.579
280.180
272.082
282.878
286.176
290.378
281.979
282.277
280.178
283.478
263.979
264.580
276.579
280.179
236.681
310.476
323.677
320.373
292.177
279.877
278.678
292.179
291.281
283.181
279.880
284.079
292.481
287.382
292.479
278.679
285.881
276.280
299.080
273.881
285.581
267.579
281.078
269.378
273.877
277.780
281.079
294.276
289.479
300.879
284.382
288.082
262.577
293.379
284.377
281.979
294.576
289.778
286.776
286.178
253.781
268.177
293.080
269.377
275.979
271.179
272.079
241.483
309.574
327.273
329.277
290.778
281.379
303.275
294.579
300.577
285.879
282.880
286.478
259.181
271.477
267.879
274.180
333.174
335.473
289.777
292.777
298.777
293.979
303.876
307.475
279.579
293.678
288.880
287.678
280.177
268.479
267.882
278.682
250.682
286.881
285.280
279.883
297.878
303.276
263.079
288.577
278.979
286.477
287.979
278.680
294.477
286.880
284.979
275.380
261.881
280.478
255.881
259.181
292.177
328.477
318.575
290.378
292.777
307.475
287.378
297.577
288.278
293.677
292.178
292.479
282.879
282.282
274.783
281.681
281.681
212.859
