======================
   8      33 sdc1 78080980 17786 3896850432 95014065 70752205 99592646 53861389488 1594806583 0 34658942 1689776230
======================
   8      33 sdc1 78080997 17786 3896850568 95017591 70752430 99594426 53863666864 1594883559 16 34663235 1689859469
======================
   8      33 sdc1 78081008 17786 3896850656 95021838 70752582 99596392 53866288568 1594945581 16 34668224 1689923320
======================
   8      33 sdc1 78081018 17786 3896850736 95026514 70752730 99598320 53868915512 1595019539 14 34673225 1690002831
======================
   8      33 sdc1 78081029 17786 3896850824 95030633 70752884 99600270 53871557496 1595082761 12 34678227 1690071786
======================
   8      33 sdc1 78081040 17786 3896850912 95034946 70753034 99602206 53874139584 1595131858 14 34683168 1690123572
======================
   8      33 sdc1 78081050 17786 3896850992 95038802 70753177 99604156 53876602696 1595193196 23 34687826 1690190982
======================
   8      33 sdc1 78081060 17786 3896851072 95042895 70753330 99605821 53879224392 1595255200 0 34692759 1690253677
======================
   8      33 sdc1 78081072 17786 3896851168 95047420 70753502 99607986 53881866872 1595316870 11 34697757 1690322339
======================
   8      33 sdc1 78081081 17786 3896851240 95051197 70753657 99609865 53884502136 1595370225 6 34702760 1690379401
======================
   8      33 sdc1 78081092 17786 3896851328 95055570 70753798 99611813 53886873912 1595416972 19 34707266 1690434170
======================
   8      33 sdc1 78081102 17786 3896851408 95059451 70753939 99613567 53889312568 1595477795 16 34711869 1690498402
======================
   8      33 sdc1 78081112 17786 3896851488 95064034 70754093 99615402 53891972280 1595548743 5 34716890 1690569853
======================
   8      33 sdc1 78081123 17786 3896851576 95068503 70754462 99617233 53894562432 1595684558 24 34721811 1690710854
======================
   8      33 sdc1 78081134 17786 3896851664 95072593 70754758 99619094 53897172144 1595784054 27 34726740 1690818207
======================
   8      33 sdc1 78081144 17786 3896851744 95076750 70755050 99620908 53899819768 1595886704 24 34731743 1690923717
======================
   8      33 sdc1 78081155 17786 3896851832 95080866 70755344 99622714 53902419576 1595966310 25 34736681 1691009425
======================
   8      33 sdc1 78081166 17786 3896851920 95085204 70755622 99624531 53904978296 1596060318 31 34741515 1691106099
======================
   8      33 sdc1 78081176 17786 3896852000 95089954 70755915 99626340 53907636664 1596160883 30 34746518 1691208373
======================
   8      33 sdc1 78081186 17786 3896852080 95093675 70756182 99627974 53910062968 1596236052 21 34751118 1691293036
======================
   8      33 sdc1 78081197 17786 3896852168 95097910 70756472 99629838 53912652264 1596334831 25 34755995 1691397086
======================
   8      33 sdc1 78081206 17786 3896852240 95101976 70756743 99631471 53915146792 1596424263 9 34760716 1691484590
======================
   8      33 sdc1 78081218 17786 3896852336 95106498 70757030 99633460 53917783392 1596537141 36 34765672 1691603591
======================
   8      33 sdc1 78081229 17786 3896852424 95111161 70757321 99635225 53920447400 1596652032 24 34770675 1691722107
======================
   8      33 sdc1 78081239 17786 3896852504 95115087 70757720 99636937 53923103088 1596769952 53 34775651 1691841400
======================
   8      33 sdc1 78081251 17786 3896852600 95119142 70758075 99638778 53925749240 1596894076 39 34780654 1691970599
======================
   8      33 sdc1 78081261 17786 3896852680 95123244 70758376 99640552 53928190448 1597013763 54 34785231 1692101019
======================
   8      33 sdc1 78081270 17786 3896852752 95127463 70758694 99641986 53930699488 1597123271 2 34789922 1692206285
======================
   8      33 sdc1 78081281 17786 3896852840 95132132 70759018 99643806 53933344168 1597232811 7 34794922 1692320897
======================
   8      33 sdc1 78081290 17786 3896852912 95136011 70759316 99645519 53935793448 1597318579 17 34799529 1692417446
======================
   8      33 sdc1 78081301 17786 3896853000 95140379 70759632 99647295 53938352424 1597422659 26 34804349 1692525867
======================
   8      33 sdc1 78081312 17786 3896853088 95144864 70759961 99649062 53940917864 1597526694 33 34809187 1692627470
======================
   8      33 sdc1 78081321 17786 3896853160 95148553 70760282 99650660 53943461552 1597625962 10 34813995 1692733858
======================
   8      33 sdc1 78081333 17786 3896853256 95153006 70760602 99652602 53946101104 1597732275 39 34818996 1692841285
======================
   8      33 sdc1 78081344 17786 3896853344 95157681 70760932 99654449 53948756008 1597823328 29 34823997 1692937740
======================
   8      33 sdc1 78081354 17786 3896853424 95161727 70761249 99656219 53951402160 1597942700 28 34828980 1693066000
======================
   8      33 sdc1 78081366 17786 3896853520 95165895 70761643 99658051 53953825664 1598076187 113 34833524 1693230951
======================
   8      33 sdc1 78081374 17786 3896853584 95169105 70761989 99659286 53956280712 1598320406 9 34838138 1693448833
======================
   8      33 sdc1 78081384 17786 3896853664 95173672 70762327 99661039 53958849088 1598431178 17 34843003 1693562290
======================
   8      33 sdc1 78081395 17786 3896853752 95178061 70762677 99662794 53961493760 1598528171 13 34848004 1693667658
======================
   8      33 sdc1 78081406 17786 3896853840 95182447 70763017 99664543 53964047104 1598632890 22 34852821 1693776816
======================
   8      33 sdc1 78081416 17786 3896853920 95186778 70763358 99666355 53966558608 1598723129 39 34857580 1693873121
======================
   8      33 sdc1 78081426 17786 3896854000 95190889 70763701 99667929 53969095576 1598822802 15 34862369 1693973792
======================
   8      33 sdc1 78081437 17786 3896854088 95195113 70764049 99669680 53971655640 1598927477 21 34867201 1694084354
======================
   8      33 sdc1 78081447 17786 3896854168 95199844 70764403 99671427 53974314008 1599038967 16 34872202 1694198988
======================
   8      33 sdc1 78081458 17786 3896854256 95204035 70764753 99673187 53976953312 1599134538 13 34877171 1694298116
======================
   8      33 sdc1 78081470 17786 3896854352 95208139 70765108 99675112 53979595552 1599233088 44 34882143 1694402491
======================
   8      33 sdc1 78081479 17786 3896854424 95212202 70765421 99676700 53982048992 1599346532 36 34886729 1694521180
======================
   8      33 sdc1 78081489 17786 3896854504 95216178 70765816 99678227 53984358424 1599466297 80 34891065 1694652216
======================
   8      33 sdc1 78081500 17786 3896854592 95219764 70766229 99679923 53987032224 1599998530 23 34896067 1695173920
started
======================
   8      33 sdc1 78083201 17786 3897258994 95221296 70766274 99679953 53987229128 1600003437 2 34897291 1695180202
======================
   8      33 sdc1 78094535 17788 3900159986 95230664 70766276 99679955 53987229160 1600003449 2 34902558 1695189573
======================
   8      33 sdc1 78105328 17788 3902922482 95239548 70766276 99679955 53987229160 1600003449 2 34907561 1695198455
======================
   8      33 sdc1 78116116 17788 3905683698 95248426 70766276 99679955 53987229160 1600003449 2 34912562 1695207321
======================
   8      33 sdc1 78126912 17788 3908447474 95257288 70766276 99679955 53987229160 1600003449 2 34917565 1695216173
======================
   8      33 sdc1 78137706 17788 3911210482 95266188 70766276 99679955 53987229160 1600003449 2 34922568 1695225065
======================
   8      33 sdc1 78148499 17788 3913973234 95275049 70766278 99679955 53987229176 1600003449 2 34927570 1695233916
======================
   8      33 sdc1 78159281 17788 3916733170 95283944 70766278 99679955 53987229176 1600003449 2 34932572 1695242803
======================
   8      33 sdc1 78170070 17788 3919495154 95292818 70766278 99679955 53987229176 1600003449 2 34937575 1695251665
======================
   8      33 sdc1 78180864 17788 3922258162 95301665 70766278 99679955 53987229176 1600003449 2 34942577 1695260508
======================
   8      33 sdc1 78191658 17788 3925021170 95310527 70766278 99679955 53987229176 1600003449 1 34947580 1695269361
======================
   8      33 sdc1 78202452 17788 3927784178 95319372 70766278 99679955 53987229176 1600003449 2 34952583 1695278199
======================
   8      33 sdc1 78213387 17788 3930583282 95328333 70766278 99679955 53987229176 1600003449 2 34957650 1695287148
======================
   8      33 sdc1 78224176 17788 3933345010 95337220 70766278 99679955 53987229176 1600003449 2 34962651 1695296020
======================
   8      33 sdc1 78234955 17788 3936104178 95346072 70766278 99679955 53987229176 1600003449 2 34967654 1695304859
======================
   8      33 sdc1 78245750 17788 3938867698 95354956 70766278 99679955 53987229176 1600003449 2 34972656 1695313725
======================
   8      33 sdc1 78256544 17788 3941630706 95363821 70766278 99679955 53987229176 1600003449 2 34977659 1695322581
======================
   8      33 sdc1 78267335 17788 3944392946 95372696 70766278 99679955 53987229176 1600003449 2 34982662 1695331449
======================
   8      33 sdc1 78278130 17788 3947156466 95381575 70766278 99679955 53987229176 1600003449 2 34987664 1695340319
======================
   8      33 sdc1 78288924 17788 3949919474 95390472 70766278 99679955 53987229176 1600003449 2 34992667 1695349205
======================
   8      33 sdc1 78299706 17788 3952679410 95399337 70766278 99679955 53987229176 1600003449 1 34997670 1695358065
======================
   8      33 sdc1 78310501 17788 3955442930 95408208 70766278 99679955 53987229176 1600003449 2 35002672 1695366926
======================
   8      33 sdc1 78321293 17788 3958205170 95417078 70766278 99679955 53987229176 1600003449 1 35007675 1695375788
======================
   8      33 sdc1 78332086 17788 3960967922 95425936 70766278 99679955 53987229176 1600003449 2 35012677 1695384640
======================
   8      33 sdc1 78342881 17788 3963731186 95434815 70766278 99679955 53987229176 1600003449 2 35017680 1695393502
======================
   8      33 sdc1 78353676 17788 3966494706 95443690 70766278 99679955 53987229176 1600003449 2 35022683 1695402368
======================
   8      33 sdc1 78364458 17788 3969254642 95452572 70766278 99679955 53987229176 1600003449 2 35027685 1695411242
======================
   8      33 sdc1 78375252 17788 3972017650 95461415 70766278 99679955 53987229176 1600003449 2 35032688 1695420073
======================
   8      33 sdc1 78386047 17788 3974781170 95470274 70766278 99679955 53987229176 1600003449 2 35037690 1695428917
======================
   8      33 sdc1 78396841 17788 3977544178 95479130 70766278 99679955 53987229176 1600003449 2 35042693 1695437768
======================
   8      33 sdc1 78407636 17788 3980307442 95488013 70766278 99679955 53987229176 1600003449 1 35047695 1695446641
======================
   8      33 sdc1 78418429 17788 3983070194 95496862 70766278 99679955 53987229176 1600003449 2 35052698 1695455481
======================
   8      33 sdc1 78429215 17788 3985830650 95505776 70766278 99679955 53987229176 1600003449 1 35057700 1695464379
======================
   8      33 sdc1 78440004 17788 3988592378 95514656 70766278 99679955 53987229176 1600003449 2 35062702 1695473254
======================
   8      33 sdc1 78450800 17788 3991355898 95523521 70766278 99679955 53987229176 1600003449 2 35067706 1695482111
======================
   8      33 sdc1 78461596 17788 3994119674 95532377 70766278 99679955 53987229176 1600003449 1 35072708 1695490956
======================
   8      33 sdc1 78472389 17788 3996882426 95541210 70766278 99679955 53987229176 1600003449 2 35077710 1695499772
======================
   8      33 sdc1 78483183 17788 3999645434 95550094 70766278 99679955 53987229176 1600003449 2 35082713 1695508643
======================
   8      33 sdc1 78493975 17788 4002408186 95558983 70766278 99679955 53987229176 1600003449 2 35087716 1695517523
======================
   8      33 sdc1 78504762 17788 4005169402 95567823 70766278 99679955 53987229176 1600003449 2 35092719 1695526354
======================
   8      33 sdc1 78515556 17788 4007932410 95576707 70766278 99679955 53987229176 1600003449 2 35097721 1695535227
======================
   8      33 sdc1 78526350 17788 4010695418 95585586 70766278 99679955 53987229176 1600003449 2 35102723 1695544092
======================
   8      33 sdc1 78537142 17788 4013458170 95594433 70766278 99679955 53987229176 1600003449 2 35107727 1695552930
======================
   8      33 sdc1 78547935 17788 4016220922 95603294 70766278 99679955 53987229176 1600003449 2 35112729 1695561784
======================
   8      33 sdc1 78558728 17788 4018983674 95612194 70766278 99679955 53987229176 1600003449 2 35117732 1695570673
======================
   8      33 sdc1 78569510 17788 4021743866 95621076 70766278 99679955 53987229176 1600003449 2 35122734 1695579542
