4859.788
4938.921
4999.978
5070.161
4865.454
4983.463
4868.351
4979.015
4908.520
4981.978
5030.844
4900.721
4732.033
4876.668
4816.961
4773.853
4821.420
4854.561
5393.420
5142.306
5949.992
6803.146
6840.312
7052.461
6732.981
7073.805
7170.086
7102.687
7427.283
7217.776
7218.757
7214.797
7163.737
7123.089
7245.776
7075.943
6949.111
7246.008
7375.232
7604.603
7822.814
7433.572
7592.085
7772.982
7752.524
7698.793
7759.652
7891.618
7696.316
7984.051
7839.826
7949.738
8226.333
7959.216
8139.015
7899.735
7942.317
8052.020
8235.687
7916.836
8169.295
8012.802
8094.682
8040.576
8135.594
8166.624
8184.625
8003.168
7870.213
7866.962
7846.251
7815.363
7829.129
7663.957
7693.450
7625.477
7618.482
7744.979
7425.436
7584.605
7568.773
7546.306
7611.917
7755.060
7730.794
7836.097
7319.359
7729.792
7813.124
7841.250
7821.081
7861.275
7803.019
7914.358
7899.408
7951.342
8061.202
7922.845
7953.308
8025.514
8627.075
8064.012
8086.025
8132.033
8268.201
8209.480
7888.785
8090.879
8161.245
8319.817
8453.998
8649.689
8656.459
8637.399
8795.731
8777.175
8711.726
8900.178
8979.256
8949.357
9522.547
9805.991
9693.092
9386.320
9431.615
9413.167
9562.605
9664.260
10199.361
10383.562
10386.832
11083.796
11089.823
11086.421
11568.843
11410.192
11853.394
12052.736
11942.062
12045.629
12944.415
13386.369
12928.885
13153.737
13807.977
14164.090
14626.143
14725.619
15493.989
15563.505
16322.968
18304.512
18107.115
18512.545
18852.082
20239.658
20845.512
22117.048
22607.605
23265.785
25254.992
26460.067
28247.822
29675.410
30876.661
0.000
