19.0
19.3
19.5
19.8
19.0
19.5
19.0
19.4
19.2
19.5
19.7
19.1
18.5
19.0
18.8
18.6
18.8
19.0
21.1
20.1
23.2
26.6
26.7
27.5
26.3
27.6
28.0
27.7
29.0
28.2
28.2
28.2
28.0
27.8
28.3
27.6
27.1
28.3
28.8
29.7
30.6
29.0
29.7
30.4
30.3
30.1
30.3
30.8
30.1
31.2
30.6
31.1
32.1
31.1
31.8
30.9
31.0
31.5
32.2
30.9
31.9
31.3
31.6
31.4
31.8
31.9
32.0
31.3
30.7
30.7
30.6
30.5
30.6
29.9
30.1
29.8
29.8
30.3
29.0
29.6
29.6
29.5
29.7
30.3
30.2
30.6
28.6
30.2
30.5
30.6
30.6
30.7
30.5
30.9
30.9
31.1
31.5
30.9
31.1
31.3
33.7
31.5
31.6
31.8
32.3
32.1
30.8
31.6
31.9
32.5
33.0
33.8
33.8
33.7
34.4
34.3
34.0
34.8
35.1
35.0
37.2
38.3
37.9
36.7
36.8
36.8
37.4
37.8
39.8
40.6
40.6
43.3
43.3
43.3
45.2
44.6
46.3
47.1
46.6
47.1
50.6
52.3
50.5
51.4
53.9
55.3
57.1
57.5
60.5
60.8
63.8
71.5
70.7
72.3
73.6
79.1
81.4
86.4
88.3
90.9
98.7
103.4
110.3
115.9
120.6
0.0
