======================
   8      33 sdc1 50341423 53025 2975249076 105559600 71145177 66869573 39496265976 1465296416 0 26562290 1570830956
======================
   8      33 sdc1 50341458 53025 2975249356 105559644 71145278 66885839 39496396912 1465302640 0 26562574 1570837224
======================
   8      33 sdc1 50341481 53025 2975249540 105560543 71146658 67053460 39497747672 1465509030 1 26565272 1571044749
======================
   8      33 sdc1 50341501 53025 2975249700 105561632 71150843 67286532 39499646976 1465808190 0 26568898 1571344761
======================
   8      33 sdc1 50341523 53025 2975249876 105562046 71153027 67412077 39500605960 1465903202 50 26570817 1571446046
======================
   8      33 sdc1 50341542 53025 2975250028 105563277 71157197 67658827 39502647376 1466158341 32 26574797 1571697057
======================
   8      33 sdc1 50341563 53025 2975250196 105563576 71159199 67774660 39503618880 1466275642 0 26576686 1571814157
======================
   8      33 sdc1 50341579 53025 2975250324 105564474 71166027 68049419 39505750792 1466583603 91 26580740 1572141965
======================
started
   8      33 sdc1 50341701 53025 2975251294 105564812 71167031 68192757 39507026472 1466839606 0 26583248 1572379358
======================
   8      33 sdc1 50433070 54313 2975992814 105601868 71178976 68225480 39507383816 1466884835 3 26586817 1572461621
======================
   8      33 sdc1 50493887 54315 2976479366 105610689 71214210 68282868 39508067480 1467001214 47 26590579 1572587456
======================
   8      33 sdc1 50556589 54315 2976980982 105619764 71255098 68332104 39508845808 1467136701 2 26594627 1572731326
======================
   8      33 sdc1 50615986 54316 2977456166 105628751 71296108 68389523 39509633256 1467272356 3 26598576 1572875937
======================
   8      33 sdc1 50674548 54318 2977924678 105638807 71331150 68446896 39510352664 1467397428 15 26602491 1573012281
======================
   8      33 sdc1 50735714 54319 2978414014 105651327 71370640 68499988 39511113232 1467543950 2 26606450 1573170199
======================
   8      33 sdc1 50794640 54319 2978885422 105660563 71411551 68557341 39511899360 1467679158 4 26610368 1573314632
======================
   8      33 sdc1 50854911 54319 2979367590 105670034 71448304 68614816 39512653224 1467802908 127 26614264 1573448096
======================
   8      33 sdc1 50926094 54614 2979939486 105684778 71488862 68672226 39513385016 1467938172 40 26618568 1573598750
======================
   8      33 sdc1 50983624 54614 2980399726 105693831 71530033 68721520 39514160760 1468075658 5 26622509 1573744321
======================
   8      33 sdc1 51037916 54614 2980834062 105701228 71565172 68770744 39514835720 1468191786 1 26626068 1573867827
======================
   8      33 sdc1 51099900 54614 2981329934 105712201 71605301 68829811 39515629384 1468330587 1 26630118 1574017577
======================
   8      33 sdc1 51157303 54614 2981789158 105723800 71644673 68882405 39516365144 1468469495 1 26634033 1574168059
======================
   8      33 sdc1 51213789 54614 2982241046 105732136 71680087 68939825 39517107848 1468593819 3 26637916 1574300702
======================
   8      33 sdc1 51273262 54614 2982716830 105742579 71715518 68989054 39517785160 1468710975 2 26641678 1574428275
======================
   8      33 sdc1 51332830 54614 2983193374 105751978 71756722 69046453 39518574016 1468846815 2 26645703 1574573479
======================
   8      33 sdc1 51391468 54614 2983662478 105759926 71797120 69097530 39519305824 1469001352 2 26649614 1574735936
