======================
   8      33 sdc1 55565281 193687 3193151780 119004196 76650860 90547472 44401084504 1590924790 0 29375241 1710246792
======================
started
   8      33 sdc1 55565285 193687 3193151812 119004196 76650875 90547488 44401084752 1590924803 0 29375254 1710246805
======================
   8      33 sdc1 55565288 193687 3193151836 119004197 76650877 90547493 44401084808 1590924813 0 29375265 1710246816
======================
   8      33 sdc1 55565298 193687 3193151916 119006940 76651134 90548855 44402970464 1591004130 13 29378819 1710331247
======================
   8      33 sdc1 55565308 193687 3193151996 119010806 76651309 90550381 44405224216 1591082146 0 29383040 1710410755
======================
   8      33 sdc1 55565310 193687 3193152012 119011737 76651355 90550780 44405748736 1591091032 0 29384111 1710420571
======================
   8      33 sdc1 55565320 193687 3193152092 119013416 76651516 90552673 44408195984 1591142855 9 29388747 1710476449
======================
   8      33 sdc1 55565329 193687 3193152164 119016814 76651680 90554385 44410658792 1591220249 0 29393367 1710554865
======================
   8      33 sdc1 55565333 193687 3193152196 119017096 76651739 90555177 44411545448 1591233516 11 29395043 1710570397
======================
   8      33 sdc1 55565343 193687 3193152276 119018995 76651889 90556901 44413906200 1591273518 11 29399547 1710612826
======================
   8      33 sdc1 55565352 193687 3193152348 119022936 76652183 90558438 44416334608 1591376606 0 29404167 1710717342
======================
   8      33 sdc1 55565356 193687 3193152380 119023284 76652277 90558996 44417060656 1591395481 7 29405630 1710739138
======================
   8      33 sdc1 55565366 193687 3193152460 119024834 76652574 90560855 44419734048 1591481277 15 29410632 1710830559
======================
   8      33 sdc1 55565376 193687 3193152540 119029057 76652828 90562369 44422015616 1591564790 0 29414928 1710911641
======================
   8      33 sdc1 55565379 193687 3193152564 119029444 76652904 90562942 44422708024 1591580724 12 29416265 1710930266
======================
   8      33 sdc1 55565389 193687 3193152644 119031334 76653136 90564713 44425056680 1591636845 30 29420698 1710994130
======================
   8      33 sdc1 55565398 193687 3193152716 119035822 76653382 90566196 44427429744 1591729168 0 29425154 1711082782
======================
   8      33 sdc1 55565399 193687 3193152724 119036196 76653426 90566574 44427801264 1591737567 19 29425936 1711095706
======================
   8      33 sdc1 55565408 193687 3193152796 119038274 76653637 90568039 44429811216 1591788372 28 29429736 1711148513
======================
   8      33 sdc1 55565419 193687 3193152884 119041855 76654239 90569496 44432480592 1592033380 14 29434739 1711395545
======================
   8      33 sdc1 55565421 193687 3193152900 119042326 76654316 90569895 44433034808 1592054095 18 29435809 1711420829
======================
   8      33 sdc1 55565431 193687 3193152980 119047030 76654650 90571561 44435638200 1592163234 0 29440696 1711528047
======================
   8      33 sdc1 55565433 193687 3193152996 119047361 76654709 90571952 44436069240 1592173646 11 29441558 1711539632
======================
   8      33 sdc1 55565441 193687 3193153060 119049148 76654940 90573306 44437999720 1592208592 17 29445216 1711580246
======================
   8      33 sdc1 55565452 193687 3193153148 119053614 76655241 90575093 44440647328 1592301180 22 29450218 1711682010
======================
   8      33 sdc1 55565454 193687 3193153164 119053726 76655325 90575475 44441240080 1592325428 7 29451347 1711697838
======================
   8      33 sdc1 55565464 193687 3193153244 119054668 76655630 90577266 44443854944 1592399383 9 29456254 1711775203
======================
   8      33 sdc1 55565476 193687 3193153340 119058474 76656234 90578812 44446511976 1592724074 16 29461256 1712118353
======================
   8      33 sdc1 55565479 193687 3193153364 119059786 76656360 90579461 44447401888 1592777089 25 29463009 1712159355
======================
   8      33 sdc1 55565488 193687 3193153436 119063326 76656673 90580835 44449663408 1592891424 0 29467253 1712272519
======================
   8      33 sdc1 55565492 193687 3193153468 119063586 76656804 90581564 44450596152 1592920022 16 29469020 1712305762
======================
   8      33 sdc1 55565503 193687 3193153556 119065233 76657117 90583357 44453063608 1592998207 38 29473664 1712387525
======================
   8      33 sdc1 55565512 193687 3193153628 119069363 76657451 90584879 44455618368 1593131851 0 29478443 1712518979
======================
   8      33 sdc1 55565515 193687 3193153652 119069625 76657522 90585266 44456159256 1593145840 0 29479492 1712533228
======================
   8      33 sdc1 55565525 193687 3193153732 119070782 76657833 90587100 44458685168 1593224445 29 29484238 1712617664
======================
   8      33 sdc1 55565536 193687 3193153820 119074705 76658474 90588492 44461353280 1593441169 0 29489235 1712833633
======================
   8      33 sdc1 55565538 193687 3193153836 119075386 76658551 90588905 44461807752 1593454729 28 29490114 1712852059
======================
   8      33 sdc1 55565549 193687 3193153924 119080049 76658939 90590476 44464393312 1593578784 0 29494987 1712976588
======================
   8      33 sdc1 55565550 193687 3193153932 119080445 76658989 90590683 44464663984 1593587345 0 29495530 1712985545
======================
   8      33 sdc1 55565557 193687 3193153988 119082555 76659244 90592037 44466471048 1593634402 30 29498965 1713035912
======================
   8      33 sdc1 55565568 193687 3193154076 119087029 76659613 90593723 44469129408 1593745500 22 29503966 1713156618
======================
   8      33 sdc1 55565570 193687 3193154092 119087114 76659701 90594063 44469686672 1593768230 10 29505027 1713176308
======================
   8      33 sdc1 55565579 193687 3193154164 119088955 76659990 90595509 44471699376 1593820951 35 29508823 1713228317
======================
   8      33 sdc1 55565589 193687 3193154244 119093117 76660398 90597094 44474366064 1593968887 86 29513824 1713408772
======================
   8      33 sdc1 55565591 193687 3193154260 119093338 76660664 90597299 44474889208 1594033188 30 29514903 1713449215
======================
   8      33 sdc1 55565600 193687 3193154332 119095060 76661043 90598680 44476993240 1594097711 34 29518890 1713516077
======================
   8      33 sdc1 55565611 193687 3193154420 119099732 76661471 90600310 44479663960 1594252550 19 29523892 1713673683
======================
   8      33 sdc1 55565613 193687 3193154436 119099813 76661556 90600642 44480128544 1594270442 17 29524785 1713692375
======================
   8      33 sdc1 55565620 193687 3193154492 119101270 76661867 90601904 44482160336 1594329160 4 29528609 1713749653
======================
   8      33 sdc1 55565632 193687 3193154588 119105903 76662292 90603695 44484810384 1594472854 36 29533611 1713908395
======================
   8      33 sdc1 55565634 193687 3193154604 119105988 76662399 90604087 44485427784 1594505735 21 29534774 1713932052
======================
   8      33 sdc1 55565643 193687 3193154676 119107756 76662713 90605448 44487504640 1594560244 25 29538694 1713990267
======================
   8      33 sdc1 55565653 193687 3193154756 119111299 76663380 90606866 44490165712 1594846458 25 29543697 1714281302
======================
   8      33 sdc1 55565655 193687 3193154772 119111932 76663472 90607191 44490624520 1594868955 31 29544565 1714308260
======================
   8      33 sdc1 55565666 193687 3193154860 119116486 76663938 90608769 44493289872 1595069122 4 29549568 1714504237
======================
   8      33 sdc1 55565667 193687 3193154868 119116681 76663999 90609026 44493586448 1595076319 17 29550146 1714511191
======================
   8      33 sdc1 55565677 193687 3193154948 119118414 76664372 90610508 44495742288 1595130416 50 29554232 1714577645
======================
   8      33 sdc1 55565687 193687 3193155028 119123066 76664819 90612008 44498408224 1595360832 1 29559234 1714801624
======================
   8      33 sdc1 55565688 193687 3193155036 119123420 76664869 90612188 44498662392 1595371524 0 29559722 1714812658
======================
   8      33 sdc1 55565698 193687 3193155116 119124109 76665277 90613832 44501105848 1595468442 28 29564311 1714918087
======================
   8      33 sdc1 55565710 193687 3193155212 119128971 76665752 90615426 44503768832 1595618179 114 29569314 1715089368
======================
   8      33 sdc1 55565711 193687 3193155220 119129084 76665991 90615548 44504238304 1595687981 0 29570211 1715134770
======================
   8      33 sdc1 55565718 193687 3193155276 119131204 76666374 90616736 44506010560 1595750960 48 29573559 1715203808
======================
   8      33 sdc1 55565729 193687 3193155364 119135540 76666866 90618304 44508668904 1595972006 33 29578561 1715439127
======================
   8      33 sdc1 55565731 193687 3193155380 119135632 76666993 90618687 44509290424 1596011625 23 29579738 1715467533
======================
   8      33 sdc1 55565741 193687 3193155460 119137755 76667365 90620155 44511398680 1596077712 67 29583723 1715543461
======================
   8      33 sdc1 55565750 193687 3193155532 119141714 76667853 90621572 44514062416 1596265565 1 29588726 1715725526
======================
   8      33 sdc1 55565752 193687 3193155548 119141853 76667955 90621960 44514597984 1596289901 11 29589786 1715750556
======================
   8      33 sdc1 55565762 193687 3193155628 119143974 76668337 90623431 44516766400 1596358084 42 29593885 1715825033
======================
   8      33 sdc1 55565772 193687 3193155708 119147004 76669032 90624655 44519358608 1596708024 0 29598750 1716172717
======================
   8      33 sdc1 55565778 193687 3193155756 119148976 76669262 90625607 44520459752 1596817143 90 29600890 1716307483
======================
   8      33 sdc1 55565784 193687 3193155804 119151464 76669622 90626498 44522389608 1597020834 0 29604513 1716489986
======================
   8      33 sdc1 55565789 193687 3193155844 119152344 76669824 90627144 44523405752 1597048956 0 29606448 1716518986
