======================
   8      33 sdc1 80305009 255782 4526050794 105179525 70857376 104963105 56980639928 1634004978 0 37074865 1739136858
======================
   8      33 sdc1 80305027 255782 4526050938 105183411 70857747 104964796 56983081144 1634180075 11 37079450 1739318913
======================
   8      33 sdc1 80305037 255782 4526051018 105187681 70857913 104966717 56985724784 1634238928 5 37084451 1739380819
======================
   8      33 sdc1 80305049 255782 4526051114 105192829 70858070 104968680 56988382056 1634324814 2 37089453 1739470003
======================
   8      33 sdc1 80305059 255782 4526051194 105197160 70858229 104970821 56991003832 1634386841 17 37094455 1739543296
======================
   8      33 sdc1 80305070 255782 4526051282 105202157 70858382 104972964 56993644608 1634458597 28 37099456 1739620017
======================
   8      33 sdc1 80305080 255782 4526051362 105206410 70858541 104974731 56996307160 1634549468 13 37104457 1739710380
======================
   8      33 sdc1 80305091 255782 4526051450 105210951 70858708 104976883 56998978048 1634635941 25 37109458 1739806385
======================
   8      33 sdc1 80305102 255782 4526051538 105215244 70858874 104978826 57001625824 1634717400 24 37114462 1739892920
======================
   8      33 sdc1 80305113 255782 4526051626 105219725 70859117 104980695 57004292680 1634813627 34 37119462 1739993179
======================
   8      33 sdc1 80305123 255782 4526051706 105224530 70859403 104982511 57006948416 1634915070 40 37124465 1740098728
======================
   8      33 sdc1 80305134 255782 4526051794 105229038 70859814 104984234 57009608296 1635081553 41 37129468 1740276138
======================
   8      33 sdc1 80305145 255782 4526051882 105232373 70860328 104985830 57012270864 1635419994 27 37134471 1740616203
======================
   8      33 sdc1 80305155 255782 4526051962 105237116 70860659 104987632 57014925376 1635530678 17 37139473 1740724581
======================
   8      33 sdc1 80305167 255782 4526052058 105242130 70860942 104989621 57017581448 1635628664 35 37144474 1740828285
======================
   8      33 sdc1 80305177 255782 4526052138 105246221 70861220 104991317 57020239968 1635741767 9 37149476 1740946163
======================
   8      33 sdc1 80305188 255782 4526052226 105251403 70861501 104993346 57022878096 1635848510 30 37154476 1741055664
======================
   8      33 sdc1 80305199 255782 4526052314 105256001 70861793 104995175 57025543328 1635937952 28 37159477 1741152639
======================
   8      33 sdc1 80305210 255782 4526052402 105260954 70862081 104997009 57028199416 1636053750 26 37164479 1741267931
======================
   8      33 sdc1 80305220 255782 4526052482 105265281 70862365 104998856 57030853936 1636165715 19 37169481 1741388668
======================
   8      33 sdc1 80305231 255782 4526052570 105269809 70862680 105000657 57033487752 1636264593 23 37174482 1741495877
======================
   8      33 sdc1 80305243 255782 4526052666 105274860 70863028 105002590 57036147880 1636378936 72 37179485 1741612505
======================
   8      33 sdc1 80305253 255782 4526052746 105279620 70863423 105004332 57038807768 1636533861 58 37184487 1741772639
======================
   8      33 sdc1 80305264 255782 4526052834 105284321 70863828 105005884 57041481160 1636677303 10 37189489 1741917448
======================
   8      33 sdc1 80305276 255782 4526052930 105288302 70864357 105007758 57044146512 1636910497 110 37194492 1742240993
======================
   8      33 sdc1 80305285 255782 4526053002 105292764 70864758 105009356 57046828336 1637185255 32 37199496 1742433758
======================
   8      33 sdc1 80305296 255782 4526053090 105297276 70865077 105011169 57049488472 1637280985 22 37204497 1742534367
======================
   8      33 sdc1 80305307 255782 4526053178 105301815 70865382 105012984 57052156616 1637403078 17 37209499 1742663346
======================
   8      33 sdc1 80305318 255782 4526053266 105306791 70865714 105014962 57054806856 1637513599 40 37214500 1742777480
======================
   8      33 sdc1 80305328 255782 4526053346 105311175 70866042 105016583 57057472384 1637625223 7 37219502 1742891879
======================
   8      33 sdc1 80305340 255782 4526053442 105316263 70866364 105018561 57060124160 1637724459 32 37224503 1742998700
======================
   8      33 sdc1 80305350 255782 4526053522 105320765 70866680 105020375 57062797760 1637830646 27 37229505 1743111342
======================
   8      33 sdc1 80305361 255782 4526053610 105325375 70867019 105022142 57065450952 1637957380 34 37234506 1743244419
======================
   8      33 sdc1 80305372 255782 4526053698 105330111 70867434 105023838 57068116328 1638087226 28 37239508 1743377464
======================
   8      33 sdc1 80305384 255782 4526053794 105334181 70867982 105025592 57070785880 1638351401 58 37244510 1743662458
======================
   8      33 sdc1 80305394 255782 4526053874 105338682 70868410 105027134 57073466200 1638568241 7 37249512 1743861683
======================
   8      33 sdc1 80305405 255782 4526053962 105343288 70868793 105029012 57076129096 1638691911 83 37254514 1744001224
======================
   8      33 sdc1 80305416 255782 4526054050 105347886 70869220 105030750 57078792920 1638928403 29 37259515 1744230979
======================
   8      33 sdc1 80305426 255782 4526054130 105352382 70869538 105032563 57081453080 1639039464 23 37264517 1744348987
======================
   8      33 sdc1 80305437 255782 4526054218 105356952 70869895 105034329 57084114280 1639139679 19 37269518 1744456722
======================
   8      33 sdc1 80305448 255782 4526054306 105361810 70870255 105036095 57086771464 1639269662 14 37274520 1744587913
======================
   8      33 sdc1 80305458 255782 4526054386 105366377 70870592 105037887 57089424776 1639370711 10 37279521 1744694226
======================
   8      33 sdc1 80305469 255782 4526054474 105371243 70870933 105039670 57092072424 1639472705 7 37284523 1744798936
======================
   8      33 sdc1 80305481 255782 4526054570 105376307 70871287 105041455 57094758152 1639595511 1 37289526 1744924232
======================
   8      33 sdc1 80305491 255782 4526054650 105380757 70871661 105043350 57097422088 1639774809 29 37294529 1745117932
======================
   8      33 sdc1 80305503 255782 4526054746 105385452 70872125 105045181 57100097048 1639956153 70 37299531 1745315866
======================
   8      33 sdc1 80305515 255782 4526054842 105388450 70872759 105046833 57102758432 1640463379 116 37304534 1745858439
======================
   8      33 sdc1 80305524 255782 4526054914 105392261 70873187 105048379 57105430680 1640830746 59 37309536 1746197059
======================
   8      33 sdc1 80305535 255782 4526055002 105396978 70873571 105050143 57108111104 1640971596 34 37314537 1746322207
======================
   8      33 sdc1 80305546 255782 4526055090 105401641 70873914 105051923 57110771216 1641075958 30 37319539 1746433948
======================
   8      33 sdc1 80305556 255782 4526055170 105406366 70874253 105053709 57113429800 1641209764 23 37324540 1746571323
======================
started
   8      33 sdc1 80305681 255782 4526056164 105408400 70874473 105054576 57114872184 1641270795 0 37327296 1746631461
======================
   8      33 sdc1 80310258 260019 4528284892 105541513 70874473 105054576 57114872184 1641270795 33 37331358 1746765035
======================
   8      33 sdc1 80315876 265301 4531075292 105706279 70874475 105054580 57114872232 1641270887 33 37336360 1746929922
======================
   8      33 sdc1 80321505 270587 4533868764 105871144 70874475 105054580 57114872232 1641270887 33 37341362 1747094769
======================
   8      33 sdc1 80327160 275876 4536662748 106036779 70874475 105054580 57114872232 1641270887 33 37346363 1747260394
======================
   8      33 sdc1 80332788 281162 4539456732 106201589 70874475 105054580 57114872232 1641270887 33 37351365 1747425187
======================
   8      33 sdc1 80338415 286450 4542250204 106366438 70874477 105054582 57114872264 1641270945 33 37356367 1747590105
======================
   8      33 sdc1 80344071 291740 4545044188 106532056 70874477 105054582 57114872264 1641270945 33 37361369 1747755734
======================
   8      33 sdc1 80349699 297027 4547838172 106696896 70874477 105054582 57114872264 1641270945 33 37366371 1747920568
======================
   8      33 sdc1 80355326 302313 4550631644 106861711 70874477 105054582 57114872264 1641270945 33 37371373 1748085384
======================
   8      33 sdc1 80360982 307600 4553425116 107027398 70874477 105054582 57114872264 1641270945 33 37376374 1748251051
======================
   8      33 sdc1 80366611 312888 4556219612 107192236 70874477 105054582 57114872264 1641270945 33 37381377 1748415896
======================
   8      33 sdc1 80372240 318177 4559013596 107357126 70874477 105054582 57114872264 1641270945 33 37386378 1748580755
======================
   8      33 sdc1 80377997 323561 4561857756 107525773 70874477 105054582 57114872264 1641270945 33 37391471 1748749450
======================
   8      33 sdc1 80383624 328849 4564651228 107690572 70874477 105054582 57114872264 1641270945 33 37396472 1748914244
======================
   8      33 sdc1 80389253 334135 4567445724 107855418 70874477 105054582 57114872264 1641270945 32 37401474 1749079046
======================
   8      33 sdc1 80394908 339424 4570239196 108021043 70874477 105054582 57114872264 1641270945 33 37406476 1749244693
======================
   8      33 sdc1 80400535 344711 4573033180 108185882 70874477 105054582 57114872264 1641270945 33 37411478 1749409547
======================
   8      33 sdc1 80406163 349999 4575827164 108350702 70874477 105054582 57114872264 1641270945 33 37416480 1749574357
======================
   8      33 sdc1 80411819 355288 4578620636 108516425 70874477 105054582 57114872264 1641270945 33 37421481 1749740074
======================
   8      33 sdc1 80417447 360574 4581414620 108681288 70874477 105054582 57114872264 1641270945 33 37426483 1749904920
======================
   8      33 sdc1 80423075 365862 4584208604 108846112 70874477 105054582 57114872264 1641270945 33 37431485 1750069739
======================
   8      33 sdc1 80428732 371151 4587002076 109011828 70874477 105054582 57114872264 1641270945 33 37436486 1750235455
======================
   8      33 sdc1 80434359 376438 4589796060 109176659 70874477 105054582 57114872264 1641270945 33 37441488 1750400295
======================
   8      33 sdc1 80439988 381725 4592590044 109341510 70874477 105054582 57114872264 1641270945 33 37446490 1750565100
======================
   8      33 sdc1 80445646 387014 4595384028 109507244 70874477 105054582 57114872264 1641270945 33 37451493 1750730850
======================
   8      33 sdc1 80451273 392301 4598178012 109672061 70874477 105054582 57114872264 1641270945 33 37456495 1750895680
======================
   8      33 sdc1 80456900 397587 4600971484 109836870 70874477 105054582 57114872264 1641270945 33 37461496 1751060480
======================
   8      33 sdc1 80462528 402874 4603765468 110001719 70874477 105054582 57114872264 1641270945 33 37466498 1751225330
======================
   8      33 sdc1 80468186 408162 4606559452 110167412 70874477 105054582 57114872264 1641270945 33 37471500 1751391008
======================
   8      33 sdc1 80473813 413448 4609352924 110332199 70874477 105054582 57114872264 1641270945 33 37476501 1751555791
======================
   8      33 sdc1 80479440 418735 4612146908 110497025 70874477 105054582 57114872264 1641270945 33 37481503 1751720632
======================
   8      33 sdc1 80485097 424024 4614940892 110662654 70874477 105054582 57114872264 1641270945 33 37486505 1751886255
======================
   8      33 sdc1 80490725 429310 4617734876 110827494 70874477 105054582 57114872264 1641270945 33 37491507 1752051080
======================
   8      33 sdc1 80496353 434599 4620528860 110992302 70874477 105054582 57114872264 1641270945 33 37496509 1752215896
======================
   8      33 sdc1 80502008 439887 4623322332 111157943 70874477 105054582 57114872264 1641270945 33 37501510 1752381524
======================
   8      33 sdc1 80507634 445173 4626115804 111322723 70874477 105054582 57114872264 1641270945 33 37506511 1752546313
======================
   8      33 sdc1 80513265 450462 4628910812 111487631 70874477 105054582 57114872264 1641270945 33 37511515 1752711207
======================
   8      33 sdc1 80518919 455751 4631704284 111653258 70874477 105054582 57114872264 1641270945 33 37516516 1752876846
======================
   8      33 sdc1 80524547 461037 4634498268 111818102 70874477 105054582 57114872264 1641270945 33 37521518 1753041673
======================
   8      33 sdc1 80530175 466326 4637292252 111982931 70874477 105054582 57114872264 1641270945 33 37526520 1753206517
======================
   8      33 sdc1 80535832 471613 4640086236 112148593 70874477 105054582 57114872264 1641270945 32 37531522 1753372160
======================
   8      33 sdc1 80541460 476901 4642880220 112313441 70874477 105054582 57114872264 1641270945 33 37536524 1753537006
======================
   8      33 sdc1 80547087 482187 4645673692 112478221 70874477 105054582 57114872264 1641270945 33 37541525 1753701783
======================
   8      33 sdc1 80552742 487476 4648467164 112643806 70874477 105054582 57114872264 1641270945 33 37546527 1753867411
======================
   8      33 sdc1 80558371 492762 4651261148 112808699 70874477 105054582 57114872264 1641270945 33 37551528 1754032238
