======================
   8      33 sdc1 79557817 17792 4274361036 96870509 70816419 102809443 55727904032 1618916155 0 36100293 1715739613
======================
   8      33 sdc1 79557834 17792 4274361172 96873996 70816626 102811242 55730200480 1618978943 15 36104600 1715808931
======================
   8      33 sdc1 79557845 17792 4274361260 96878232 70816780 102813203 55732822176 1619031529 17 36109566 1715863498
======================
   8      33 sdc1 79557855 17792 4274361340 96882598 70816934 102815127 55735457440 1619096364 13 36114568 1715937495
======================
   8      33 sdc1 79557866 17792 4274361428 96887261 70817078 102817079 55737950624 1619150453 19 36119282 1715993036
======================
   8      33 sdc1 79557877 17792 4274361516 96891054 70817228 102819017 55740573536 1619199761 18 36124220 1716052009
======================
   8      33 sdc1 79557887 17792 4274361596 96895062 70817375 102820971 55743185448 1619277223 19 36129131 1716129694
======================
   8      33 sdc1 79557897 17792 4274361676 96899289 70817520 102822632 55745730728 1619339928 0 36133922 1716192163
======================
   8      33 sdc1 79557908 17792 4274361764 96903529 70817684 102824729 55748340552 1619393744 8 36138871 1716252581
======================
   8      33 sdc1 79557918 17792 4274361844 96907872 70817833 102826679 55750892552 1619435166 12 36143752 1716297602
======================
   8      33 sdc1 79557929 17792 4274361932 96912145 70817974 102828629 55753253320 1619488691 27 36148240 1716357039
======================
   8      33 sdc1 79557939 17792 4274362012 96915939 70818119 102830388 55755716424 1619559053 21 36152867 1716433919
======================
   8      33 sdc1 79557949 17792 4274362092 96920379 70818271 102832209 55758429568 1619630067 22 36157961 1716511345
======================
   8      33 sdc1 79557960 17792 4274362180 96924883 70818650 102834041 55761061896 1619742963 26 36162945 1716622248
======================
   8      33 sdc1 79557971 17792 4274362268 96928966 70818928 102835923 55763576312 1619838365 41 36167705 1716726037
======================
   8      33 sdc1 79557980 17792 4274362340 96932928 70819206 102837562 55766125368 1619938232 16 36172510 1716829084
======================
   8      33 sdc1 79557991 17792 4274362428 96937056 70819498 102839371 55768783736 1620032153 15 36177513 1716926473
======================
   8      33 sdc1 79558002 17792 4274362516 96941727 70819776 102841017 55771275832 1620109528 0 36182235 1717004187
======================
   8      33 sdc1 79558012 17792 4274362596 96946127 70820041 102843006 55773819512 1620194357 38 36187045 1717098073
======================
   8      33 sdc1 79558022 17792 4274362676 96950166 70820312 102844646 55776308664 1620281014 23 36191744 1717189269
======================
   8      33 sdc1 79558031 17792 4274362748 96954170 70820593 102846271 55778785464 1620363809 10 36196393 1717274291
======================
   8      33 sdc1 79558043 17792 4274362844 96958588 70820884 102848319 55781429272 1620461121 35 36201384 1717379738
======================
   8      33 sdc1 79558054 17792 4274362932 96962576 70821172 102850133 55784083616 1620578468 30 36206371 1717497927
======================
   8      33 sdc1 79558065 17792 4274363020 96967267 70821455 102851951 55786739296 1620686276 28 36211374 1717607594
======================
   8      33 sdc1 79558076 17792 4274363108 96971517 70821779 102853666 55789359520 1620778485 130 36216279 1717728347
======================
   8      33 sdc1 79558086 17792 4274363188 96975420 70822210 102855388 55792016560 1620999812 26 36221280 1717935765
======================
   8      33 sdc1 79558095 17792 4274363260 96979296 70822505 102856994 55794438832 1621106129 18 36225842 1718049976
======================
   8      33 sdc1 79558105 17792 4274363340 96983871 70822814 102858664 55796895824 1621208191 7 36230431 1718147266
======================
   8      33 sdc1 79558116 17792 4274363428 96988495 70823138 102860445 55799544784 1621310683 3 36235430 1718253384
======================
   8      33 sdc1 79558126 17792 4274363508 96993057 70823446 102862215 55801983440 1621399649 26 36240051 1718348336
======================
   8      33 sdc1 79558137 17792 4274363596 96997215 70823759 102863983 55804552784 1621508042 30 36244883 1718463814
======================
   8      33 sdc1 79558147 17792 4274363676 97001021 70824061 102865591 55807055640 1621597249 14 36249638 1718557767
======================
   8      33 sdc1 79558157 17792 4274363756 97005385 70824375 102867373 55809626712 1621692777 19 36254475 1718657238
======================
   8      33 sdc1 79558168 17792 4274363844 97009960 70824702 102869145 55812289368 1621798898 13 36259478 1718766666
======================
   8      33 sdc1 79558179 17792 4274363932 97013993 70825024 102870921 55814923032 1621886051 12 36264441 1718857171
======================
   8      33 sdc1 79558189 17792 4274364012 97018070 70825347 102872750 55817528704 1621978524 11 36269385 1718955368
======================
   8      33 sdc1 79558199 17792 4274364092 97022433 70825655 102874339 55819933256 1622071200 9 36273910 1719050300
======================
   8      33 sdc1 79558210 17792 4274364180 97025896 70826103 102875968 55822365208 1622319702 35 36278487 1719304952
======================
   8      33 sdc1 79558220 17792 4274364260 97030446 70826457 102877730 55825035920 1622456215 24 36283490 1719447446
======================
   8      33 sdc1 79558231 17792 4274364348 97034953 70826784 102879484 55827550864 1622571278 40 36288225 1719562423
======================
   8      33 sdc1 79558241 17792 4274364428 97038840 70827112 102881074 55830068752 1622673722 17 36292965 1719669552
======================
   8      33 sdc1 79558251 17792 4274364508 97042872 70827466 102882880 55832648392 1622767497 22 36297867 1719767232
======================
   8      33 sdc1 79558261 17792 4274364588 97046659 70827788 102884466 55835153928 1622849833 4 36302627 1719851908
======================
   8      33 sdc1 79558273 17792 4274364684 97051807 70828130 102886351 55837800200 1622969884 26 36307628 1719974869
======================
   8      33 sdc1 79558282 17792 4274364756 97055404 70828485 102887967 55840371016 1623082970 9 36312440 1720095909
======================
   8      33 sdc1 79558294 17792 4274364852 97060117 70828834 102889902 55843011912 1623210619 38 36317416 1720226270
======================
   8      33 sdc1 79558303 17792 4274364924 97063945 70829188 102891472 55845610128 1623310767 7 36322316 1720330492
======================
   8      33 sdc1 79558314 17792 4274365012 97068212 70829543 102893291 55848237920 1623402927 7 36327287 1720426770
======================
   8      33 sdc1 79558325 17792 4274365100 97072763 70829913 102894953 55850681960 1623496516 82 36331932 1720526066
======================
   8      33 sdc1 79558335 17792 4274365180 97076967 70830364 102896681 55853344488 1623836600 25 36336940 1720870400
started
======================
   8      33 sdc1 79559481 17792 4274627806 97078594 70830437 102896844 55853743672 1623850601 2 36338266 1720882052
======================
   8      33 sdc1 79570868 17792 4277542878 97088450 70830437 102896844 55853743672 1623850601 2 36343547 1720891892
======================
   8      33 sdc1 79581639 17794 4280300766 97097726 70830439 102896846 55853743704 1623850609 2 36348550 1720901168
======================
   8      33 sdc1 79592427 17794 4283062494 97107015 70830439 102896846 55853743704 1623850609 2 36353552 1720910443
======================
   8      33 sdc1 79603223 17794 4285826270 97116304 70830439 102896846 55853743704 1623850609 2 36358556 1720919723
======================
   8      33 sdc1 79614012 17794 4288588254 97125601 70830439 102896846 55853743704 1623850609 2 36363559 1720929014
======================
   8      33 sdc1 79624806 17794 4291351518 97134910 70830441 102896846 55853743720 1623850609 2 36368562 1720938310
======================
   8      33 sdc1 79635600 17794 4294114782 97144229 70830441 102896846 55853743720 1623850609 2 36373565 1720947618
======================
   8      33 sdc1 79646397 17794 4296878814 97153513 70830441 102896846 55853743720 1623850609 2 36378568 1720956897
======================
   8      33 sdc1 79657190 17794 4299641822 97162800 70830441 102896846 55853743720 1623850609 2 36383571 1720966170
======================
   8      33 sdc1 79667948 17794 4302395870 97172072 70830441 102896846 55853743720 1623850609 2 36388558 1720975437
======================
   8      33 sdc1 79678743 17794 4305159390 97181346 70830441 102896846 55853743720 1623850609 1 36393561 1720984703
======================
   8      33 sdc1 79689531 17794 4307921118 97190618 70830441 102896846 55853743720 1623850609 2 36398563 1720993966
======================
   8      33 sdc1 79700516 17794 4310733278 97200064 70830441 102896846 55853743720 1623850609 2 36403654 1721003395
======================
   8      33 sdc1 79711311 17794 4313496798 97209359 70830441 102896846 55853743720 1623850609 2 36408657 1721012672
======================
   8      33 sdc1 79722105 17794 4316260062 97218649 70830441 102896846 55853743720 1623850609 2 36413660 1721021952
======================
   8      33 sdc1 79732886 17794 4319019998 97227917 70830441 102896846 55853743720 1623850609 2 36418658 1721031213
======================
   8      33 sdc1 79743681 17794 4321783518 97237185 70830441 102896846 55853743720 1623850609 2 36423661 1721040470
======================
   8      33 sdc1 79754477 17794 4324547294 97246481 70830441 102896846 55853743720 1623850609 2 36428663 1721049753
======================
   8      33 sdc1 79765270 17794 4327310302 97255775 70830441 102896846 55853743720 1623850609 2 36433666 1721059038
======================
   8      33 sdc1 79776064 17794 4330073566 97265073 70830441 102896846 55853743720 1623850609 2 36438669 1721068320
======================
   8      33 sdc1 79786860 17794 4332837342 97274385 70830441 102896846 55853743720 1623850609 2 36443672 1721077622
======================
   8      33 sdc1 79797651 17794 4335600094 97283686 70830441 102896846 55853743720 1623850609 2 36448674 1721086915
======================
   8      33 sdc1 79808445 17794 4338363102 97292972 70830441 102896846 55853743720 1623850609 2 36453677 1721096191
======================
   8      33 sdc1 79819239 17794 4341126366 97302258 70830441 102896846 55853743720 1623850609 2 36458680 1721105464
======================
   8      33 sdc1 79830141 17794 4343917278 97311643 70830441 102896846 55853743720 1623850609 2 36463732 1721114840
======================
   8      33 sdc1 79840926 17794 4346678238 97320921 70830441 102896846 55853743720 1623850609 2 36468731 1721124109
======================
   8      33 sdc1 79851721 17794 4349441758 97330198 70830441 102896846 55853743720 1623850609 2 36473734 1721133375
======================
   8      33 sdc1 79862517 17794 4352205534 97339495 70830441 102896846 55853743720 1623850609 2 36478737 1721142665
======================
   8      33 sdc1 79873272 17794 4354958814 97348763 70830441 102896846 55853743720 1623850609 2 36483722 1721151920
======================
   8      33 sdc1 79884066 17794 4357722078 97358033 70830441 102896846 55853743720 1623850609 2 36488725 1721161181
======================
   8      33 sdc1 79894860 17794 4360485342 97367301 70830441 102896846 55853743720 1623850609 2 36493727 1721170439
======================
   8      33 sdc1 79905646 17794 4363246558 97376573 70830441 102896846 55853743720 1623850609 2 36498727 1721179701
======================
   8      33 sdc1 79916438 17794 4366009062 97385857 70830441 102896846 55853743720 1623850609 2 36503730 1721188970
======================
   8      33 sdc1 79927229 17794 4368771558 97395135 70830441 102896846 55853743720 1623850609 2 36508734 1721198239
======================
   8      33 sdc1 79938022 17794 4371534566 97404408 70830441 102896846 55853743720 1623850609 2 36513734 1721207505
======================
   8      33 sdc1 79948816 17794 4374297830 97413704 70830441 102896846 55853743720 1623850609 2 36518737 1721216791
======================
   8      33 sdc1 79959613 17794 4377061862 97422993 70830441 102896846 55853743720 1623850609 1 36523741 1721226072
======================
   8      33 sdc1 79970403 17794 4379824102 97432274 70830441 102896846 55853743720 1623850609 2 36528741 1721235342
======================
   8      33 sdc1 79981195 17794 4382586854 97441552 70830441 102896846 55853743720 1623850609 2 36533744 1721244614
======================
   8      33 sdc1 79991991 17794 4385350630 97450852 70830441 102896846 55853743720 1623850609 2 36538747 1721253903
======================
   8      33 sdc1 80002789 17794 4388114918 97460145 70830441 102896846 55853743720 1623850609 2 36543751 1721263183
======================
   8      33 sdc1 80013585 17794 4390878694 97469443 70830441 102896846 55853743720 1623850609 2 36548755 1721272468
======================
   8      33 sdc1 80024379 17794 4393641958 97478738 70830441 102896846 55853743720 1623850609 1 36553757 1721281743
======================
   8      33 sdc1 80035172 17794 4396404966 97488035 70830441 102896846 55853743720 1623850609 2 36558760 1721291026
======================
   8      33 sdc1 80045968 17794 4399168742 97497326 70830441 102896846 55853743720 1623850609 2 36563763 1721300309
