======================
   8      33 sdc1 95932546 969844 5221616456 132279053 103941031 120084914 66689786264 2047779919 0 45215754 2179997916
======================
   8      33 sdc1 95932563 969844 5221616592 132282601 103941279 120086672 66692082712 2047865974 15 45220069 2180090604
======================
   8      33 sdc1 95932574 969844 5221616680 132286857 103941430 120088637 66694685344 2047918814 17 45225038 2180145208
======================
   8      33 sdc1 95932584 969844 5221616760 132291407 103941582 120090563 66697331360 2047981171 13 45230038 2180214448
======================
   8      33 sdc1 95932594 969844 5221616840 132295570 103941728 120092317 66699813792 2048029536 6 45234774 2180266077
======================
   8      33 sdc1 95932606 969844 5221616936 132299770 103941877 120094448 66702399648 2048072627 22 45239714 2180317595
======================
   8      33 sdc1 95932616 969844 5221617016 132304084 103942030 120096394 66705040544 2048151254 21 45244672 2180400720
======================
   8      33 sdc1 95932627 969844 5221617104 132308061 103942184 120098342 66707697576 2048222870 18 45249675 2180472133
======================
   8      33 sdc1 95932637 969844 5221617184 132312324 103942349 120100159 66710325344 2048281723 3 45254677 2180534439
======================
   8      33 sdc1 95932648 969844 5221617272 132316784 103942497 120102302 66712889568 2048323935 21 45259595 2180585368
======================
   8      33 sdc1 95932658 969844 5221617352 132320735 103942644 120104058 66715415528 2048395635 11 45264361 2180661175
======================
   8      33 sdc1 95932669 969844 5221617440 132325087 103942783 120106011 66717867624 2048460245 20 45268966 2180728663
======================
   8      33 sdc1 95932678 969844 5221617512 132329291 103942959 120107716 66720493472 2048530777 16 45273952 2180801532
======================
   8      33 sdc1 95932689 969844 5221617600 132333764 103943396 120109396 66723128496 2048689244 7 45278953 2180964832
======================
   8      33 sdc1 95932700 969844 5221617688 132337899 103943686 120111190 66725651760 2048775532 21 45283743 2181060009
======================
   8      33 sdc1 95932710 969844 5221617768 132342321 103943987 120113051 66728196192 2048876716 24 45288605 2181159968
======================
   8      33 sdc1 95932720 969844 5221617848 132346090 103944264 120114685 66730733152 2048954533 7 45293425 2181242395
======================
   8      33 sdc1 95932731 969844 5221617936 132350838 103944530 120116333 66733166304 2049032358 0 45298074 2181322124
======================
   8      33 sdc1 95932741 969844 5221618016 132355264 103944806 120118324 66735749600 2049133393 29 45302952 2181430154
======================
   8      33 sdc1 95932752 969844 5221618104 132359338 103945080 120120000 66738261856 2049217771 20 45307701 2181519890
======================
   8      33 sdc1 95932762 969844 5221618184 132363458 103945357 120121769 66740786464 2049293314 25 45312468 2181597620
======================
   8      33 sdc1 95932772 969844 5221618264 132367733 103945645 120123642 66743299288 2049374091 38 45317224 2181685314
======================
   8      33 sdc1 95932782 969844 5221618344 132371766 103945937 120125272 66745938848 2049482908 6 45322226 2181794102
======================
   8      33 sdc1 95932793 969844 5221618432 132376337 103946218 120127101 66748602592 2049573415 2 45327228 2181889454
======================
   8      33 sdc1 95932804 969844 5221618520 132380510 103946539 120128940 66751206432 2049657245 135 45332125 2181994598
======================
   8      33 sdc1 95932815 969844 5221618608 132384168 103947039 120130650 66753898928 2049924388 25 45337177 2182260297
======================
   8      33 sdc1 95932825 969844 5221618688 132388690 103947352 120132242 66756373040 2050037827 12 45341823 2182368887
======================
   8      33 sdc1 95932836 969844 5221618776 132392898 103947678 120134179 66758949744 2050135555 41 45346667 2182470784
======================
   8      33 sdc1 95932846 969844 5221618856 132397403 103947995 120135864 66761577272 2050221732 17 45351667 2182561952
======================
   8      33 sdc1 95932856 969844 5221618936 132401651 103948309 120137645 66764178424 2050311111 18 45356588 2182655268
======================
   8      33 sdc1 95932867 969844 5221619024 132405887 103948612 120139427 66766715128 2050420082 29 45361373 2182766025
======================
   8      33 sdc1 95932878 969844 5221619112 132409974 103948934 120141204 66769360056 2050530569 26 45366374 2182881448
======================
   8      33 sdc1 95932888 969844 5221619192 132414113 103949256 120142983 66772002040 2050632205 22 45371376 2182987947
======================
   8      33 sdc1 95932899 969844 5221619280 132418764 103949570 120144582 66774547320 2050732787 0 45376161 2183090437
======================
   8      33 sdc1 95932909 969844 5221619360 132422873 103949882 120146332 66777068856 2050832088 11 45380900 2183198316
======================
   8      33 sdc1 95932919 969844 5221619440 132427464 103950175 120148061 66779495416 2050914454 24 45385468 2183281014
======================
   8      33 sdc1 95932929 969844 5221619520 132431300 103950523 120149679 66781993120 2051009003 66 45390192 2183396206
======================
   8      33 sdc1 95932940 969844 5221619608 132434918 103950994 120151354 66784524456 2051213105 28 45394963 2183592274
======================
   8      33 sdc1 95932950 969844 5221619688 132439590 103951345 120153041 66787184424 2051311355 11 45399965 2183692261
======================
   8      33 sdc1 95932961 969844 5221619776 132443722 103951685 120154874 66789754152 2051429474 30 45404800 2183819351
======================
   8      33 sdc1 95932972 969844 5221619864 132448164 103952017 120156631 66792290856 2051542371 39 45409585 2183934075
======================
   8      33 sdc1 95932982 969844 5221619944 132452251 103952354 120158390 66794945192 2051649865 39 45414581 2184043185
======================
   8      33 sdc1 95932992 969844 5221620024 132456122 103952691 120160048 66797537512 2051742323 8 45419496 2184140454
======================
   8      33 sdc1 95933004 969844 5221620120 132460716 103953037 120161979 66800159080 2051834155 44 45424463 2184237146
======================
   8      33 sdc1 95933013 969844 5221620192 132465016 103953383 120163563 66802810480 2051951211 3 45429464 2184356451
======================
   8      33 sdc1 95933024 969844 5221620280 132469485 103953694 120165329 66805212464 2052066564 31 45433981 2184481497
======================
   8      33 sdc1 95933035 969844 5221620368 132473932 103954048 120167064 66807740976 2052189457 42 45438759 2184606379
======================
   8      33 sdc1 95933044 969844 5221620440 132477587 103954388 120168652 66810389944 2052299609 7 45443727 2184719103
======================
   8      33 sdc1 95933056 969844 5221620536 132481764 103954832 120170477 66812887160 2052439071 113 45448419 2184893647
======================
   8      33 sdc1 95933066 969844 5221620616 132485634 103955253 120172012 66815546328 2052828857 11 45453423 2185256114
started
======================
   8      33 sdc1 95934036 969844 5221865066 132486677 103955284 120172035 66815625904 2052832473 1 45454171 2185257986
======================
   8      33 sdc1 95942085 969846 5224181354 132495190 103955286 120172037 66815625936 2052832481 2 45459167 2185266497
======================
   8      33 sdc1 95950106 969846 5226487658 132503620 103955286 120172037 66815625936 2052832481 2 45464117 2185274918
======================
   8      33 sdc1 95958123 969846 5228789610 132512059 103955286 120172037 66815625936 2052832481 2 45469049 2185283347
======================
   8      33 sdc1 95966164 969846 5231091306 132520532 103955286 120172037 66815625936 2052832481 2 45473982 2185291810
======================
   8      33 sdc1 95974149 969846 5233373546 132529004 103955286 120172037 66815625936 2052832481 1 45478919 2185300270
======================
   8      33 sdc1 95982210 969846 5235671914 132537469 103955288 120172037 66815625952 2052832481 1 45483841 2185308724
======================
   8      33 sdc1 95990287 969846 5237971818 132545928 103955288 120172037 66815625952 2052832481 2 45488754 2185317176
======================
   8      33 sdc1 95998375 969846 5240269930 132554380 103955288 120172037 66815625952 2052832481 2 45493671 2185325621
======================
   8      33 sdc1 96006459 969846 5242561642 132562883 103955288 120172037 66815625952 2052832481 2 45498610 2185334110
======================
   8      33 sdc1 96014534 969846 5244848490 132571331 103955288 120172037 66815625952 2052832481 1 45503524 2185342539
======================
   8      33 sdc1 96022636 969846 5247139178 132579772 103955288 120172037 66815625952 2052832481 1 45508448 2185350968
======================
   8      33 sdc1 96030735 969846 5249428074 132588223 103955288 120172037 66815625952 2052832481 1 45513364 2185359408
======================
   8      33 sdc1 96038797 969846 5251705962 132596652 103955288 120172037 66815625952 2052832481 1 45518279 2185367825
======================
   8      33 sdc1 96046884 969846 5253978474 132605077 103955288 120172037 66815625952 2052832481 2 45523185 2185376244
======================
   8      33 sdc1 96055132 969846 5256300906 132613658 103955288 120172037 66815625952 2052832481 1 45528180 2185384816
======================
   8      33 sdc1 96063238 969846 5258581354 132622085 103955288 120172037 66815625952 2052832481 1 45533086 2185393229
======================
   8      33 sdc1 96071310 969846 5260856410 132630493 103955288 120172037 66815625952 2052832481 1 45537985 2185401626
======================
   8      33 sdc1 96079370 969846 5263132506 132638912 103955288 120172037 66815625952 2052832481 2 45542900 2185410033
======================
   8      33 sdc1 96087464 969846 5265413722 132647334 103955288 120172037 66815625952 2052832481 1 45547820 2185418447
======================
   8      33 sdc1 96095537 969846 5267688594 132655742 103955288 120172037 66815625952 2052832481 2 45552728 2185426843
======================
   8      33 sdc1 96103571 969846 5269961818 132664080 103955288 120172037 66815625952 2052832481 2 45557617 2185435173
======================
   8      33 sdc1 96111644 969846 5272240866 132672470 103955288 120172037 66815625952 2052832481 2 45562524 2185443550
======================
   8      33 sdc1 96119658 969846 5274513122 132680789 103955288 120172037 66815625952 2052832481 2 45567423 2185451862
======================
   8      33 sdc1 96127667 969846 5276783738 132689123 103955288 120172037 66815625952 2052832481 2 45572310 2185460186
======================
   8      33 sdc1 96135660 969846 5279051402 132697430 103955288 120172037 66815625952 2052832481 2 45577219 2185468482
======================
   8      33 sdc1 96143695 969846 5281326474 132705782 103955288 120172037 66815625952 2052832481 1 45582127 2185476828
======================
   8      33 sdc1 96151706 969846 5283596170 132714140 103955288 120172037 66815625952 2052832481 1 45587036 2185485176
======================
   8      33 sdc1 96159707 969846 5285867914 132722456 103955288 120172037 66815625952 2052832481 2 45591938 2185493484
======================
   8      33 sdc1 96167700 969846 5288138634 132730770 103955288 120172037 66815625952 2052832481 2 45596835 2185501788
======================
   8      33 sdc1 96175724 969846 5290416778 132739113 103955288 120172037 66815625952 2052832481 2 45601720 2185510122
======================
   8      33 sdc1 96183729 969846 5292692458 132747440 103955288 120172037 66815625952 2052832481 2 45606617 2185518437
======================
   8      33 sdc1 96191730 969846 5294965738 132755748 103955288 120172037 66815625952 2052832481 2 45611502 2185526737
======================
   8      33 sdc1 96199731 969846 5297241322 132764107 103955288 120172037 66815625952 2052832481 2 45616416 2185535088
======================
   8      33 sdc1 96207755 969846 5299516906 132772455 103955288 120172037 66815625952 2052832481 2 45621319 2185543432
======================
   8      33 sdc1 96215724 969846 5301785322 132780734 103955288 120172037 66815625952 2052832481 2 45626216 2185551703
======================
   8      33 sdc1 96223727 969846 5304062594 132789040 103955288 120172037 66815625952 2052832481 2 45631111 2185560004
======================
   8      33 sdc1 96231722 969846 5306332802 132797357 103955288 120172037 66815625952 2052832481 1 45635991 2185568310
======================
   8      33 sdc1 96239706 969846 5308606850 132805611 103955288 120172037 66815625952 2052832481 1 45640887 2185576555
======================
   8      33 sdc1 96247681 969846 5310876642 132813952 103955288 120172037 66815625952 2052832481 2 45645787 2185584889
======================
   8      33 sdc1 96255663 969846 5313150570 132822255 103955288 120172037 66815625952 2052832481 1 45650689 2185593179
======================
   8      33 sdc1 96263635 969846 5315417450 132830528 103955288 120172037 66815625952 2052832481 2 45655586 2185601443
======================
   8      33 sdc1 96271632 969846 5317688994 132838797 103955288 120172037 66815625952 2052832481 1 45660491 2185609705
======================
   8      33 sdc1 96279618 969846 5319964834 132847081 103955288 120172037 66815625952 2052832481 2 45665382 2185617975
======================
   8      33 sdc1 96287630 969846 5322240930 132855381 103955288 120172037 66815625952 2052832481 2 45670284 2185626264
======================
   8      33 sdc1 96295618 969846 5324506834 132863697 103955288 120172037 66815625952 2052832481 2 45675182 2185634573
======================
   8      33 sdc1 96303625 969846 5326782418 132872012 103955288 120172037 66815625952 2052832481 2 45680089 2185642879
======================
   8      33 sdc1 96311617 969846 5329054162 132880297 103955288 120172037 66815625952 2052832481 1 45684963 2185651154
