======================
   8      33 sdc1 127116639 457403 6367072110 174346799 171256222 304351970 82251677224 2855599051 0 92207883 3031231053
======================
   8      33 sdc1 127116844 457403 6367073750 174346887 171259803 304501109 82252875104 2855725500 132 92210212 3031371881
======================
   8      33 sdc1 127116844 457403 6367073750 174346887 171301866 304621536 82254878568 2856067052 96 92214228 3031727680
======================
   8      33 sdc1 127116844 457403 6367073750 174346887 171346918 304737439 82257045208 2856507109 1 92218561 3032139244
======================
   8      33 sdc1 127116844 457403 6367073750 174346887 171389337 304853083 82259221584 2856959893 136 92222921 3032592164
======================
   8      33 sdc1 127116844 457403 6367073750 174346887 171428684 304947522 82261021232 2857344871 0 92226892 3032976891
======================
   8      33 sdc1 127116844 457403 6367073750 174346887 171469059 305060403 82263138256 2857817102 0 92231128 3033449110
======================
   8      33 sdc1 127116844 457403 6367073750 174346887 171506288 305161545 82265105816 2858212023 0 92235077 3033844014
======================
   8      33 sdc1 127116844 457403 6367073750 174346887 171542946 305280451 82267299584 2858671738 96 92239565 3034330022
======================
   8      33 sdc1 127116847 457403 6367073774 174347186 171585890 305401118 82270053192 2859272133 143 92245292 3034930523
======================
   8      33 sdc1 127116911 457403 6367074286 174348194 171616374 305498787 82271749288 2859622249 60 92248888 3035274788
======================
   8      33 sdc1 127116947 457403 6367074574 174349183 171653041 305606162 82273904880 2860044933 61 92253258 3035698187
======================
   8      33 sdc1 127116982 457403 6367074854 174350011 171693134 305722326 82276238696 2860503416 144 92257964 3036166253
======================
   8      33 sdc1 127117035 457403 6367075278 174351752 171734916 305829084 82278514992 2860967931 0 92262552 3036604712
======================
   8      33 sdc1 127117056 457403 6367075446 174352530 171771508 305934326 82280448000 2861268650 0 92266492 3036906194
======================
   8      33 sdc1 127117068 457403 6367075542 174352976 171811970 306034400 82282520552 2861693429 0 92270679 3037331408
======================
   8      33 sdc1 127117087 457403 6367075694 174353724 171840307 306144344 82284569544 2862044337 137 92274776 3037711627
======================
   8      33 sdc1 127117101 457403 6367075806 174353898 171875649 306242486 82286465056 2862467105 0 92278623 3038105975
======================
   8      33 sdc1 127117126 457403 6367076006 174354705 171914680 306343967 82288446408 2862843646 0 92282658 3038483302
======================
   8      33 sdc1 127117138 457403 6367076102 174355337 171947890 306446655 82290355600 2863230295 0 92286524 3038870575
======================
   8      33 sdc1 127117150 457403 6367076198 174355781 171984982 306556323 82292629216 2863682545 48 92291103 3039323386
======================
   8      33 sdc1 127117179 457403 6367076430 174356573 172020518 306665357 82294731112 2864094721 0 92295350 3039736249
======================
   8      33 sdc1 127117248 457403 6367076982 174359599 172047086 306765835 82297015392 2864569499 146 92299848 3040236358
======================
   8      33 sdc1 127117357 457403 6367077854 174360760 172078653 306843241 82298313520 2864777204 0 92302561 3040422886
======================
   8      33 sdc1 127117435 457403 6367078478 174362357 172114472 306937983 82300066224 2865063255 0 92306139 3040710516
======================
   8      33 sdc1 127117574 457407 6367079622 174365330 172146494 307030876 82301924816 2865370846 0 92309897 3041021060
======================
   8      33 sdc1 127117686 457407 6367080518 174368830 172176033 307135726 82304390320 2865761945 0 92314753 3041415643
======================
   8      33 sdc1 127117757 457407 6367081086 174369201 172205461 307201852 82305382056 2865906889 0 92316875 3041560944
======================
   8      33 sdc1 127117823 457407 6367081614 174370850 172232499 307304667 82307577256 2866319853 141 92321178 3041992141
======================
   8      33 sdc1 127117887 457407 6367082126 174371463 172267653 307401048 82309244336 2866619173 0 92324703 3042275467
======================
   8      33 sdc1 127117928 457407 6367082454 174372825 172291811 307500774 82311430928 2867081711 152 92329167 3042763408
======================
   8      33 sdc1 127117984 457407 6367082902 174374092 172317015 307603522 82313329600 2867432143 153 92333023 3043119440
======================
   8      33 sdc1 127118050 457407 6367083430 174375093 172339021 307691425 82315114624 2867826879 63 92336623 3043500391
======================
   8      33 sdc1 127118059 457407 6367083502 174375582 172346264 307780637 82317826968 2868465810 0 92341810 3044126192
======================
started
   8      33 sdc1 127118059 457407 6367083502 174375582 172348753 307791040 82317930104 2868492703 0 92342068 3044153084
======================
   8      33 sdc1 127163429 516418 6368763806 174533958 172349010 307815543 82318102928 2868502071 27 92345812 3044323051
======================
   8      33 sdc1 127223263 518970 6370658406 174753214 172379404 307852383 82318667680 2868626004 100 92350777 3044664768
======================
   8      33 sdc1 127290121 521588 6372784726 174982397 172397730 307880082 82319037216 2868740617 63 92355770 3045008847
======================
   8      33 sdc1 127356433 527895 6374896454 175207846 172417053 307908541 82319421448 2868857943 33 92360760 3045352435
======================
   8      33 sdc1 127418978 530678 6376884854 175423067 172417084 307913386 82319460456 2868859189 48 92364765 3045568904
======================
   8      33 sdc1 127494662 534942 6379288878 175682296 172423599 307920867 82319572912 2868894241 56 92369761 3045863468
======================
   8      33 sdc1 127554778 536883 6381199822 175887678 172429683 307927468 82319674976 2868926794 52 92373763 3046101664
======================
   8      33 sdc1 127608758 538601 6382915046 176153795 172430457 307946901 82320530936 2869123082 23 92378764 3046564106
======================
   8      33 sdc1 127671031 540496 6384895630 176375246 172430495 307953006 82320580080 2869124877 50 92382766 3046787486
======================
   8      33 sdc1 127745592 542545 6387255390 176632508 172433548 307969852 82320739504 2869156482 9 92387739 3047076277
======================
   8      33 sdc1 127798971 544083 6388944222 176811033 172447981 307996517 82321066800 2869229169 80 92391768 3047336892
======================
   8      33 sdc1 127864020 545874 6391003110 177044107 172469649 308023854 82321462584 2869327407 76 92396691 3047659338
======================
   8      33 sdc1 127923058 547395 6392869598 177244724 172476347 308033367 82321592776 2869367942 67 92400658 3047900619
======================
   8      33 sdc1 127976815 549091 6394575622 177490041 172484557 308059563 82322430080 2869577302 49 92405647 3048357993
======================
   8      33 sdc1 128035730 550658 6396438446 177691305 172484671 308075897 82322576352 2869584522 20 92409597 3048565514
======================
   8      33 sdc1 128101362 552507 6398515390 177910271 172499437 308102723 82322927168 2869681862 157 92414438 3048885862
======================
   8      33 sdc1 128161742 554294 6400430206 178112823 172504255 308109598 82323027544 2869705460 98 92418426 3049106734
======================
   8      33 sdc1 128237794 556533 6402839294 178368128 172506695 308118248 82323116448 2869716211 31 92423363 3049372972
======================
   8      33 sdc1 128297210 558362 6404724990 178566408 172510651 308127218 82323220336 2869734233 77 92427302 3049589386
======================
   8      33 sdc1 128359890 560157 6406710822 178810970 172518820 308144458 82323695488 2869848299 143 92432292 3049973104
======================
   8      33 sdc1 128400693 561335 6408005990 178999441 172520312 308165563 82324222240 2870000149 93 92436003 3050288769
======================
   8      33 sdc1 128479912 562739 6410576598 179465647 172520328 308167996 82324241832 2870000607 100 92441004 3050755729
======================
   8      33 sdc1 128544037 563801 6412662510 179857473 172520331 308167997 82324241864 2870000626 98 92445011 3051147475
======================
   8      33 sdc1 128624397 564859 6415267702 180346953 172520333 308167998 82324241888 2870000640 99 92450013 3051637088
======================
   8      33 sdc1 128688425 566082 6417355406 180737144 172520335 308167999 82324241912 2870000654 100 92454020 3052027158
======================
   8      33 sdc1 128768431 567519 6419961238 181224693 172520337 308168000 82324241936 2870000667 99 92459021 3052514689
======================
   8      33 sdc1 128825130 568218 6421797582 181629280 172520883 308168009 82324927104 2870123539 99 92464023 3053042163
======================
   8      33 sdc1 128903998 569383 6424358254 182117658 172520922 308173187 82324968840 2870125262 100 92469024 3053532290
======================
   8      33 sdc1 128968226 570377 6426445198 182509397 172520924 308173188 82324968864 2870125276 100 92473031 3053923921
======================
   8      33 sdc1 129048359 571442 6429043174 182996197 172520926 308173189 82324968888 2870125289 99 92478020 3054410752
======================
   8      33 sdc1 129111209 572296 6431081766 183379195 172520928 308173190 82324968912 2870125303 99 92481935 3054793758
======================
   8      33 sdc1 129191177 573210 6433670022 183867996 172520930 308173191 82324968936 2870125317 99 92486905 3055282601
======================
   8      33 sdc1 129255239 574133 6435749542 184259430 172520932 308173192 82324968960 2870125330 97 92490898 3055673980
======================
   8      33 sdc1 129302280 574688 6437272638 184703341 172521579 308173199 82325782712 2870273446 100 92495528 3056265876
======================
   8      33 sdc1 129366236 575585 6439347966 185093625 172521581 308173200 82325782736 2870273460 100 92499514 3056656289
======================
   8      33 sdc1 129445741 576741 6441929214 185578739 172521583 308173201 82325782760 2870273473 100 92504469 3057141417
======================
   8      33 sdc1 129509448 577770 6444000766 185966041 172521585 308173202 82325782784 2870273487 99 92508449 3057529015
======================
   8      33 sdc1 129589288 578848 6446589918 186454347 172521587 308173203 82325782808 2870273499 91 92513420 3058016953
======================
   8      33 sdc1 129641280 579580 6448277374 186771160 172521589 308173204 82325782832 2870273512 0 92516662 3058333468
