======================
   8      17 sdb1 5197 0 42218 388500 677874 30686617 1128280800 188415708 0 1355496 188803832
started
======================
   8      17 sdb1 5200 0 42242 388500 677884 30686626 1128280952 188415720 0 1355508 188803844
======================
   8      17 sdb1 5200 0 42242 388500 677886 30686631 1128281008 188415728 0 1355516 188803852
======================
   8      17 sdb1 5200 0 42242 388500 677888 30686632 1128281032 188415736 0 1355524 188803860
======================
   8      17 sdb1 5200 0 42242 388500 677890 30686633 1128281056 188415744 0 1355532 188803868
======================
   8      17 sdb1 5200 0 42242 388500 677892 30686634 1128281080 188415752 0 1355540 188803876
======================
   8      17 sdb1 5200 0 42242 388500 677894 30686635 1128281104 188415760 0 1355548 188803884
