193.288
193.487
191.486
198.286
189.387
189.486
190.987
194.287
196.687
191.188
192.188
189.288
193.288
190.588
193.588
190.088
193.188
197.588
192.188
192.888
187.388
189.087
192.188
189.488
192.687
193.886
196.687
196.086
191.688
187.588
182.888
190.988
195.087
185.486
193.587
188.089
190.686
198.686
194.888
189.188
189.788
190.688
187.088
192.688
192.688
184.789
192.188
191.087
195.187
193.387
192.887
187.486
187.187
197.286
193.187
198.586
191.786
190.187
186.488
186.688
189.785
195.287
191.588
196.887
193.587
187.687
188.487
189.886
192.687
190.188
192.686
186.787
189.085
191.187
192.488
191.988
187.788
189.188
187.388
194.988
189.088
189.488
189.887
189.389
190.188
190.988
187.988
188.988
186.188
190.288
192.088
191.188
187.188
191.788
193.188
191.687
184.488
190.488
190.787
191.286
192.288
191.388
188.388
188.387
192.985
192.387
194.587
183.988
189.187
188.688
183.586
187.187
196.287
183.988
189.687
193.587
192.787
184.189
191.488
192.788
189.088
188.888
192.687
193.086
192.386
188.988
196.187
190.585
192.387
186.688
195.186
180.087
195.086
190.287
194.187
191.187
196.087
190.886
187.787
187.487
189.487
186.288
190.088
186.688
191.187
194.188
191.087
190.787
188.888
195.485
191.988
192.087
188.988
190.287
196.487
190.988
190.987
189.288
190.985
195.987
189.287
189.988
190.288
195.887
194.887
192.788
190.988
189.388
191.888
199.187
197.386
186.887
195.188
189.488
194.088
191.687
190.087
196.886
193.988
194.285
186.887
192.287
197.587
191.988
188.787
191.887
188.388
191.087
194.287
195.987
190.787
196.987
193.987
189.387
186.987
190.986
192.088
187.286
194.586
191.387
191.487
194.388
193.488
187.888
187.888
190.486
189.387
191.787
201.586
196.088
192.088
190.888
189.387
191.185
193.787
187.588
194.986
193.987
189.088
192.086
198.186
187.887
190.787
190.488
191.388
191.687
190.887
188.987
196.786
191.486
195.585
189.786
189.788
189.786
195.786
193.887
191.087
198.587
192.788
189.887
185.787
192.887
190.486
191.787
202.687
212.985
216.486
228.584
231.085
253.384
287.882
342.480
529.185
