38.897
38.697
39.197
38.897
39.497
39.497
38.797
39.697
40.297
39.297
38.597
38.897
39.297
38.897
39.497
39.597
38.997
38.997
39.497
39.397
39.497
40.097
39.797
38.597
40.297
38.897
38.997
39.997
39.397
38.797
39.797
39.497
38.997
39.597
39.297
38.997
38.597
38.897
38.797
38.597
39.997
39.797
39.397
39.597
39.697
39.897
39.797
39.397
39.397
38.697
39.296
38.797
39.097
39.597
39.197
38.197
38.997
38.397
38.997
38.897
40.197
39.497
39.497
39.897
39.497
39.697
39.197
39.197
40.196
39.797
40.397
39.097
39.397
39.497
39.397
39.897
40.196
39.497
39.597
39.397
39.997
39.997
39.997
39.397
39.997
40.197
40.197
39.597
38.797
39.497
39.997
40.097
39.197
39.397
39.597
38.897
38.797
39.797
38.797
40.097
38.997
39.397
39.997
39.297
39.597
38.897
39.397
38.897
38.997
39.097
39.197
38.897
39.297
39.397
39.197
39.397
39.397
39.297
39.097
38.997
39.097
39.097
39.197
39.297
39.597
38.597
39.697
40.597
39.697
39.497
39.397
38.597
38.997
39.397
39.897
39.197
39.197
38.997
39.097
38.597
39.497
39.197
38.697
38.397
38.997
39.197
38.897
39.197
39.497
38.997
39.097
39.397
38.897
40.197
39.497
45.296
25.497
