======================
   8      33 sdc1 170343685 1753036 9400347372 304161669 228212388 392771720 118567583576 4000166704 0 116967705 10719827
======================
   8      33 sdc1 170343700 1753036 9400347492 304164997 228212506 392773396 118569634264 4000216051 14 116971832 10775830
======================
   8      33 sdc1 170343710 1753036 9400347572 304168350 228212684 392775268 118572079984 4000290803 9 116976610 10857032
======================
   8      33 sdc1 170343720 1753036 9400347652 304173651 228212870 392778825 118574578088 4000343233 0 116981576 10908338
======================
   8      33 sdc1 170343730 1753036 9400347732 304177563 228213008 392780761 118576882240 4000392273 18 116986113 10962531
======================
   8      33 sdc1 170343741 1753036 9400347820 304181794 228213165 392782690 118579531208 4000443183 16 116991113 11020362
======================
   8      33 sdc1 170343751 1753036 9400347900 304186025 228213321 392784634 118582190928 4000499355 13 116996116 11079129
======================
   8      33 sdc1 170343762 1753036 9400347988 304190356 228213472 392786576 118584774344 4000547408 15 117001043 11130982
======================
   8      33 sdc1 170343773 1753036 9400348076 304194575 228213623 392788508 118587360464 4000592979 16 117005938 11180238
======================
   8      33 sdc1 170343783 1753036 9400348156 304198666 228213769 392790455 118589961360 4000637560 19 117010831 11229043
======================
   8      33 sdc1 170343794 1753036 9400348244 304203254 228213919 392792405 118592603600 4000687515 15 117015831 11283872
======================
   8      33 sdc1 170343805 1753036 9400348332 304207507 228214112 392795581 118595242128 4000749356 37 117020832 11357626
======================
   8      33 sdc1 170343815 1753036 9400348412 304211216 228214415 392797400 118597889568 4000844981 27 117025834 11449760
======================
   8      33 sdc1 170343826 1753036 9400348500 304215498 228214697 392799205 118600512496 4000947953 25 117030836 11562028
======================
   8      33 sdc1 170343836 1753036 9400348580 304219627 228214982 392800824 118603004336 4001048447 9 117035533 11662694
======================
   8      33 sdc1 170343846 1753036 9400348660 304224058 228215254 392802629 118605433584 4001136712 28 117040152 11756788
======================
   8      33 sdc1 170343857 1753036 9400348748 304228062 228215537 392804444 118608079608 4001230281 27 117045154 11858951
======================
   8      33 sdc1 170343867 1753036 9400348828 304232297 228215817 392806077 118610658744 4001315959 2 117050031 11940371
======================
   8      33 sdc1 170343878 1753036 9400348916 304236710 228216097 392807991 118613298296 4001411665 15 117055032 12041751
======================
   8      33 sdc1 170343889 1753036 9400349004 304240505 228216382 392809942 118615870960 4001515667 35 117059896 12151952
======================
   8      33 sdc1 170343899 1753036 9400349084 304244789 228216656 392811579 118618424304 4001604643 12 117064740 12243716
======================
   8      33 sdc1 170343908 1753036 9400349156 304248657 228216905 392813209 118620861488 4001694215 5 117069316 12336663
======================
   8      33 sdc1 170343921 1753036 9400349260 304253105 228217502 392814893 118623421552 4001934412 72 117074150 12612561
======================
   8      33 sdc1 170343929 1753036 9400349324 304255973 228217875 392816422 118626021368 4002144076 15 117079060 12795905
======================
   8      33 sdc1 170343940 1753036 9400349412 304260706 228218191 392818190 118628645616 4002224708 13 117084061 12880710
======================
   8      33 sdc1 170343951 1753036 9400349500 304265036 228218505 392819964 118631220720 4002314115 21 117088959 12975460
======================
   8      33 sdc1 170343961 1753036 9400349580 304268660 228218843 392821787 118633872856 4002442786 17 117093963 13109786
======================
   8      33 sdc1 170343972 1753036 9400349668 304272964 228219160 392823561 118636413856 4002550257 23 117098772 13222180
======================
   8      33 sdc1 170343982 1753036 9400349748 304276666 228219458 392825160 118638856544 4002655723 14 117103376 13328401
======================
   8      33 sdc1 170343992 1753036 9400349828 304281236 228219756 392826778 118641351616 4002752717 0 117108064 13425355
======================
   8      33 sdc1 170344002 1753036 9400349908 304285411 228220069 392828545 118643950880 4002875457 2 117112960 13553201
======================
   8      33 sdc1 170344014 1753036 9400350004 304289968 228220396 392830496 118646595816 4002965755 29 117117962 13649665
======================
   8      33 sdc1 170344024 1753036 9400350084 304294293 228220702 392832348 118649134712 4003054390 41 117122788 13744888
======================
   8      33 sdc1 170344034 1753036 9400350164 304298051 228221020 392833933 118651697760 4003151927 14 117127632 13844943
======================
   8      33 sdc1 170344045 1753036 9400350252 304301103 228221665 392835387 118654330064 4003485380 13 117132601 14182593
======================
   8      33 sdc1 170344055 1753036 9400350332 304305784 228221999 392836993 118656835880 4003589411 0 117137316 14286572
======================
   8      33 sdc1 170344066 1753036 9400350420 304310275 228222335 392838880 118659425744 4003704622 29 117142201 14408143
======================
   8      33 sdc1 170344076 1753036 9400350500 304314342 228222671 392840438 118661872464 4003797698 23 117146826 14508911
======================
   8      33 sdc1 170344086 1753036 9400350580 304318418 228223037 392842180 118664533536 4003909338 13 117151830 14623566
======================
   8      33 sdc1 170344097 1753036 9400350668 304322636 228223377 392843992 118667095720 4004004094 22 117156660 14725864
======================
   8      33 sdc1 170344108 1753036 9400350756 304327165 228223707 392845751 118669661160 4004111658 29 117161503 14832557
======================
   8      33 sdc1 170344118 1753036 9400350836 304331838 228224046 392847375 118672295496 4004196947 0 117166468 14920149
======================
   8      33 sdc1 170344128 1753036 9400350916 304335462 228224377 392849077 118674729704 4004293290 17 117171094 15030757
======================
   8      33 sdc1 170344138 1753036 9400350996 304339980 228224700 392850826 118677164064 4004393742 40 117175703 15131550
======================
   8      33 sdc1 170344148 1753036 9400351076 304343892 228225028 392852411 118679728416 4004495163 15 117180550 15235399
======================
   8      33 sdc1 170344160 1753036 9400351172 304347557 228225597 392854112 118682254368 4004671263 108 117185301 15426052
======================
   8      33 sdc1 170344169 1753036 9400351244 304351377 228226027 392855654 118684918848 4005072468 25 117190304 15818985
======================
   8      33 sdc1 170344180 1753036 9400351332 304355937 228226397 392857385 118687573184 4005189262 20 117195307 15940826
======================
   8      33 sdc1 170344191 1753036 9400351420 304360291 228226738 392858955 118690026496 4005299840 8 117199913 16054369
======================
   8      33 sdc1 170344201 1753036 9400351500 304364333 228227101 392860744 118692662088 4005412856 10 117204901 16170554
started
======================
   8      33 sdc1 170344323 1753036 9400352470 304365435 228227230 392861226 118693423216 4005445668 0 117206412 16202446
======================
   8      33 sdc1 170344395 1753036 9400353046 304365621 228233796 392861227 118695197552 4005921580 156 117209789 16683534
======================
   8      33 sdc1 170344395 1753036 9400353046 304365621 228243429 392861230 118697836144 4006636324 156 117214792 17402525
======================
   8      33 sdc1 170344395 1753036 9400353046 304365621 228252894 392861231 118700460968 4007349166 136 117219791 18111848
======================
   8      33 sdc1 170344395 1753036 9400353046 304365621 228262158 392861233 118703089600 4008063423 154 117224793 18827634
======================
   8      33 sdc1 170344395 1753036 9400353046 304365621 228271790 392861235 118705722056 4008780323 155 117229795 19545553
======================
   8      33 sdc1 170344395 1753036 9400353046 304365621 228281127 392861239 118708315896 4009485847 130 117234742 20248197
======================
   8      33 sdc1 170344395 1753036 9400353046 304365621 228290631 392861241 118710948104 4010201134 131 117239744 20965743
======================
   8      33 sdc1 170344395 1753036 9400353046 304365621 228300243 392861252 118713574960 4010919335 153 117244747 21683567
======================
   8      33 sdc1 170344395 1753036 9400353046 304365621 228309745 392861261 118716191072 4011627594 133 117249729 22391719
======================
   8      33 sdc1 170344395 1753036 9400353046 304365621 228319055 392861271 118718716280 4012312357 147 117254538 23076308
======================
   8      33 sdc1 170344395 1753036 9400353046 304365621 228328717 392861282 118721341808 4013030394 151 117259541 23794260
======================
   8      33 sdc1 170344395 1753036 9400353046 304365621 228338213 392861288 118723919728 4013730883 141 117264464 24494891
======================
   8      33 sdc1 170344395 1753036 9400353046 304365621 228347005 392861289 118726300320 4014381832 139 117269029 25144030
======================
   8      33 sdc1 170344395 1753036 9400353046 304365621 228356620 392861292 118728927808 4015096955 157 117274031 25860379
======================
   8      33 sdc1 170344395 1753036 9400353046 304365621 228366185 392861302 118731528048 4015803990 144 117278999 26566312
======================
   8      33 sdc1 170344395 1753036 9400353046 304365621 228375600 392861313 118734159984 4016519161 138 117284001 27282442
======================
   8      33 sdc1 170344395 1753036 9400353046 304365621 228385042 392861324 118736780680 4017236563 138 117289004 27998998
======================
   8      33 sdc1 170344395 1753036 9400353046 304365621 228394458 392861329 118739352064 4017935782 131 117293913 28698356
======================
   8      33 sdc1 170344395 1753036 9400353046 304365621 228404140 392861329 118741978136 4018655494 146 117298915 29417458
======================
   8      33 sdc1 170344395 1753036 9400353046 304365621 228412750 392861334 118744315408 4019285394 148 117303367 30047503
======================
   8      33 sdc1 170344395 1753036 9400353046 304365621 228422329 392861345 118746934288 4019999797 138 117308369 30766765
======================
   8      33 sdc1 170344395 1753036 9400353046 304365621 228431797 392861355 118749553472 4020710392 136 117313351 31472475
======================
   8      33 sdc1 170344395 1753036 9400353046 304365621 228441299 392861366 118752178296 4021427160 140 117318353 32189176
======================
   8      33 sdc1 170344395 1753036 9400353046 304365621 228450873 392861371 118754787336 4022141551 135 117323355 32907360
======================
   8      33 sdc1 170344395 1753036 9400353046 304365621 228460279 392861381 118757385760 4022847681 140 117328315 33613639
======================
   8      33 sdc1 170344395 1753036 9400353046 304365621 228469221 392861390 118759824344 4023510139 133 117332966 34272281
======================
   8      33 sdc1 170344395 1753036 9400353046 304365621 228478773 392861402 118762445336 4024224666 150 117337968 34990348
======================
   8      33 sdc1 170344395 1753036 9400353046 304365621 228488194 392861411 118765033136 4024926720 146 117342897 35688986
======================
   8      33 sdc1 170344395 1753036 9400353046 304365621 228497638 392861469 118767648336 4025643922 146 117347898 36405898
======================
   8      33 sdc1 170344395 1753036 9400353046 304365621 228507218 392861480 118770272128 4026358462 135 117352900 37123379
======================
   8      33 sdc1 170344395 1753036 9400353046 304365621 228516689 392861489 118772874392 4027065907 130 117357874 37830638
======================
   8      33 sdc1 170344395 1753036 9400353046 304365621 228525637 392861499 118775310008 4027727958 158 117362520 38489954
======================
   8      33 sdc1 170344395 1753036 9400353046 304365621 228535190 392861510 118777932216 4028442868 142 117367522 39207247
======================
   8      33 sdc1 170344395 1753036 9400353046 304365621 228544631 392861554 118780504552 4029141279 128 117372448 39905884
======================
   8      33 sdc1 170344395 1753036 9400353046 304365621 228554159 392861566 118783135872 4029858677 136 117377451 40622517
======================
   8      33 sdc1 170344395 1753036 9400353046 304365621 228563746 392861577 118785747864 4030576210 151 117382455 41339542
======================
   8      33 sdc1 170344395 1753036 9400353046 304365621 228573175 392861587 118788328624 4031275866 144 117387384 42039160
======================
   8      33 sdc1 170344395 1753036 9400353046 304365621 228582511 392861597 118790854600 4031962827 135 117392212 42725854
======================
   8      33 sdc1 170344395 1753036 9400353046 304365621 228592091 392861608 118793476312 4032679004 157 117397215 43441671
======================
   8      33 sdc1 170344395 1753036 9400353046 304365621 228601537 392861618 118796060656 4033383157 128 117402158 44145473
======================
   8      33 sdc1 170344395 1753036 9400353046 304365621 228610518 392861627 118798511648 4034051786 156 117406858 44813515
======================
   8      33 sdc1 170344395 1753036 9400353046 304365621 228620227 392861638 118801140488 4034766840 144 117411862 45529129
======================
   8      33 sdc1 170344395 1753036 9400353046 304365621 228629798 392861647 118803753248 4035476943 153 117416856 46238803
======================
   8      33 sdc1 170344395 1753036 9400353046 304365621 228639179 392861657 118806320440 4036174431 128 117421756 46936368
======================
   8      33 sdc1 170344395 1753036 9400353046 304365621 228648853 392861668 118808941680 4036889308 26 117426761 47652050
======================
   8      33 sdc1 170344395 1753036 9400353046 304365621 228658067 392861678 118811415432 4037562999 146 117431495 48328812
