======================
   8      33 sdc1 42962088 14394 2961166944 73389121 51733135 63464819 35179563528 1071497813 0 23528937 1144855876
======================
   8      33 sdc1 42962104 14394 2961167072 73392402 51733359 63466403 35181816328 1071572549 3 23533272 1144935228
======================
   8      33 sdc1 42962115 14394 2961167160 73397021 51733514 63468365 35184429832 1071621901 3 23538272 1144989557
======================
   8      33 sdc1 42962125 14394 2961167240 73401411 51733665 63470288 35186928512 1071684919 8 23542972 1145058851
======================
   8      33 sdc1 42962136 14394 2961167328 73405853 51733812 63472239 35189525512 1071731146 10 23547969 1145108247
======================
   8      33 sdc1 42962146 14394 2961167408 73409958 51733947 63473983 35191929800 1071769801 6 23552588 1145150910
======================
   8      33 sdc1 42962156 14394 2961167488 73413868 51734098 63475928 35194537672 1071828395 8 23557588 1145214498
======================
   8      33 sdc1 42962168 14394 2961167584 73419010 51734248 63477921 35197204360 1071879861 6 23562590 1145269342
======================
   8      33 sdc1 42962179 14394 2961167672 73423001 51734408 63480079 35199752936 1071934290 21 23567592 1145331646
======================
   8      33 sdc1 42962188 14394 2961167744 73427184 51734546 63481841 35202243432 1071999872 16 23572295 1145401418
======================
   8      33 sdc1 42962199 14394 2961167832 73431424 51734699 63483798 35204885416 1072064164 13 23577296 1145467601
======================
   8      33 sdc1 42962209 14394 2961167912 73435285 51734845 63485558 35207418352 1072117040 4 23582164 1145523107
======================
   8      33 sdc1 42962219 14394 2961167992 73440036 51734992 63487504 35210000176 1072163469 7 23587168 1145574957
======================
   8      33 sdc1 42962230 14394 2961168080 73444548 51735327 63489233 35212370616 1072283818 36 23591673 1145700723
======================
   8      33 sdc1 42962238 14394 2961168144 73448125 51735596 63490744 35214775664 1072375333 3 23596320 1145793856
======================
   8      33 sdc1 42962249 14394 2961168232 73452569 51735877 63492538 35217208688 1072457641 27 23600943 1145883681
======================
   8      33 sdc1 42962260 14394 2961168320 73457384 51736180 63494252 35219800168 1072553294 10 23605943 1145980446
======================
   8      33 sdc1 42962269 14394 2961168392 73461445 51736443 63495978 35222236136 1072646118 18 23610682 1146081011
======================
   8      33 sdc1 42962280 14394 2961168480 73465497 51736720 63497796 35224786792 1072737994 25 23615573 1146177679
======================
   8      33 sdc1 42962291 14394 2961168568 73469823 51736998 63499600 35227300392 1072828642 34 23620462 1146271575
======================
   8      33 sdc1 42962300 14394 2961168640 73473782 51737292 63501302 35229885720 1072930703 14 23625438 1146377889
======================
   8      33 sdc1 42962311 14394 2961168728 73478633 51737571 63503124 35232443104 1073005460 20 23630433 1146456933
======================
   8      33 sdc1 42962321 14394 2961168808 73482516 51737833 63504750 35234791512 1073092148 20 23634963 1146554643
======================
   8      33 sdc1 42962331 14394 2961168888 73486949 51738105 63506560 35237239576 1073177439 40 23639571 1146642853
======================
   8      33 sdc1 42962341 14394 2961168968 73491088 51738377 63508184 35239738392 1073271233 24 23644269 1146733076
======================
   8      33 sdc1 42962352 14394 2961169056 73495147 51738821 63509848 35242409120 1073525662 18 23649272 1146992714
======================
   8      33 sdc1 42962362 14394 2961169136 73499621 51739142 63511610 35245063328 1073641186 15 23654274 1147116507
======================
   8      33 sdc1 42962373 14394 2961169224 73503897 51739456 63513383 35247631720 1073736500 25 23659077 1147215272
======================
   8      33 sdc1 42962384 14394 2961169312 73508212 51739791 63515215 35250226472 1073830231 26 23663976 1147310420
======================
   8      33 sdc1 42962394 14394 2961169392 73512375 51740112 63516992 35252859048 1073913723 24 23668956 1147398025
======================
   8      33 sdc1 42962404 14394 2961169472 73516595 51740402 63518591 35255230824 1073983723 23 23673483 1147472435
======================
   8      33 sdc1 42962414 14394 2961169552 73521100 51740731 63520363 35257899944 1074106382 18 23678486 1147600526
======================
   8      33 sdc1 42962425 14394 2961169640 73525565 51741032 63522113 35260346912 1074195594 35 23683080 1147693292
======================
   8      33 sdc1 42962436 14394 2961169728 73529684 51741356 63523818 35263001256 1074289362 16 23688064 1147788976
======================
   8      33 sdc1 42962446 14394 2961169808 73533873 51741661 63525566 35265523176 1074384101 23 23692802 1147892752
======================
   8      33 sdc1 42962457 14394 2961169896 73537885 51741990 63527511 35268176648 1074497619 42 23697801 1148007917
======================
   8      33 sdc1 42962467 14394 2961169976 73542100 51742315 63529101 35270813264 1074605019 5 23702758 1148116065
======================
   8      33 sdc1 42962478 14394 2961170064 73546340 51742778 63530921 35273481048 1074869220 32 23707760 1148400584
======================
   8      33 sdc1 42962489 14394 2961170152 73550648 51743118 63532684 35276117672 1075001426 32 23712706 1148527899
======================
   8      33 sdc1 42962499 14394 2961170232 73554779 51743440 63534261 35278522344 1075102249 26 23717212 1148632316
======================
   8      33 sdc1 42962508 14394 2961170304 73558786 51743763 63535848 35281014056 1075204940 8 23721898 1148736395
======================
   8      33 sdc1 42962519 14394 2961170392 73563333 51744104 63537664 35283580264 1075310706 17 23726705 1148844896
======================
   8      33 sdc1 42962531 14394 2961170488 73568122 51744458 63539590 35286239976 1075412298 44 23731704 1148956036
======================
   8      33 sdc1 42962540 14394 2961170560 73572240 51744788 63541162 35288726440 1075529437 30 23736385 1149074268
======================
   8      33 sdc1 42962550 14394 2961170640 73575807 51745122 63542745 35291253736 1075624493 7 23741153 1149171987
======================
   8      33 sdc1 42962561 14394 2961170728 73580061 51745467 63544490 35293763304 1075724455 20 23745894 1149280757
======================
   8      33 sdc1 42962571 14394 2961170808 73584253 51745796 63546253 35296327656 1075838454 26 23750719 1149397529
======================
   8      33 sdc1 42962582 14394 2961170896 73588971 51746145 63548084 35298993304 1075943288 22 23755719 1149506490
======================
   8      33 sdc1 42962592 14394 2961170976 73593243 51746494 63549828 35301586392 1076042217 26 23760585 1149609365
======================
   8      33 sdc1 42962602 14394 2961171056 73596902 51746958 63551478 35304173968 1076218152 31 23765457 1149793739
started
======================
   8      33 sdc1 42962726 14394 2961172042 73599179 51747140 63552172 35305403168 1076289507 0 23767782 1149857527
======================
   8      33 sdc1 42962765 14394 2961172354 73599265 51773129 63552178 35307159280 1076772213 129 23771187 1150341849
======================
   8      33 sdc1 42962765 14394 2961172354 73599265 51810787 63552183 35309734112 1077484692 136 23776188 1151058043
======================
   8      33 sdc1 42962765 14394 2961172354 73599265 51847750 63552186 35312305208 1078202443 128 23781191 1151772123
======================
   8      33 sdc1 42962765 14394 2961172354 73599265 51883794 63552197 35314867560 1078918410 134 23786192 1152488009
======================
   8      33 sdc1 42962765 14394 2961172354 73599265 51921376 63552208 35317457640 1079632741 153 23791194 1153205648
======================
   8      33 sdc1 42962765 14394 2961172354 73599265 51958313 63552209 35320009192 1080343654 146 23796159 1153913211
======================
   8      33 sdc1 42962765 14394 2961172354 73599265 51995416 63552213 35322601936 1081056987 132 23801161 1154629767
======================
   8      33 sdc1 42962765 14394 2961172354 73599265 52032816 63552222 35325150792 1081769122 133 23806129 1155338644
======================
   8      33 sdc1 42962765 14394 2961172354 73599265 52069132 63552234 35327681160 1082482939 138 23811131 1156055404
======================
   8      33 sdc1 42962765 14394 2961172354 73599265 52105594 63552244 35330192760 1083194319 144 23816099 1156763806
======================
   8      33 sdc1 42962765 14394 2961172354 73599265 52142114 63552255 35332735096 1083908047 137 23821101 1157480165
======================
   8      33 sdc1 42962765 14394 2961172354 73599265 52178450 63552266 35335266152 1084624769 155 23826104 1158196631
======================
   8      33 sdc1 42962765 14394 2961172354 73599265 52214703 63552276 35337751256 1085331283 148 23831039 1158900686
======================
   8      33 sdc1 42962765 14394 2961172354 73599265 52251131 63552287 35340297368 1086045177 137 23836041 1159616199
======================
   8      33 sdc1 42962765 14394 2961172354 73599265 52287627 63552298 35342800592 1086763672 156 23841044 1160333012
======================
   8      33 sdc1 42962765 14394 2961172354 73599265 52324979 63552309 35345392144 1087480058 149 23846060 1161050743
======================
   8      33 sdc1 42962765 14394 2961172354 73599265 52361480 63552319 35347915200 1088185378 136 23850985 1161754728
======================
   8      33 sdc1 42962765 14394 2961172354 73599265 52398589 63552330 35350479128 1088899712 129 23855986 1162470163
======================
   8      33 sdc1 42962765 14394 2961172354 73599265 52434975 63552341 35353004584 1089615984 135 23860990 1163186229
======================
   8      33 sdc1 42962765 14394 2961172354 73599265 52471270 63552351 35355479312 1090321736 158 23865930 1163891659
======================
   8      33 sdc1 42962765 14394 2961172354 73599265 52509666 63552362 35358063568 1091040663 132 23870932 1164610118
======================
   8      33 sdc1 42962765 14394 2961172354 73599265 52540752 63552371 35360167768 1091621419 142 23875017 1165190752
======================
   8      33 sdc1 42962765 14394 2961172354 73599265 52577254 63552381 35362654640 1092337938 153 23880019 1165908370
======================
   8      33 sdc1 42962765 14394 2961172354 73599265 52614091 63552391 35365218056 1093044659 152 23884981 1166613939
======================
   8      33 sdc1 42962765 14394 2961172354 73599265 52650539 63552402 35367762208 1093760454 154 23889982 1167329541
======================
   8      33 sdc1 42962765 14394 2961172354 73599265 52687051 63552413 35370260832 1094472790 140 23894984 1168045867
======================
   8      33 sdc1 42962765 14394 2961172354 73599265 52723595 63552423 35372765816 1095184833 153 23899969 1168757648
======================
   8      33 sdc1 42962765 14394 2961172354 73599265 52754959 63552431 35374864488 1095777925 158 23904114 1169347025
======================
   8      33 sdc1 42962765 14394 2961172354 73599265 52793031 63552443 35377454760 1096492138 135 23909115 1170064764
======================
   8      33 sdc1 42962765 14394 2961172354 73599265 52830152 63552453 35379999248 1097199111 133 23914053 1170768219
======================
   8      33 sdc1 42962765 14394 2961172354 73599265 52867184 63552455 35382580584 1097914966 131 23919056 1171484063
======================
   8      33 sdc1 42962765 14394 2961172354 73599265 52904301 63552457 35385116904 1098627882 139 23924058 1172199986
======================
   8      33 sdc1 42962765 14394 2961172354 73599265 52940206 63552459 35387562112 1099328247 140 23928959 1172900003
======================
   8      33 sdc1 42962765 14394 2961172354 73599265 52973701 63552467 35389789304 1099960022 155 23933365 1173529145
======================
   8      33 sdc1 42962765 14394 2961172354 73599265 53011582 63552479 35392361336 1100681686 131 23938419 1174253041
======================
   8      33 sdc1 42962765 14394 2961172354 73599265 53047805 63552488 35394821136 1101387531 138 23943362 1174958478
======================
   8      33 sdc1 42962765 14394 2961172354 73599265 53085313 63552499 35397354688 1102096675 145 23948331 1175665703
======================
   8      33 sdc1 42962765 14394 2961172354 73599265 53122871 63552510 35399907080 1102809744 152 23953333 1176380561
======================
   8      33 sdc1 42962765 14394 2961172354 73599265 53159470 63552520 35402410528 1103523062 151 23958324 1177093568
======================
   8      33 sdc1 42962765 14394 2961172354 73599265 53196574 63552532 35404958840 1104238603 154 23963327 1177809083
======================
   8      33 sdc1 42962765 14394 2961172354 73599265 53233715 63552542 35407464520 1104953518 156 23968330 1178523706
======================
   8      33 sdc1 42962765 14394 2961172354 73599265 53267396 63552551 35409745352 1105610470 140 23972928 1179179374
======================
   8      33 sdc1 42962765 14394 2961172354 73599265 53304424 63552554 35412275184 1106323997 147 23977938 1179893748
======================
   8      33 sdc1 42962765 14394 2961172354 73599265 53340308 63552555 35414719176 1107005277 152 23982718 1180574563
======================
   8      33 sdc1 42962765 14394 2961172354 73599265 53376191 63552559 35417180176 1107705389 141 23987616 1181274352
======================
   8      33 sdc1 42962765 14394 2961172354 73599265 53413570 63552569 35419742528 1108421088 139 23992618 1181989957
======================
   8      33 sdc1 42962765 14394 2961172354 73599265 53449345 63552579 35422206552 1109129405 154 23997575 1182698286
======================
   8      33 sdc1 42962765 14394 2961172354 73599265 53486374 63552590 35424705816 1109843211 150 24002585 1183416674
