======================
   8      33 sdc1 5294 0 68822 1496038 207627 10596727 5981778376 111277732 0 2071454 112773150
======================
   8      33 sdc1 5309 0 68942 1499533 207818 10598542 5984074824 111341020 15 2075768 112843121
======================
   8      33 sdc1 5320 0 69030 1504175 207976 10600498 5986735968 111394882 13 2080771 112900566
======================
   8      33 sdc1 5330 0 69110 1507670 208150 10602618 5989233688 111457956 18 2085511 112971628
======================
   8      33 sdc1 5341 0 69198 1511893 208298 10604574 5991879720 111524237 17 2090504 113040017
======================
   8      33 sdc1 5352 0 69286 1515914 208476 10608511 5994479064 111593343 11 2095431 113109112
======================
   8      33 sdc1 5362 0 69366 1519362 208626 10610533 5997084984 111659238 18 2100379 113184981
======================
   8      33 sdc1 5373 0 69454 1524116 208775 10612482 5999736632 111730390 16 2105381 113254487
======================
   8      33 sdc1 5384 0 69542 1527427 208954 10616767 6002311896 111792132 18 2110275 113325778
======================
   8      33 sdc1 5394 0 69622 1531753 209107 10618714 6004963552 111872897 15 2115257 113408409
======================
   8      33 sdc1 5405 0 69710 1535780 209324 10629048 6007576984 111962058 13 2120170 113498061
======================
   8      33 sdc1 5416 0 69798 1539637 209471 10631038 6010163176 112017697 18 2125105 113562998
======================
   8      33 sdc1 5426 0 69878 1544081 209727 10632867 6012866672 112149179 22 2130172 113699536
======================
   8      33 sdc1 5436 0 69958 1547870 210027 10635513 6015327272 112250643 14 2134821 113803062
======================
   8      33 sdc1 5447 0 70046 1552207 210327 10637312 6017966576 112341324 12 2139823 113896846
======================
   8      33 sdc1 5458 0 70134 1556987 210609 10647737 6020620920 112432654 73 2144825 114004346
======================
   8      33 sdc1 5468 0 70214 1560331 210938 10649455 6023254888 112543468 2 2149766 114104080
======================
   8      33 sdc1 5480 0 70310 1564899 211219 10651325 6025880568 112628987 7 2154768 114195580
======================
   8      33 sdc1 5489 0 70382 1568531 211542 10659216 6028368472 112727952 20 2159415 114301628
======================
   8      33 sdc1 5500 0 70470 1572577 211834 10661043 6031022888 112813436 17 2164419 114389403
======================
   8      33 sdc1 5511 0 70558 1577199 212132 10662853 6033677224 112910689 14 2169422 114492020
======================
   8      33 sdc1 5520 0 70630 1580640 212463 10671579 6036143192 113017301 2 2174044 114598449
======================
   8      33 sdc1 5532 0 70726 1585547 212758 10673577 6038790888 113100317 28 2179046 114686687
======================
   8      33 sdc1 5542 0 70806 1589532 213052 10676916 6041225608 113198454 17 2183632 114788108
======================
   8      33 sdc1 5552 0 70886 1592941 213475 10678604 6043877080 113321505 17 2188635 114919766
======================
   8      33 sdc1 5563 0 70974 1597535 213807 10680377 6046508320 113418424 14 2193637 115019568
======================
   8      33 sdc1 5574 0 71062 1601348 214136 10682309 6049117704 113523098 14 2198579 115129055
======================
   8      33 sdc1 5584 0 71142 1605600 214472 10684083 6051785816 113621683 10 2203581 115230880
======================
   8      33 sdc1 5596 0 71238 1609924 214801 10686118 6054396472 113768792 29 2208476 115379477
======================
   8      33 sdc1 5606 0 71318 1613546 215120 10687799 6057055176 113861811 7 2213476 115477257
======================
   8      33 sdc1 5617 0 71406 1618466 215448 10689749 6059720264 113971306 33 2218479 115593395
======================
   8      33 sdc1 5627 0 71486 1622471 215753 10691373 6062093560 114065133 11 2222935 115687171
======================
   8      33 sdc1 5638 0 71574 1626336 216083 10693263 6064754952 114165695 26 2227938 115793854
======================
   8      33 sdc1 5648 0 71654 1630796 216409 10695027 6067422728 114262129 19 2232940 115898481
======================
   8      33 sdc1 5656 0 71718 1634512 216765 10699912 6069782296 114362109 17 2237362 115999379
======================
   8      33 sdc1 5668 0 71814 1638791 217196 10701742 6072439592 114495027 49 2242365 116153113
======================
   8      33 sdc1 5677 0 71886 1642946 217557 10704567 6075003880 114630187 20 2247167 116277407
======================
   8      33 sdc1 5688 0 71974 1646796 217905 10706335 6077648904 114729853 16 2252122 116381879
======================
   8      33 sdc1 5700 0 72070 1651810 218264 10708255 6080318024 114840453 47 2257125 116496583
======================
   8      33 sdc1 5709 0 72142 1655325 218620 10712200 6082796584 114961609 29 2261766 116618231
======================
   8      33 sdc1 5720 0 72230 1659404 218970 10713958 6085453608 115056422 22 2266767 116723742
======================
   8      33 sdc1 5730 0 72310 1663838 219283 10715647 6087791448 115175216 27 2271148 116840697
======================
   8      33 sdc1 5740 0 72390 1667667 219634 10717394 6090450512 115267686 24 2276137 116939131
======================
   8      33 sdc1 5751 0 72478 1671910 219980 10719160 6093098584 115367714 17 2281137 117044159
======================
   8      33 sdc1 5762 0 72566 1675947 220326 10721477 6095605544 115470436 25 2285833 117146445
======================
   8      33 sdc1 5773 0 72654 1679959 220678 10723440 6098258624 115574416 64 2290805 117256142
======================
   8      33 sdc1 5784 0 72742 1684644 221029 10725112 6100918592 115710739 31 2295807 117398170
======================
   8      33 sdc1 5794 0 72822 1688224 221476 10726651 6103486888 115868740 13 2300605 117556749
======================
   8      33 sdc1 5804 0 72902 1692540 221845 10728472 6106167224 115987330 26 2305608 117685890
started
======================
   8      33 sdc1 5861 0 73352 1694938 222061 10729349 6107617768 116044406 0 2308378 117738597
======================
   8      33 sdc1 14170 0 2189712 1702126 222061 10729349 6107617768 116044406 1 2312279 117745773
======================
   8      33 sdc1 24942 2 4947600 1711095 222064 10729351 6107617808 116044415 2 2317281 117754731
======================
   8      33 sdc1 35738 2 7710864 1720056 222064 10729351 6107617808 116044415 2 2322284 117763680
======================
   8      33 sdc1 46536 2 10474896 1729002 222064 10729351 6107617808 116044415 2 2327288 117772612
======================
   8      33 sdc1 57325 2 13236624 1737950 222064 10729351 6107617808 116044415 2 2332290 117781552
======================
   8      33 sdc1 68118 2 15999376 1746913 222064 10729351 6107617808 116044415 2 2337293 117790509
======================
   8      33 sdc1 78912 2 18762640 1755871 222064 10729351 6107617808 116044415 1 2342295 117799447
======================
   8      33 sdc1 89708 2 21526160 1764839 222064 10729351 6107617808 116044415 2 2347298 117808400
======================
   8      33 sdc1 100504 2 24289680 1773797 222066 10729351 6107617824 116044415 2 2352301 117817350
======================
   8      33 sdc1 111301 2 27053712 1782755 222066 10729351 6107617824 116044415 2 2357304 117826297
======================
   8      33 sdc1 122095 2 29816720 1791714 222066 10729351 6107617824 116044415 2 2362308 117835243
======================
   8      33 sdc1 132886 2 32578704 1800662 222066 10729351 6107617824 116044415 2 2367310 117844179
======================
   8      33 sdc1 143676 2 35340688 1809610 222066 10729351 6107617824 116044415 2 2372313 117853114
======================
   8      33 sdc1 154473 2 38104720 1818567 222066 10729351 6107617824 116044415 2 2377316 117862057
======================
   8      33 sdc1 165269 2 40868240 1827535 222066 10729351 6107617824 116044415 2 2382318 117871013
======================
   8      33 sdc1 176064 2 43631504 1836482 222066 10729351 6107617824 116044415 2 2387321 117879942
======================
   8      33 sdc1 186862 2 46395792 1845444 222066 10729351 6107617824 116044415 1 2392323 117888883
======================
   8      33 sdc1 197654 2 49158288 1854400 222066 10729351 6107617824 116044415 1 2397326 117897823
======================
   8      33 sdc1 208441 2 51919504 1863324 222066 10729351 6107617824 116044415 2 2402328 117906734
======================
   8      33 sdc1 219240 2 54684048 1872287 222066 10729351 6107617824 116044415 1 2407331 117915671
======================
   8      33 sdc1 230035 2 57447312 1881235 222066 10729351 6107617824 116044415 1 2412334 117924603
======================
   8      33 sdc1 240828 2 60209808 1890151 222066 10729351 6107617824 116044415 2 2417337 117933517
======================
   8      33 sdc1 251624 2 62973328 1899098 222066 10729351 6107617824 116044415 2 2422339 117942455
======================
   8      33 sdc1 262422 2 65737616 1908029 222066 10729351 6107617824 116044415 2 2427342 117951373
======================
   8      33 sdc1 273209 2 68498832 1916999 222066 10729351 6107617824 116044415 1 2432345 117960322
======================
   8      33 sdc1 284004 2 71262096 1925965 222066 10729351 6107617824 116044415 2 2437348 117969275
======================
   8      33 sdc1 294797 2 74025104 1934918 222066 10729351 6107617824 116044415 2 2442351 117978211
======================
   8      33 sdc1 305593 2 76788624 1943889 222066 10729351 6107617824 116044415 2 2447353 117987156
======================
   8      33 sdc1 316390 2 79552400 1952819 222066 10729351 6107617824 116044415 2 2452357 117996075
======================
   8      33 sdc1 327187 2 82316432 1961771 222066 10729351 6107617824 116044415 2 2457359 118005005
======================
   8      33 sdc1 337973 2 85077136 1970726 222066 10729351 6107617824 116044415 2 2462362 118013951
======================
   8      33 sdc1 348768 2 87840400 1979676 222066 10729351 6107617824 116044415 1 2467364 118022880
======================
   8      33 sdc1 359563 2 90603160 1988638 222066 10729351 6107617824 116044415 2 2472367 118031827
======================
   8      33 sdc1 370360 2 93367192 1997584 222066 10729351 6107617824 116044415 2 2477370 118040761
======================
   8      33 sdc1 381155 2 96130456 2006548 222066 10729351 6107617824 116044415 1 2482372 118049711
======================
   8      33 sdc1 391950 2 98893720 2015510 222066 10729351 6107617824 116044415 2 2487375 118058655
======================
   8      33 sdc1 402738 2 101655448 2024494 222066 10729351 6107617824 116044415 2 2492377 118067615
======================
   8      33 sdc1 413534 2 104418968 2033456 222066 10729351 6107617824 116044415 2 2497380 118076563
======================
   8      33 sdc1 424328 2 107181976 2042408 222066 10729351 6107617824 116044415 2 2502381 118085499
======================
   8      33 sdc1 435125 2 109945752 2051404 222066 10729351 6107617824 116044415 2 2507384 118094479
======================
   8      33 sdc1 445920 2 112709272 2060380 222066 10729351 6107617824 116044415 2 2512386 118103438
======================
   8      33 sdc1 456715 2 115472536 2069345 222066 10729351 6107617824 116044415 2 2517389 118112392
======================
   8      33 sdc1 467502 2 118233752 2078316 222066 10729351 6107617824 116044415 2 2522392 118121350
======================
   8      33 sdc1 478299 2 120997784 2087286 222066 10729351 6107617824 116044415 2 2527395 118130300
======================
   8      33 sdc1 489095 2 123761304 2096238 222066 10729351 6107617824 116044415 1 2532397 118139240
======================
   8      33 sdc1 497462 2 125902776 2103199 222066 10729351 6107617824 116044415 0 2536274 118146186
