======================
   8      33 sdc1 188674731 1753612 9976014280 311645370 246122546 405801899 126766243688 30845859 0 124084567 343836595
======================
   8      33 sdc1 188674747 1753612 9976014408 311648862 246122694 405803717 126768425448 30900198 19 124088748 343897686
======================
   8      33 sdc1 188674758 1753612 9976014496 311652501 246122889 405807129 126771019968 30959854 23 124093695 343963939
======================
   8      33 sdc1 188674767 1753612 9976014568 311656176 246123063 405810599 126773641632 31053724 7 124098697 344057801
======================
   8      33 sdc1 188674778 1753612 9976014656 311660105 246123204 405812555 126776091376 31124793 16 124103377 344136852
======================
   8      33 sdc1 188674789 1753612 9976014744 311663866 246123354 405814490 126778734704 31201557 14 124108379 344216911
======================
   8      33 sdc1 188674799 1753612 9976014824 311668243 246123500 405816437 126781281072 31278472 17 124113202 344298068
======================
   8      33 sdc1 188674808 1753612 9976014896 311672560 246123654 405818363 126783875504 31363634 20 124118151 344388397
======================
   8      33 sdc1 188674818 1753612 9976014976 311676422 246123796 405820102 126786285432 31426849 15 124122727 344454409
======================
   8      33 sdc1 188674828 1753612 9976015056 311680758 246123969 405821861 126788924992 31521553 0 124127698 344547675
======================
   8      33 sdc1 188674839 1753612 9976015144 311685088 246124160 405823926 126791521592 31598473 19 124132638 344629368
======================
   8      33 sdc1 188674851 1753612 9976015240 311688306 246124792 405825613 126794030296 31823921 73 124137387 344903845
======================
   8      33 sdc1 188674858 1753612 9976015296 311692227 246125057 405826879 126796357040 32104119 16 124141790 345145297
======================
   8      33 sdc1 188674869 1753612 9976015384 311696405 246125342 405828690 126798980040 32201409 14 124146778 345248821
======================
   8      33 sdc1 188674880 1753612 9976015472 311700766 246125633 405830496 126801604552 32294573 13 124151780 345344308
======================
   8      33 sdc1 188674890 1753612 9976015552 311705106 246125912 405832304 126804142856 32367492 22 124156658 345422089
======================
   8      33 sdc1 188674901 1753612 9976015640 311709807 246126197 405834062 126806775176 32456518 19 124161660 345514860
======================
   8      33 sdc1 188674912 1753612 9976015728 311714062 246126486 405835918 126809340872 32548403 26 124166509 345609101
======================
   8      33 sdc1 188674922 1753612 9976015808 311718118 246126778 405837710 126811899592 32646552 38 124171383 345717349
======================
   8      33 sdc1 188674932 1753612 9976015888 311722145 246127082 405839390 126814468528 32745973 11 124176245 345816879
======================
   8      33 sdc1 188674942 1753612 9976015968 311726276 246127372 405841174 126816915248 32831434 33 124180902 345913737
======================
   8      33 sdc1 188674952 1753612 9976016048 311730862 246127661 405842620 126819311864 32927431 0 124185443 346003628
======================
   8      33 sdc1 188674963 1753612 9976016136 311733361 246128806 405843556 126821912496 33374928 4 124190347 346455653
======================
   8      33 sdc1 188674974 1753612 9976016224 311737590 246129332 405845339 126824568416 33864670 30 124195349 346976677
======================
   8      33 sdc1 188674984 1753612 9976016304 311741733 246129664 405847083 126827217504 33996110 25 124200350 347086562
======================
   8      33 sdc1 188674995 1753612 9976016392 311746071 246129972 405848692 126829715936 34091642 8 124205067 347185923
======================
   8      33 sdc1 188675005 1753612 9976016472 311750090 246130306 405850605 126832329448 34200805 38 124210020 347303013
======================
   8      33 sdc1 188675016 1753612 9976016560 311754263 246130628 405852294 126834963376 34311023 19 124214987 347412017
======================
   8      33 sdc1 188675026 1753612 9976016640 311758173 246130933 405853980 126837459248 34387134 21 124219719 347495970
======================
   8      33 sdc1 188675036 1753612 9976016720 311762879 246131259 405855756 126840114928 34489566 15 124224721 347601961
======================
   8      33 sdc1 188675047 1753612 9976016808 311767119 246131590 405857566 126842599200 34576872 32 124229447 347695579
======================
   8      33 sdc1 188675057 1753612 9976016888 311771221 246131898 405859147 126844988456 34671654 32 124233978 347794255
======================
   8      33 sdc1 188675067 1753612 9976016968 311775350 246132256 405860890 126847630696 34794463 27 124238981 347918533
======================
   8      33 sdc1 188675078 1753612 9976017056 311779074 246132806 405862339 126850246632 34981928 111 124243914 348137014
======================
   8      33 sdc1 188675091 1753612 9976017160 311781937 246133900 405863811 126852890224 35525124 110 124248916 348705577
======================
   8      33 sdc1 188675099 1753612 9976017224 311785598 246134263 405865209 126855544984 35822461 17 124253919 348957748
======================
   8      33 sdc1 188675110 1753612 9976017312 311789778 246134611 405866958 126858178648 35929657 16 124258921 349069117
======================
   8      33 sdc1 188675121 1753612 9976017400 311794111 246134943 405868703 126860655712 36021114 36 124263610 349166405
======================
   8      33 sdc1 188675131 1753612 9976017480 311798776 246135290 405870318 126863292072 36129511 5 124268613 349273885
======================
   8      33 sdc1 188675141 1753612 9976017560 311802575 246135613 405872031 126865729384 36239528 23 124273223 349397187
======================
   8      33 sdc1 188675151 1753612 9976017640 311807131 246135956 405873595 126868234920 36367050 4 124277936 349521603
======================
   8      33 sdc1 188675161 1753612 9976017720 311811083 246136304 405875410 126870818928 36462723 10 124282819 349622714
======================
   8      33 sdc1 188675172 1753612 9976017808 311815111 246136660 405877142 126873369328 36557908 18 124287651 349725490
======================
   8      33 sdc1 188675182 1753612 9976017888 311819492 246137015 405878873 126875939056 36676259 28 124292495 349847336
======================
   8      33 sdc1 188675193 1753612 9976017976 311824210 246137389 405880599 126878588024 36786406 25 124297498 349961274
======================
   8      33 sdc1 188675205 1753612 9976018072 311826866 246138487 405881535 126881047096 37184995 114 124302130 350387619
======================
   8      33 sdc1 188675216 1753612 9976018160 311831117 246139029 405883187 126883708352 37745080 43 124307133 350972602
======================
   8      33 sdc1 188675225 1753612 9976018232 311835474 246139392 405884790 126886364424 37975341 7 124312136 351156105
======================
   8      33 sdc1 188675235 1753612 9976018312 311839211 246139759 405886455 126888969480 38075062 1 124317076 351260058
======================
   8      33 sdc1 188675246 1753612 9976018400 311843877 246140130 405888385 126891591296 38214069 35 124322033 351406442
started
======================
   8      33 sdc1 188675368 1753612 9976019370 311844603 246140218 405888572 126892083288 38231338 0 124323032 351421197
======================
   8      33 sdc1 188683857 1753612 9978174722 311890855 246140218 405888572 126892083288 38231338 12 124327041 351467475
======================
   8      33 sdc1 188694701 1753612 9980950786 311950086 246140220 405888574 126892083320 38231360 12 124332043 351526735
======================
   8      33 sdc1 188705564 1753612 9983731490 312009344 246140220 405888574 126892083320 38231360 11 124337044 351585981
======================
   8      33 sdc1 188716425 1753612 9986511906 312068592 246140220 405888574 126892083320 38231360 12 124342046 351645227
======================
   8      33 sdc1 188727286 1753612 9989292098 312127839 246140220 405888574 126892083320 38231360 12 124347047 351704458
======================
   8      33 sdc1 188738149 1753612 9992072546 312187071 246140222 405888574 126892083336 38231370 12 124352048 351763689
======================
   8      33 sdc1 188749155 1753612 9994889938 312247057 246140222 405888574 126892083336 38231370 12 124357116 351823674
======================
   8      33 sdc1 188760018 1753612 9997670370 312306275 246140222 405888574 126892083336 38231370 12 124362118 351882895
======================
   8      33 sdc1 188770882 1753612 10000450850 312365512 246140222 405888574 126892083336 38231370 12 124367119 351942118
======================
   8      33 sdc1 188781747 1753612 10003231290 312424747 246140222 405888574 126892083336 38231370 12 124372120 352001345
======================
   8      33 sdc1 188792612 1753612 10006011626 312483968 246140222 405888574 126892083336 38231370 12 124377122 352060570
======================
   8      33 sdc1 188803474 1753612 10008792170 312543191 246140222 405888574 126892083336 38231370 12 124382123 352119776
======================
   8      33 sdc1 188814337 1753612 10011572554 312602379 246140222 405888574 126892083336 38231370 12 124387124 352178958
======================
   8      33 sdc1 188825201 1753612 10014353338 312661588 246140222 405888574 126892083336 38231370 12 124392126 352238160
======================
   8      33 sdc1 188836063 1753612 10017133690 312720792 246140222 405888574 126892083336 38231370 12 124397127 352297360
======================
   8      33 sdc1 188846926 1753612 10019914218 312779989 246140222 405888574 126892083336 38231370 12 124402129 352356560
======================
   8      33 sdc1 188857790 1753612 10022694778 312839203 246140222 405888574 126892083336 38231370 11 124407130 352415764
======================
   8      33 sdc1 188868652 1753612 10025475122 312898397 246140222 405888574 126892083336 38231370 12 124412131 352474952
======================
   8      33 sdc1 188879513 1753612 10028255490 312957575 246140222 405888574 126892083336 38231370 12 124417133 352534132
======================
   8      33 sdc1 188890375 1753612 10031035890 313016766 246140222 405888574 126892083336 38231370 12 124422134 352593312
======================
   8      33 sdc1 188901237 1753612 10033816154 313075969 246140222 405888574 126892083336 38231370 11 124427135 352652499
======================
   8      33 sdc1 188912103 1753612 10036596562 313135163 246140222 405888574 126892083336 38231370 12 124432137 352711695
======================
   8      33 sdc1 188922967 1753612 10039377010 313194360 246140222 405888574 126892083336 38231370 12 124437138 352770884
======================
   8      33 sdc1 188933830 1753612 10042157562 313253562 246140222 405888574 126892083336 38231370 12 124442140 352830087
======================
   8      33 sdc1 188944692 1753612 10044937850 313312769 246140222 405888574 126892083336 38231370 12 124447141 352889288
======================
   8      33 sdc1 188955558 1753612 10047718794 313371972 246140222 405888574 126892083336 38231370 11 124452143 352948482
======================
   8      33 sdc1 188966421 1753612 10050499114 313431170 246140222 405888574 126892083336 38231370 12 124457144 353007674
======================
   8      33 sdc1 188977283 1753612 10053279530 313490369 246140222 405888574 126892083336 38231370 12 124462145 353066861
======================
   8      33 sdc1 188988145 1753612 10056060010 313549543 246140222 405888574 126892083336 38231370 12 124467147 353126037
======================
   8      33 sdc1 188999007 1753612 10058840410 313608731 246140222 405888574 126892083336 38231370 12 124472148 353185216
======================
   8      33 sdc1 189009871 1753612 10061621154 313667907 246140222 405888574 126892083336 38231370 12 124477150 353244386
======================
   8      33 sdc1 189020733 1753612 10064401538 313727100 246140222 405888574 126892083336 38231370 12 124482151 353303570
======================
   8      33 sdc1 189031595 1753612 10067181970 313786288 246140222 405888574 126892083336 38231370 12 124487152 353362746
======================
   8      33 sdc1 189042456 1753612 10069962354 313845471 246140222 405888574 126892083336 38231370 12 124492154 353421933
======================
   8      33 sdc1 189053320 1753612 10072742794 313904659 246140222 405888574 126892083336 38231370 12 124497155 353481113
======================
   8      33 sdc1 189064184 1753612 10075523546 313963868 246140222 405888574 126892083336 38231370 12 124502157 353540316
======================
   8      33 sdc1 189075046 1753612 10078304074 314023059 246140222 405888574 126892083336 38231370 12 124507158 353599498
======================
   8      33 sdc1 189085907 1753612 10081084442 314082234 246140222 405888574 126892083336 38231370 12 124512159 353658664
======================
   8      33 sdc1 189096769 1753612 10083864786 314141431 246140222 405888574 126892083336 38231370 12 124517161 353717865
