======================
   8      33 sdc1 80050050 17794 4400197862 97501958 70836675 103882840 56350075608 1626330209 0 36581041 1723784751
======================
   8      33 sdc1 80050067 17794 4400197998 97505609 70836904 103884616 56352363864 1626414584 16 36585384 1723876535
======================
   8      33 sdc1 80050078 17794 4400198086 97510346 70837070 103886586 56355004816 1626474099 13 36590385 1723938610
======================
   8      33 sdc1 80050089 17794 4400198174 97515243 70837225 103888525 56357653904 1626552790 10 36595387 1724025001
======================
   8      33 sdc1 80050100 17794 4400198262 97519920 70837385 103890682 56360264656 1626610539 26 36600388 1724090342
======================
   8      33 sdc1 80050111 17794 4400198350 97524246 70837541 103892636 56362913760 1626688950 22 36605389 1724173975
======================
   8      33 sdc1 80050121 17794 4400198430 97528746 70837691 103894401 56365559832 1626778805 7 36610391 1724263900
======================
   8      33 sdc1 80050132 17794 4400198518 97533412 70837847 103896568 56368188288 1626860318 29 36615393 1724356049
======================
   8      33 sdc1 80050142 17794 4400198598 97537974 70838012 103898521 56370855240 1626949251 17 36620394 1724443193
======================
   8      33 sdc1 80050152 17794 4400198678 97542255 70838162 103900285 56373483840 1627035337 3 36625395 1724531979
======================
   8      33 sdc1 80050163 17794 4400198766 97546686 70838321 103902445 56376156072 1627115650 14 36630411 1724620894
======================
   8      33 sdc1 80050174 17794 4400198854 97551295 70838482 103904408 56378817296 1627198114 12 36635481 1724706646
======================
   8      33 sdc1 80050186 17794 4400198950 97556406 70838793 103906222 56381477152 1627372011 16 36640483 1724883699
======================
   8      33 sdc1 80050195 17794 4400199022 97560646 70839033 103908086 56384133264 1627480402 12 36645485 1724997957
======================
   8      33 sdc1 80050207 17794 4400199118 97565723 70839323 103910100 56386767104 1627565244 40 36650488 1725088051
======================
   8      33 sdc1 80050217 17794 4400199198 97570155 70839595 103911771 56389421592 1627662812 8 36655490 1725188380
======================
   8      33 sdc1 80050228 17794 4400199286 97574781 70839859 103913813 56392069384 1627775253 34 36660491 1725313456
======================
   8      33 sdc1 80050239 17794 4400199374 97579625 70840149 103915648 56394712880 1627867095 31 36665495 1725406151
======================
   8      33 sdc1 80050250 17794 4400199462 97584279 70840428 103917492 56397350976 1627982387 27 36670498 1725528162
======================
   8      33 sdc1 80050260 17794 4400199542 97589172 70840694 103919316 56399994736 1628089676 19 36675500 1725631570
======================
   8      33 sdc1 80050271 17794 4400199630 97593865 70840973 103921189 56402647624 1628171206 28 36680502 1725719474
======================
   8      33 sdc1 80050282 17794 4400199718 97598517 70841250 103923016 56405303520 1628279308 20 36685505 1725834843
======================
   8      33 sdc1 80050292 17794 4400199798 97602996 70841522 103924871 56407956440 1628385619 17 36690508 1725948553
======================
   8      33 sdc1 80050303 17794 4400199886 97607689 70841812 103926700 56410624664 1628482767 10 36695512 1726046484
======================
   8      33 sdc1 80050316 17794 4400199990 97612433 70842207 103928764 56413287320 1628622937 85 36700515 1726224911
======================
   8      33 sdc1 80050325 17794 4400200062 97616699 70842542 103930403 56415946040 1628834973 31 36705518 1726411268
======================
   8      33 sdc1 80050336 17794 4400200150 97621550 70842854 103932216 56418605936 1628942926 30 36710519 1726520944
======================
   8      33 sdc1 80050347 17794 4400200238 97626193 70843162 103934035 56421259088 1629047054 24 36715520 1726631999
======================
   8      33 sdc1 80050357 17794 4400200318 97630781 70843458 103935866 56423908232 1629136166 21 36720522 1726728299
======================
   8      33 sdc1 80050368 17794 4400200406 97635517 70843755 103937683 56426569360 1629257044 17 36725525 1726850397
======================
   8      33 sdc1 80050379 17794 4400200494 97640149 70844075 103939490 56429211776 1629354285 13 36730527 1726952925
======================
   8      33 sdc1 80050390 17794 4400200582 97645189 70844373 103941506 56431881312 1629458469 44 36735529 1727063378
======================
   8      33 sdc1 80050401 17794 4400200670 97649931 70844685 103943277 56434545248 1629587690 26 36740531 1727190942
======================
   8      33 sdc1 80050412 17794 4400200758 97654649 70845003 103945110 56437191696 1629690632 30 36745533 1727299582
======================
   8      33 sdc1 80050422 17794 4400200838 97658814 70845363 103946878 56439866608 1629830479 23 36750536 1727451999
======================
   8      33 sdc1 80050433 17794 4400200926 97663644 70845675 103948691 56442527848 1629944662 22 36755539 1727566155
======================
   8      33 sdc1 80050444 17794 4400201014 97668389 70846006 103950486 56445179648 1630041243 16 36760541 1727666597
======================
   8      33 sdc1 80050454 17794 4400201094 97672753 70846391 103952230 56447849192 1630202414 9 36765544 1727833374
======================
   8      33 sdc1 80050466 17794 4400201190 97677933 70846710 103954218 56450502384 1630319555 36 36770547 1727954328
======================
   8      33 sdc1 80050477 17794 4400201278 97682505 70847048 103956007 56453178656 1630418938 32 36775549 1728062107
======================
   8      33 sdc1 80050487 17794 4400201358 97687378 70847378 103957806 56455845512 1630534479 25 36780551 1728176619
======================
   8      33 sdc1 80050498 17794 4400201446 97692070 70847702 103959509 56458502528 1630641901 3 36785553 1728287117
======================
   8      33 sdc1 80050510 17794 4400201542 97696815 70848026 103961421 56461177464 1630734983 17 36790556 1728388105
======================
   8      33 sdc1 80050519 17794 4400201614 97700949 70848355 103963186 56463845624 1630849857 9 36795558 1728507243
======================
   8      33 sdc1 80050531 17794 4400201710 97706026 70848679 103965168 56466508472 1630972027 37 36800560 1728636940
======================
   8      33 sdc1 80050542 17794 4400201798 97710854 70849018 103966962 56469176712 1631080275 31 36805563 1728746163
======================
   8      33 sdc1 80050553 17794 4400201886 97715365 70849412 103968665 56471839248 1631227075 52 36810566 1728901144
======================
   8      33 sdc1 80050563 17794 4400201966 97719930 70849799 103970435 56474507464 1631341232 19 36815569 1729017798
======================
   8      33 sdc1 80050573 17794 4400202046 97724809 70850153 103972375 56477183752 1631513516 45 36820571 1729200034
======================
   8      33 sdc1 80050583 17794 4400202126 97729097 70850484 103973991 56479825888 1631639260 10 36825574 1729324666
======================
   8      33 sdc1 80050594 17794 4400202214 97733981 70850822 103975952 56482477608 1631752248 36 36830576 1729445549
======================
   8      33 sdc1 80050601 17794 4400202270 97736715 70851068 103977015 56484307864 1631844535 0 36834014 1729533736
started
======================
   8      33 sdc1 80053570 20246 4401520312 97820117 70851079 103977016 56484307960 1631844557 34 36836538 1729617662
======================
   8      33 sdc1 80059567 25677 4404445624 97995910 70851081 103977020 56484308008 1631844658 33 36841783 1729793525
======================
   8      33 sdc1 80065194 30965 4407239096 98160643 70851081 103977020 56484308008 1631844658 33 36846785 1729958270
======================
   8      33 sdc1 80070848 36254 4410032568 98326174 70851081 103977020 56484308008 1631844658 33 36851786 1730123791
======================
   8      33 sdc1 80076475 41540 4412826552 98490914 70851081 103977020 56484308008 1631844658 32 36856787 1730288514
======================
   8      33 sdc1 80082102 46828 4415620024 98655661 70851081 103977020 56484308008 1631844658 33 36861789 1730453292
======================
   8      33 sdc1 80087757 52117 4418413496 98821231 70851081 103977020 56484308008 1631844658 33 36866790 1730618849
======================
   8      33 sdc1 80093385 57403 4421207480 98985993 70851083 103977022 56484308040 1631844716 33 36871792 1730783653
======================
   8      33 sdc1 80099012 62690 4424000952 99150756 70851083 103977022 56484308040 1631844716 33 36876794 1730948428
======================
   8      33 sdc1 80104668 67979 4426794936 99316320 70851083 103977022 56484308040 1631844716 32 36881796 1731113979
======================
   8      33 sdc1 80110294 73266 4429588408 99481026 70851083 103977022 56484308040 1631844716 33 36886797 1731278698
======================
   8      33 sdc1 80115923 78553 4432382392 99645820 70851083 103977022 56484308040 1631844716 33 36891799 1731443474
======================
   8      33 sdc1 80121674 83934 4435223992 99814153 70851083 103977022 56484308040 1631844716 33 36896886 1731611810
======================
   8      33 sdc1 80127303 89220 4438017464 99978941 70851083 103977022 56484308040 1631844716 33 36901888 1731776625
======================
   8      33 sdc1 80132931 94506 4440811448 100143705 70851083 103977022 56484308040 1631844716 33 36906889 1731941338
======================
   8      33 sdc1 80138557 99792 4443604920 100308400 70851083 103977022 56484308040 1631844716 33 36911891 1732106075
======================
   8      33 sdc1 80144211 105081 4446398392 100473918 70851083 103977022 56484308040 1631844716 33 36916892 1732271585
======================
   8      33 sdc1 80149840 110367 4449192376 100638707 70851083 103977022 56484308040 1631844716 33 36921894 1732436358
======================
   8      33 sdc1 80155467 115654 4451985848 100803446 70851083 103977022 56484308040 1631844716 33 36926895 1732601091
======================
   8      33 sdc1 80161122 120943 4454779320 100969011 70851083 103977022 56484308040 1631844716 33 36931896 1732766637
======================
   8      33 sdc1 80166751 126230 4457573304 101133801 70851083 103977022 56484308040 1631844716 33 36936898 1732931417
======================
   8      33 sdc1 80172378 131517 4460366776 101298535 70851083 103977022 56484308040 1631844716 33 36941899 1733096151
======================
   8      33 sdc1 80178032 136807 4463160248 101464105 70851083 103977022 56484308040 1631844716 33 36946901 1733261742
======================
   8      33 sdc1 80183660 142094 4465954232 101628881 70851083 103977022 56484308040 1631844716 33 36951903 1733426511
======================
   8      33 sdc1 80189288 147381 4468748216 101793615 70851083 103977022 56484308040 1631844716 33 36956905 1733591243
======================
   8      33 sdc1 80194943 152670 4471541688 101959226 70851083 103977022 56484308040 1631844716 33 36961906 1733756838
======================
   8      33 sdc1 80200570 157956 4474335160 102123975 70851083 103977022 56484308040 1631844716 33 36966907 1733921576
======================
   8      33 sdc1 80206198 163243 4477129144 102288720 70851083 103977022 56484308040 1631844716 33 36971909 1734086318
======================
   8      33 sdc1 80211854 168532 4479923128 102454321 70851083 103977022 56484308040 1631844716 33 36976911 1734251933
======================
   8      33 sdc1 80217481 173819 4482716600 102619047 70851083 103977022 56484308040 1631844716 33 36981912 1734416653
======================
   8      33 sdc1 80223109 179106 4485510584 102783818 70851083 103977022 56484308040 1631844716 33 36986914 1734581419
======================
   8      33 sdc1 80228765 184394 4488304056 102949380 70851083 103977022 56484308040 1631844716 33 36991916 1734746985
======================
   8      33 sdc1 80234392 189681 4491098040 103114130 70851083 103977022 56484308040 1631844716 33 36996917 1734911713
======================
   8      33 sdc1 80240020 194969 4493892024 103278870 70851083 103977022 56484308040 1631844716 33 37001919 1735076446
======================
   8      33 sdc1 80245675 200258 4496685496 103444409 70851083 103977022 56484308040 1631844716 33 37006921 1735241981
======================
   8      33 sdc1 80251302 205545 4499479480 103609152 70851083 103977022 56484308040 1631844716 33 37011923 1735406741
======================
   8      33 sdc1 80256929 210832 4502272952 103773862 70851083 103977022 56484308040 1631844716 33 37016924 1735571449
======================
   8      33 sdc1 80262583 216121 4505066424 103939402 70851083 103977022 56484308040 1631844716 33 37021925 1735736973
======================
   8      33 sdc1 80268211 221407 4507860408 104104157 70851083 103977022 56484308040 1631844716 33 37026927 1735901714
======================
   8      33 sdc1 80273838 226694 4510653880 104268886 70851083 103977022 56484308040 1631844716 33 37031928 1736066449
======================
   8      33 sdc1 80279495 231984 4513447864 104434483 70851083 103977022 56484308040 1631844716 33 37036930 1736232034
======================
   8      33 sdc1 80285122 237271 4516241848 104599224 70851083 103977022 56484308040 1631844716 33 37041932 1736396789
======================
   8      33 sdc1 80290750 242557 4519035320 104763977 70851083 103977022 56484308040 1631844716 33 37046933 1736561522
======================
   8      33 sdc1 80296404 247846 4521828792 104929456 70851083 103977022 56484308040 1631844716 33 37051935 1736727038
======================
   8      33 sdc1 80302032 253132 4524622776 105094189 70851083 103977022 56484308040 1631844716 33 37056936 1736891722
