======================
   8      33 sdc1 16412366 48519 2085123436 86926919 52950568 48810144 30028620720 1170544095 0 19117796 1257454725
======================
   8      33 sdc1 16412382 48519 2085123564 86930445 52950890 48811828 30030917168 1170678939 15 19122133 1257596293
======================
   8      33 sdc1 16412393 48519 2085123652 86934780 52951040 48813788 30033421496 1170729044 23 19126886 1257648268
======================
   8      33 sdc1 16412402 48519 2085123724 86939247 52951191 48815519 30035999288 1170778176 7 19131886 1257703353
======================
   8      33 sdc1 16412413 48519 2085123812 86943572 52951338 48817470 30038525232 1170832598 13 19136666 1257763481
======================
   8      33 sdc1 16412424 48519 2085123900 86947684 52951487 48819413 30041092280 1170887926 15 19141544 1257823006
======================
   8      33 sdc1 16412434 48519 2085123980 86951928 52951641 48821364 30043694776 1170949678 16 19146425 1257889320
======================
   8      33 sdc1 16412445 48519 2085124068 86956151 52951783 48823316 30046138816 1171009040 26 19151120 1257951047
======================
   8      33 sdc1 16412456 48519 2085124156 86960515 52951953 48825140 30048799144 1171083983 9 19156122 1258032245
======================
   8      33 sdc1 16412466 48519 2085124236 86964381 52952097 48827260 30051371560 1171159296 24 19160980 1258113387
======================
   8      33 sdc1 16412476 48519 2085124316 86968592 52952248 48829016 30053941288 1171218882 14 19165982 1258172647
======================
   8      33 sdc1 16412487 48519 2085124404 86972954 52952393 48830971 30056453536 1171264124 19 19170811 1258222998
======================
   8      33 sdc1 16412496 48519 2085124476 86976597 52952765 48832491 30058975464 1171383064 21 19175591 1258353194
======================
   8      33 sdc1 16412506 48519 2085124556 86980779 52953000 48834144 30061405808 1171487058 10 19180299 1258454313
======================
   8      33 sdc1 16412517 48519 2085124644 86985355 52953277 48836032 30064017112 1171587509 12 19185300 1258560500
======================
   8      33 sdc1 16412527 48519 2085124724 86989595 52953552 48837849 30066575832 1171667777 17 19190219 1258645738
======================
   8      33 sdc1 16412538 48519 2085124812 86993769 52953801 48839690 30069069016 1171742618 31 19195021 1258725492
======================
   8      33 sdc1 16412547 48519 2085124884 86997674 52954072 48841323 30071540432 1171826092 18 19199747 1258810417
======================
   8      33 sdc1 16412558 48519 2085124972 87002000 52954329 48843151 30074026896 1171903670 32 19204540 1258893273
======================
   8      33 sdc1 16412568 48519 2085125052 87006180 52954597 48844753 30076621200 1171998513 0 19209480 1258988393
======================
   8      33 sdc1 16412579 48519 2085125140 87010822 52954888 48846824 30079258232 1172089415 26 19214453 1259086987
======================
   8      33 sdc1 16412589 48519 2085125220 87014750 52955158 48848510 30081736376 1172176060 23 19219132 1259181930
======================
   8      33 sdc1 16412599 48519 2085125300 87018634 52955410 48850162 30084140920 1172267505 16 19223661 1259279436
======================
   8      33 sdc1 16412609 48519 2085125380 87023158 52955685 48851989 30086724344 1172352714 21 19228527 1259364208
======================
   8      33 sdc1 16412621 48519 2085125476 87027058 52956213 48853769 30089402160 1172728117 47 19233530 1259751472
======================
   8      33 sdc1 16412632 48519 2085125564 87031776 52956521 48855403 30092054904 1172883188 14 19238532 1259904779
======================
   8      33 sdc1 16412641 48519 2085125636 87035815 52956811 48857017 30094486592 1172978284 6 19243094 1259999125
======================
   8      33 sdc1 16412652 48519 2085125724 87039949 52957129 48858912 30097147896 1173072499 17 19248097 1260097260
======================
   8      33 sdc1 16412663 48519 2085125812 87043898 52957428 48860609 30099683512 1173154091 10 19252890 1260185607
======================
   8      33 sdc1 16412672 48519 2085125884 87047737 52957731 48862379 30102235256 1173254302 16 19257684 1260289994
======================
   8      33 sdc1 16412683 48519 2085125972 87051893 52958052 48864168 30104888248 1173353325 13 19262685 1260392664
======================
   8      33 sdc1 16412694 48519 2085126060 87056234 52958364 48865974 30107524216 1173455992 0 19267683 1260495899
======================
   8      33 sdc1 16412704 48519 2085126140 87060439 52958669 48867824 30110084152 1173544401 19 19272503 1260592364
======================
   8      33 sdc1 16412714 48519 2085126220 87064451 52958961 48869440 30112543224 1173625703 7 19277148 1260676777
======================
   8      33 sdc1 16412725 48519 2085126308 87068950 52959252 48871224 30114981880 1173717770 25 19281743 1260772224
======================
   8      33 sdc1 16412737 48519 2085126404 87072954 52959783 48873135 30117641848 1173939281 88 19286736 1261043623
======================
   8      33 sdc1 16412745 48519 2085126468 87076427 52960099 48874379 30120132112 1174123693 5 19291448 1261185905
======================
   8      33 sdc1 16412757 48519 2085126564 87081564 52960433 48876177 30122786696 1174210785 3 19296449 1261276050
======================
   8      33 sdc1 16412766 48519 2085126636 87085407 52960742 48877980 30125202496 1174324800 25 19300985 1261400862
======================
   8      33 sdc1 16412777 48519 2085126724 87089531 52961076 48879752 30127841792 1174430369 24 19305968 1261509109
======================
   8      33 sdc1 16412786 48519 2085126796 87093648 52961391 48881342 30130317248 1174523406 10 19310624 1261604163
======================
   8      33 sdc1 16412797 48519 2085126884 87098189 52961698 48883040 30132732800 1174610628 21 19315173 1261693486
======================
   8      33 sdc1 16412808 48519 2085126972 87102295 52962041 48884875 30135395200 1174735312 31 19320175 1261825792
======================
   8      33 sdc1 16412818 48519 2085127052 87106856 52962375 48886539 30138057864 1174839899 6 19325177 1261931734
======================
   8      33 sdc1 16412828 48519 2085127132 87110841 52962704 48888296 30140585656 1174931936 4 19329955 1262028215
======================
   8      33 sdc1 16412839 48519 2085127220 87115028 52963010 48890063 30143009272 1175026449 29 19334510 1262133169
======================
   8      33 sdc1 16412849 48519 2085127300 87119191 52963344 48891775 30145663608 1175143159 86 19339513 1262266536
======================
   8      33 sdc1 16412860 48519 2085127388 87123101 52963903 48893384 30148332992 1175437010 20 19344516 1262552347
======================
   8      33 sdc1 16412871 48519 2085127476 87127373 52964258 48895130 30150973624 1175540223 18 19349499 1262658707
======================
   8      33 sdc1 16412881 48519 2085127556 87131570 52964603 48896948 30153604608 1175651284 20 19354448 1262775526
started
======================
   8      33 sdc1 16413003 48519 2085128526 87133069 52964739 48897456 30154460328 1175693110 0 19356088 1262809806
======================
   8      33 sdc1 16413042 48519 2085128838 87133288 52964739 48897456 30154460328 1175693110 0 19356106 1262810025
======================
   8      33 sdc1 16413042 48519 2085128838 87133288 53083983 48897458 30155440304 1176036926 148 19358546 1263154091
======================
   8      33 sdc1 16413042 48519 2085128838 87133288 53327996 48897460 30157463600 1176745870 138 19363543 1263866495
======================
   8      33 sdc1 16413042 48519 2085128838 87133288 53403580 48897461 30158089472 1176971870 0 19365105 1264088689
======================
   8      33 sdc1 16413042 48519 2085128838 87133288 53611254 48897462 30159819128 1177576614 151 19369373 1264693650
======================
   8      33 sdc1 16413042 48519 2085128838 87133288 53773799 48897463 30161161520 1178047800 0 19372697 1265164658
======================
   8      33 sdc1 16413042 48519 2085128838 87133288 53962561 48897465 30162740904 1178599625 147 19376611 1265719011
======================
   8      33 sdc1 16413042 48519 2085128838 87133288 54143967 48897466 30164233568 1179127781 0 19380317 1266244697
======================
   8      33 sdc1 16413042 48519 2085128838 87133288 54268197 48897467 30165267760 1179489670 134 19382872 1266606981
======================
   8      33 sdc1 16413042 48519 2085128838 87133288 54512690 48897468 30167297048 1180198372 44 19387879 1267317453
======================
   8      33 sdc1 16413042 48519 2085128838 87133288 54588838 48897469 30167934384 1180421423 135 19389466 1267538565
======================
   8      33 sdc1 16413042 48519 2085128838 87133288 54831685 48897470 30169960456 1181127181 142 19394456 1268246379
======================
   8      33 sdc1 16413042 48519 2085128838 87133288 54914264 48897471 30170644224 1181369977 132 19396169 1268487043
======================
   8      33 sdc1 16413042 48519 2085128838 87133288 55157183 48897472 30172677520 1182079165 143 19401183 1269196357
======================
   8      33 sdc1 16413042 48519 2085128838 87133288 55322309 48897473 30174052008 1182557559 138 19404581 1269674666
======================
   8      33 sdc1 16413042 48519 2085128838 87133288 55564674 48897474 30176079632 1183262508 149 19409572 1270381179
======================
   8      33 sdc1 16413042 48519 2085128838 87133288 55674265 48897475 30176988032 1183581557 138 19411837 1270698627
======================
   8      33 sdc1 16413042 48519 2085128838 87133288 55916913 48897476 30179016920 1184288119 144 19416833 1271406597
======================
   8      33 sdc1 16413042 48519 2085128838 87133288 56069926 48897477 30180292064 1184736130 156 19419991 1271854191
======================
   8      33 sdc1 16413042 48519 2085128838 87133288 56313466 48897479 30182304512 1185450656 139 19424993 1272567767
======================
   8      33 sdc1 16413042 48519 2085128838 87133288 56366628 48897480 30182738416 1185602650 141 19426080 1272719758
======================
   8      33 sdc1 16413042 48519 2085128838 87133288 56612763 48897482 30184766720 1186310563 153 19431095 1273428802
======================
   8      33 sdc1 16413042 48519 2085128838 87133288 56716452 48897483 30185623240 1186614866 0 19433231 1273732089
======================
   8      33 sdc1 16413042 48519 2085128838 87133288 56924403 48897484 30187363976 1187224005 150 19437535 1274342142
======================
   8      33 sdc1 16413042 48519 2085128838 87133288 57083118 48897485 30188678904 1187688822 0 19440796 1274805961
======================
   8      33 sdc1 16413042 48519 2085128838 87133288 57207287 48897486 30189715152 1188050616 154 19443356 1275168470
======================
   8      33 sdc1 16413042 48519 2085128838 87133288 57449753 48897488 30191726376 1188755906 0 19448328 1275872958
======================
   8      33 sdc1 16413042 48519 2085128838 87133288 57555571 48897489 30192604560 1189065369 156 19450517 1276182925
======================
   8      33 sdc1 16413042 48519 2085128838 87133288 57800535 48897490 30194620680 1189779368 138 19455519 1276896800
======================
   8      33 sdc1 16413042 48519 2085128838 87133288 57827604 48897490 30194842408 1189858202 153 19456081 1276975471
======================
   8      33 sdc1 16413042 48519 2085128838 87133288 58073635 48897491 30196862240 1190568682 139 19461085 1277690557
======================
   8      33 sdc1 16413042 48519 2085128838 87133288 58192053 48897492 30197829512 1190914134 0 19463489 1278031155
======================
   8      33 sdc1 16413042 48519 2085128838 87133288 58337678 48897493 30199028080 1191334335 142 19466478 1278451540
======================
   8      33 sdc1 16413042 48519 2085128838 87133288 58563306 48897496 30200893368 1191992011 0 19471097 1279108968
======================
   8      33 sdc1 16413042 48519 2085128838 87133288 58654510 48897497 30201660464 1192261984 155 19473010 1279379138
======================
   8      33 sdc1 16413042 48519 2085128838 87133288 58899124 48897498 30203688936 1192971826 133 19478018 1280093468
======================
   8      33 sdc1 16413042 48519 2085128838 87133288 58969008 48897499 30204268112 1193181908 135 19479479 1280299200
======================
   8      33 sdc1 16413042 48519 2085128838 87133288 59211700 48897500 30206301720 1193889672 130 19484481 1281006999
======================
   8      33 sdc1 16413042 48519 2085128838 87133288 59434791 48897501 30208163128 1194538198 140 19489074 1281655506
======================
   8      33 sdc1 16413042 48519 2085128838 87133288 59658829 48897502 30210052168 1195194508 0 19493727 1282311473
======================
   8      33 sdc1 16413042 48519 2085128838 87133288 59829031 48897503 30211480608 1195691834 128 19497255 1282809274
======================
   8      33 sdc1 16413042 48519 2085128838 87133288 60022537 48897507 30213107832 1196259100 0 19501263 1283376249
======================
   8      33 sdc1 16413042 48519 2085128838 87133288 60228101 48897509 30214822464 1196860272 154 19505512 1283980866
======================
   8      33 sdc1 16413042 48519 2085128838 87133288 60391273 48897510 30216163496 1197338596 0 19508848 1284455646
======================
   8      33 sdc1 16413042 48519 2085128838 87133288 60473306 48897511 30216840088 1197576213 148 19510537 1284693467
======================
   8      33 sdc1 16413042 48519 2085128838 87133288 60718727 48897514 30218864240 1198286187 143 19515543 1285406661
======================
   8      33 sdc1 16413042 48519 2085128838 87133288 60816161 48897515 30219678024 1198576346 146 19517584 1285693726
======================
   8      33 sdc1 16413042 48519 2085128838 87133288 61059936 48897516 30221703888 1199284130 149 19522580 1286404288
======================
   8      33 sdc1 16413042 48519 2085128838 87133288 61166159 48897517 30222582496 1199598713 142 19524792 1286716084
======================
   8      33 sdc1 16413042 48519 2085128838 87133288 61411567 48897519 30224628968 1200314287 141 19529847 1287431673
======================
   8      33 sdc1 16413042 48519 2085128838 87133288 61615648 48897520 30226324392 1200906660 147 19534031 1288026411
======================
   8      33 sdc1 16413042 48519 2085128838 87133288 61847250 48897523 30228222312 1201580357 0 19538749 1288697648
======================
   8      33 sdc1 16413042 48519 2085128838 87133288 61904054 48897524 30228689104 1201743885 150 19539920 1288861305
======================
   8      33 sdc1 16413042 48519 2085128838 87133288 62149869 48897525 30230725088 1202456389 132 19544949 1289575928
======================
   8      33 sdc1 16413042 48519 2085128838 87133288 62284062 48897526 30231847208 1202850613 139 19547730 1289968118
======================
   8      33 sdc1 16413042 48519 2085128838 87133288 62525722 48897527 30233872824 1203556070 155 19552729 1290675587
======================
   8      33 sdc1 16413042 48519 2085128838 87133288 62650968 48897528 30234911128 1203921582 145 19555307 1291039247
======================
   8      33 sdc1 16413042 48519 2085128838 87133288 62892786 48897530 30236936456 1204625543 139 19560299 1291743250
======================
   8      33 sdc1 16413042 48519 2085128838 87133288 63103936 48897531 30238696528 1205238780 137 19564638 1292357927
======================
   8      33 sdc1 16413042 48519 2085128838 87133288 63317120 48897532 30240461352 1205863615 0 19569021 1292981245
======================
   8      33 sdc1 16413042 48519 2085128838 87133288 63361536 48897533 30240829376 1205991387 138 19569942 1293109266
======================
   8      33 sdc1 16413042 48519 2085128838 87133288 63605041 48897534 30242850800 1206696639 133 19574930 1293815700
======================
   8      33 sdc1 16413042 48519 2085128838 87133288 63736470 48897535 30243945344 1207083819 147 19577662 1294202688
======================
   8      33 sdc1 16413042 48519 2085128838 87133288 63979711 48897537 30245966088 1207796169 145 19582663 1294914865
======================
   8      33 sdc1 16413042 48519 2085128838 87133288 64054639 48897538 30246572704 1208012332 0 19584188 1295130344
======================
   8      33 sdc1 16413042 48519 2085128838 87133288 64258428 48897539 30248249912 1208599196 153 19588346 1295717553
======================
   8      33 sdc1 16413042 48519 2085128838 87133288 64440625 48897540 30249765952 1209129432 130 19592110 1296247896
======================
   8      33 sdc1 16413042 48519 2085128838 87133288 64684409 48897542 30251817640 1209839210 141 19597153 1296957950
======================
   8      33 sdc1 16413042 48519 2085128838 87133288 64896327 48897543 30253586664 1210458501 138 19601523 1297576902
======================
   8      33 sdc1 16413042 48519 2085128838 87133288 65138114 48897544 30255619872 1211164699 149 19606517 1298283176
======================
   8      33 sdc1 16413042 48519 2085128838 87133288 65375647 48897545 30257607704 1211856592 151 19611416 1298974838
======================
   8      33 sdc1 16413042 48519 2085128838 87133288 65542924 48897546 30259000136 1212347182 0 19614874 1299465142
======================
   8      33 sdc1 16413042 48519 2085128838 87133288 65718447 48897546 30260471824 1212863281 139 19618517 1299981368
======================
   8      33 sdc1 16413042 48519 2085128838 87133288 65909499 48897547 30262055776 1213421518 0 19622436 1300539393
======================
   8      33 sdc1 16413042 48519 2085128838 87133288 66061369 48897548 30263326080 1213864062 129 19625590 1300982216
======================
   8      33 sdc1 16413042 48519 2085128838 87133288 66274677 48897549 30265111440 1214486581 0 19629992 1301604800
======================
   8      33 sdc1 16413042 48519 2085128838 87133288 66507788 48897550 30267050344 1215163074 155 19634775 1302285705
======================
   8      33 sdc1 16413042 48519 2085128838 87133288 66644986 48897551 30268167104 1215564612 0 19637563 1302682730
======================
   8      33 sdc1 16413042 48519 2085128838 87133288 66814685 48897552 30269564152 1216052241 150 19641027 1303170881
======================
   8      33 sdc1 16413042 48519 2085128838 87133288 67014231 48897556 30271222768 1216631570 0 19645128 1303750038
======================
   8      33 sdc1 16413042 48519 2085128838 87133288 67193644 48897558 30272732696 1217155427 140 19648849 1304274190
======================
   8      33 sdc1 16413042 48519 2085128838 87133288 67380379 48897559 30274278432 1217699749 0 19652680 1304818204
======================
   8      33 sdc1 16413042 48519 2085128838 87133288 67570397 48897560 30275856304 1218254105 137 19656595 1305372838
