======================
   8      33 sdc1 39034441 21 1954376750 31665224 36786301 50689771 27557254576 854475287 0 18319623 886116155
started
======================
   8      33 sdc1 39034450 21 1954376822 31665969 36786403 50690258 27557903800 854498169 7 18320862 886142465
======================
   8      33 sdc1 39034462 21 1954376918 31670657 36786754 50692254 27560665616 854599694 24 18326038 886251114
======================
   8      33 sdc1 39034474 21 1954377014 31674940 36787085 50694016 27563278272 854716182 18 18331000 886370665
======================
   8      33 sdc1 39034485 21 1954377102 31679073 36787412 50695743 27565906744 854832186 1 18336008 886487196
======================
   8      33 sdc1 39034495 21 1954377182 31682951 36787752 50697716 27568498128 854964644 28 18340918 886629965
======================
   8      33 sdc1 39034505 21 1954377262 31687013 36788089 50699484 27571124584 855064847 28 18345900 886731900
======================
   8      33 sdc1 39034517 21 1954377358 31690669 36788674 50701152 27573773832 855296971 115 18350940 887024220
======================
   8      33 sdc1 39034528 21 1954377446 31693087 36789494 50702474 27576424760 855894731 136 18355942 887610897
======================
   8      33 sdc1 39034538 21 1954377526 31694976 36790340 50703766 27579066936 856509501 134 18360944 888243060
======================
   8      33 sdc1 39034549 21 1954377614 31697680 36791146 50705063 27581704616 857088594 107 18365946 888813943
======================
   8      33 sdc1 39034561 21 1954377710 31700161 36791975 50706513 27584347168 857703102 155 18370948 889422703
======================
   8      33 sdc1 39034571 21 1954377790 31702416 36792826 50707802 27587034200 858273638 139 18376039 890001654
======================
   8      33 sdc1 39034582 21 1954377878 31704401 36793805 50709041 27589807824 858922033 119 18381284 890657515
======================
   8      33 sdc1 39034593 21 1954377966 31706612 36794781 50710212 27592461792 859544080 128 18386309 891269268
======================
   8      33 sdc1 39034602 21 1954378038 31708108 36795778 50711325 27595093920 860165210 42 18391311 891854179
======================
   8      33 sdc1 39034615 21 1954378142 31710426 36796771 50712608 27597736744 860715086 149 18396314 892447376
======================
   8      33 sdc1 39034626 21 1954378230 31712594 36797763 50713756 27600385664 861312726 141 18401319 893048732
======================
   8      33 sdc1 39034636 21 1954378310 31714517 36798847 50714866 27603221568 861974655 111 18406675 893703591
======================
   8      33 sdc1 39034646 21 1954378390 31716226 36800017 50715833 27605862928 862598443 116 18411677 894333926
======================
   8      33 sdc1 39034657 21 1954378478 31717508 36801212 50716899 27608514128 863198827 104 18416679 894932531
======================
   8      33 sdc1 39034668 21 1954378566 31719339 36802361 50717955 27611176648 863828629 146 18421682 895568298
======================
   8      33 sdc1 39034679 21 1954378654 31721067 36803469 50718986 27613830392 864452696 132 18426685 896189899
======================
   8      33 sdc1 39034690 21 1954378742 31722509 36804542 50720079 27616491968 865082073 147 18431686 896830533
======================
   8      33 sdc1 39034702 21 1954378838 31724548 36805884 50721123 27619506296 865821917 114 18437355 897562572
======================
   8      33 sdc1 39034713 21 1954378926 31726062 36807115 50722196 27622165864 866412254 131 18442356 898153440
======================
   8      33 sdc1 39034724 21 1954379014 31727754 36808339 50723121 27624833080 867031402 143 18447382 898769434
======================
   8      33 sdc1 39034735 21 1954379102 31729599 36809548 50724075 27627488376 867649200 140 18452383 899389301
======================
   8      33 sdc1 39034745 21 1954379182 31731166 36810740 50725034 27630141888 868278292 142 18457388 900021851
======================
   8      33 sdc1 39034757 21 1954379278 31732909 36811963 50725992 27632805720 868908378 153 18462389 900656846
======================
   8      33 sdc1 39034767 21 1954379358 31734328 36813247 50726899 27635472080 869525482 120 18467416 901269170
======================
   8      33 sdc1 39034777 21 1954379438 31735948 36814501 50727782 27638132064 870168225 111 18472417 901913086
======================
   8      33 sdc1 39034789 21 1954379534 31737804 36815767 50728712 27640809000 870810040 134 18477460 902563741
======================
   8      33 sdc1 39034800 21 1954379622 31739613 36817017 50729639 27643466200 871438117 157 18482461 903186331
======================
   8      33 sdc1 39034810 21 1954379702 31741217 36818292 50730575 27646117096 872065373 130 18487463 903818811
======================
   8      33 sdc1 39034821 21 1954379790 31742792 36819549 50731458 27648782328 872701104 146 18492464 904452501
======================
   8      33 sdc1 39034832 21 1954379878 31744209 36820901 50732277 27651445648 873328206 130 18497468 905083944
======================
   8      33 sdc1 39034842 21 1954379958 31745659 36822273 50733051 27654098192 873970582 116 18502469 905728926
======================
   8      33 sdc1 39034854 21 1954380054 31747311 36823622 50733961 27656770024 874627121 152 18507489 906385052
======================
   8      33 sdc1 39034865 21 1954380142 31748767 36824960 50734775 27659431848 875260518 132 18512492 907020593
======================
   8      33 sdc1 39034875 21 1954380222 31750130 36826336 50735632 27662169696 875932811 141 18517638 907693210
======================
   8      33 sdc1 39034886 21 1954380310 31751590 36827714 50736355 27664828264 876575461 136 18522640 908338596
======================
   8      33 sdc1 39034898 21 1954380406 31753391 36829125 50737181 27667525048 877221823 146 18527700 908985311
======================
   8      33 sdc1 39034908 21 1954380486 31754643 36830599 50737999 27670223224 877851894 153 18532779 909614547
======================
   8      33 sdc1 39034919 21 1954380574 31756135 36832036 50738706 27672897432 878493416 135 18537813 910257277
======================
   8      33 sdc1 39034930 21 1954380662 31757595 36833443 50739481 27675560520 879133403 153 18542814 910898307
======================
   8      33 sdc1 39034940 21 1954380742 31759021 36834873 50740187 27678216240 879780579 137 18547816 911548798
