======================
   8      33 sdc1 497321 2 125900522 1459923 541982 10300210 6095926896 175479955 0 2519465 176938939
======================
   8      33 sdc1 497339 2 125900666 1463053 542711 10301656 6098227376 175883789 54 2523784 177372440
======================
   8      33 sdc1 497349 2 125900746 1467531 542899 10303418 6100864128 175982933 15 2528788 177451579
======================
   8      33 sdc1 497359 2 125900826 1471478 543053 10305339 6103452928 176037760 14 2533686 177514497
======================
   8      33 sdc1 497369 2 125900906 1475518 543201 10307096 6106007624 176109029 3 2538541 177584603
======================
   8      33 sdc1 497381 2 125901002 1480135 543352 10309229 6108660616 176171275 15 2543541 177653252
======================
   8      33 sdc1 497391 2 125901082 1484414 543501 10311175 6111245128 176225719 21 2548382 177711550
======================
   8      33 sdc1 497401 2 125901162 1488318 543688 10312894 6113821824 176287034 6 2553219 177777080
======================
   8      33 sdc1 497412 2 125901250 1492656 543906 10314851 6116392264 176342312 10 2558069 177837446
======================
   8      33 sdc1 497422 2 125901330 1496817 544124 10316740 6119025928 176405600 9 2563013 177904872
======================
   8      33 sdc1 497434 2 125901426 1500322 544715 10318393 6121685896 176722661 101 2568016 178269729
======================
   8      33 sdc1 497446 2 125901522 1502974 545570 10319767 6124334856 177294137 158 2573019 178841243
======================
   8      33 sdc1 497457 2 125901610 1505174 546674 10320744 6127001640 177908427 94 2578021 179441429
======================
   8      33 sdc1 497466 2 125901682 1508736 547146 10322358 6129668344 178273337 21 2583025 179786027
======================
   8      33 sdc1 497477 2 125901770 1513366 547438 10324130 6132313008 178363226 11 2588025 179879293
======================
   8      33 sdc1 497487 2 125901850 1517547 547732 10325979 6134949624 178448905 16 2593017 179971601
======================
   8      33 sdc1 497498 2 125901938 1521697 548022 10327793 6137591616 178531680 14 2598019 180058875
======================
   8      33 sdc1 497509 2 125902026 1526062 548313 10329606 6140244616 178619820 12 2603019 180148793
======================
   8      33 sdc1 497519 2 125902106 1530244 548619 10331408 6142905936 178713878 6 2608022 180245371
======================
   8      33 sdc1 497530 2 125902194 1534452 548934 10333259 6145545624 178825891 6 2612994 180361943
======================
   8      33 sdc1 497542 2 125902290 1539042 549269 10335206 6148196048 178943743 33 2617995 180482464
======================
   8      33 sdc1 497553 2 125902378 1543226 549735 10336796 6150876048 179146212 63 2622998 180725500
======================
   8      33 sdc1 497564 2 125902466 1545444 550620 10338042 6153545432 179686782 61 2628001 181266520
======================
   8      33 sdc1 497575 2 125902554 1548010 551516 10339254 6156216496 180285702 82 2633005 181869330
======================
   8      33 sdc1 497586 2 125902642 1551004 552494 10340602 6158883264 180814619 49 2638006 182385605
======================
   8      33 sdc1 497596 2 125902722 1555648 552837 10342391 6161552752 180971375 32 2643009 182527880
======================
   8      33 sdc1 497606 2 125902802 1559447 553150 10343995 6164120880 181054763 7 2647837 182616363
======================
   8      33 sdc1 497618 2 125902898 1564026 553476 10345948 6166756144 181147205 38 2652840 182713063
======================
   8      33 sdc1 497628 2 125902978 1568607 553803 10347691 6169418808 181244214 23 2657841 182815709
======================
   8      33 sdc1 497639 2 125903066 1572676 554130 10349505 6172066176 181334824 30 2662842 182914428
======================
   8      33 sdc1 497650 2 125903154 1577027 554481 10351259 6174723464 181440139 27 2667846 183019506
======================
   8      33 sdc1 497660 2 125903234 1581002 554849 10352998 6177387208 181591498 22 2672847 183179547
======================
   8      33 sdc1 497671 2 125903322 1585244 555225 10354781 6180049032 181705500 15 2677847 183294915
======================
   8      33 sdc1 497683 2 125903418 1588219 556056 10356172 6182719760 182155610 103 2682850 183785215
======================
   8      33 sdc1 497694 2 125903506 1590577 556947 10357500 6185391824 182760495 145 2687851 184400251
======================
   8      33 sdc1 497706 2 125903602 1592747 558094 10358758 6188058728 183375138 128 2692854 185026827
======================
   8      33 sdc1 497715 2 125903674 1596501 558487 10360166 6190710360 183730863 25 2697855 185336118
======================
   8      33 sdc1 497725 2 125903754 1601273 558846 10361915 6193392088 183858923 18 2702857 185464477
======================
   8      33 sdc1 497736 2 125903842 1605324 559180 10363674 6195935768 183949694 26 2707686 185557634
======================
   8      33 sdc1 497746 2 125903922 1609129 559520 10365245 6198435928 184045868 8 2712415 185658519
======================
   8      33 sdc1 497756 2 125904002 1613465 559868 10366988 6200980952 184143458 17 2717190 185763733
======================
   8      33 sdc1 497767 2 125904090 1618076 560209 10368725 6203445408 184248088 42 2721842 185868388
======================
   8      33 sdc1 497778 2 125904178 1622628 560587 10370345 6206101344 184366752 13 2726843 185990289
======================
   8      33 sdc1 497788 2 125904258 1626773 560961 10372228 6208637192 184463305 49 2731593 186093609
======================
   8      33 sdc1 497799 2 125904346 1630484 561478 10373703 6211170120 184634126 129 2736353 186302485
======================
   8      33 sdc1 497810 2 125904434 1632829 562392 10374942 6213838320 185271765 127 2741354 186919931
======================
   8      33 sdc1 497820 2 125904514 1635104 563392 10375941 6216507784 185899861 148 2746356 187551318
======================
   8      33 sdc1 497832 2 125904610 1638325 564281 10377390 6219178456 186466480 43 2751359 188149746
======================
   8      33 sdc1 497841 2 125904682 1642025 564657 10378919 6221766360 186620909 0 2756213 188261897
started
======================
   8      33 sdc1 501078 2 126694412 1644927 564668 10378920 6221766456 186620937 2 2757765 188264823
======================
   8      33 sdc1 512405 4 129594636 1654459 564670 10378922 6221766488 186620944 2 2763030 188274354
======================
   8      33 sdc1 523190 4 132355596 1663524 564670 10378922 6221766488 186620944 2 2768031 188283399
======================
   8      33 sdc1 533973 4 135116044 1672594 564670 10378922 6221766488 186620944 1 2773034 188292460
======================
   8      33 sdc1 544761 4 137877772 1681641 564670 10378922 6221766488 186620944 2 2778036 188301499
======================
   8      33 sdc1 555551 4 140640012 1690707 564670 10378922 6221766488 186620944 2 2783038 188310558
======================
   8      33 sdc1 566315 4 143395596 1699774 564672 10378922 6221766504 186620944 2 2788034 188319618
======================
   8      33 sdc1 577164 4 146172940 1708884 564672 10378922 6221766504 186620944 1 2793070 188328719
======================
   8      33 sdc1 587929 4 148928780 1717948 564672 10378922 6221766504 186620944 1 2798064 188337773
======================
   8      33 sdc1 598680 4 151681036 1726985 564672 10378922 6221766504 186620944 1 2803059 188346799
======================
   8      33 sdc1 609442 4 154436108 1736023 564672 10378922 6221766504 186620944 2 2808055 188355825
======================
   8      33 sdc1 620223 4 157196044 1745084 564672 10378922 6221766504 186620944 2 2813061 188364876
======================
   8      33 sdc1 630974 4 159948300 1754098 564672 10378922 6221766504 186620944 2 2818048 188373876
======================
   8      33 sdc1 641901 4 162745612 1763294 564672 10378922 6221766504 186620944 1 2823116 188383058
======================
   8      33 sdc1 652669 4 165502220 1772344 564672 10378922 6221766504 186620944 2 2828114 188392100
======================
   8      33 sdc1 663419 4 168254220 1781392 564672 10378922 6221766504 186620944 1 2833107 188401144
======================
   8      33 sdc1 674168 4 171005964 1790431 564672 10378922 6221766504 186620944 1 2838099 188410166
======================
   8      33 sdc1 684927 4 173760268 1799482 564672 10378922 6221766504 186620944 1 2843096 188419201
======================
   8      33 sdc1 695706 4 176519692 1808572 564672 10378922 6221766504 186620944 1 2848094 188428273
======================
   8      33 sdc1 706633 4 179317004 1817770 564672 10378922 6221766504 186620944 1 2853164 188437462
======================
   8      33 sdc1 717392 4 182071308 1826826 564672 10378922 6221766504 186620944 1 2858161 188446508
======================
   8      33 sdc1 728147 4 184824588 1835860 564672 10378922 6221766504 186620944 2 2863159 188455535
======================
   8      33 sdc1 738909 4 187579660 1844916 564672 10378922 6221766504 186620944 2 2868157 188464584
======================
   8      33 sdc1 749669 4 190334220 1853957 564672 10378922 6221766504 186620944 2 2873154 188473614
======================
   8      33 sdc1 760423 4 193087244 1863001 564672 10378922 6221766504 186620944 2 2878149 188482645
======================
   8      33 sdc1 771292 4 195869708 1872149 564672 10378922 6221766504 186620944 2 2883197 188491783
======================
   8      33 sdc1 782058 4 198625804 1881230 564672 10378922 6221766504 186620944 1 2888194 188500851
======================
   8      33 sdc1 792811 4 201378572 1890277 564672 10378922 6221766504 186620944 2 2893185 188509889
======================
   8      33 sdc1 803575 4 204134156 1899328 564672 10378922 6221766504 186620944 2 2898181 188518932
======================
   8      33 sdc1 814331 4 206887692 1908370 564672 10378922 6221766504 186620944 1 2903176 188527963
======================
   8      33 sdc1 825077 4 209638668 1917384 564672 10378922 6221766504 186620944 2 2908161 188536966
======================
   8      33 sdc1 835983 4 212430604 1926573 564672 10378922 6221766504 186620944 2 2913227 188546144
======================
   8      33 sdc1 846746 4 215185684 1935636 564672 10378922 6221766504 186620944 2 2918224 188555195
======================
   8      33 sdc1 857499 4 217938452 1944663 564672 10378922 6221766504 186620944 2 2923216 188564218
======================
   8      33 sdc1 868248 4 220690196 1953691 564672 10378922 6221766504 186620944 2 2928207 188573237
======================
   8      33 sdc1 878997 4 223441940 1962727 564672 10378922 6221766504 186620944 2 2933197 188582267
======================
   8      33 sdc1 889761 4 226197524 1971784 564672 10378922 6221766504 186620944 1 2938193 188591317
======================
   8      33 sdc1 900511 4 228949524 1980829 564672 10378922 6221766504 186620944 2 2943181 188600354
======================
   8      33 sdc1 911273 4 231704596 1989887 564672 10378922 6221766504 186620944 2 2948176 188609404
======================
   8      33 sdc1 922032 4 234458900 1998938 564672 10378922 6221766504 186620944 2 2953170 188618442
======================
   8      33 sdc1 932794 4 237213972 2007998 564672 10378922 6221766504 186620944 2 2958168 188627497
======================
   8      33 sdc1 943552 4 239968020 2017022 564672 10378922 6221766504 186620944 2 2963157 188636511
======================
   8      33 sdc1 954303 4 242720276 2026045 564672 10378922 6221766504 186620944 2 2968148 188645529
======================
   8      33 sdc1 965052 4 245472020 2035078 564672 10378922 6221766504 186620944 2 2973141 188654556
======================
   8      33 sdc1 975801 4 248223764 2044120 564672 10378922 6221766504 186620944 2 2978135 188663592
======================
   8      33 sdc1 986560 4 250978068 2053160 564672 10378922 6221766504 186620944 2 2983126 188672619
