======================
   8      33 sdc1 3001242 949396 1006825716 35649384 33157691 4103440 4779245472 888587613 0 12089805 924224455
======================
   8      33 sdc1 3001769 949396 1006829932 35650828 33158261 4104065 4780315808 888794024 121 12092164 924489221
======================
   8      33 sdc1 3001773 949396 1006829964 35654122 33158473 4105294 4781709824 889059734 28 12097731 924704484
======================
   8      33 sdc1 3001778 949396 1006830004 35658664 33158557 4106072 4782792584 889110836 15 12102731 924761895
======================
   8      33 sdc1 3001782 949396 1006830036 35662648 33158674 4108198 4783886144 889153726 11 12107676 924808747
======================
   8      33 sdc1 3001786 949396 1006830068 35666574 33158741 4108976 4784973712 889196248 9 12112678 924860118
======================
   8      33 sdc1 3001790 949396 1006830100 35671515 33158810 4109753 4786076400 889244906 6 12117680 924908821
======================
   8      33 sdc1 3001795 949396 1006830140 35675673 33158879 4110519 4787182192 889306146 3 12122683 924973983
======================
   8      33 sdc1 3001800 949396 1006830180 35681409 33158949 4111485 4788274632 889360749 18 12127683 925032086
======================
   8      33 sdc1 3001804 949396 1006830212 35685825 33159011 4112266 4789290528 889435157 18 12132685 925115795
======================
   8      33 sdc1 3001808 949396 1006830244 35690128 33159068 4112854 4790264240 889495809 7 12137688 925178926
======================
   8      33 sdc1 3001812 949396 1006830276 35693662 33159123 4113660 4791183680 889562436 18 12142691 925263093
======================
   8      33 sdc1 3001816 949396 1006830308 35698612 33159185 4114439 4792128128 889642092 19 12147694 925349582
======================
   8      33 sdc1 3001820 949396 1006830340 35703489 33159239 4115219 4793044368 889711712 27 12152697 925423979
======================
   8      33 sdc1 3001823 949396 1006830364 35707095 33159292 4115614 4793961952 889781717 5 12157699 925482921
======================
   8      33 sdc1 3001828 949396 1006830404 35711871 33159354 4116583 4794921968 889826874 24 12162702 925541443
======================
   8      33 sdc1 3001831 949396 1006830428 35717311 33159408 4116988 4795851824 889915777 2 12167705 925620718
======================
   8      33 sdc1 3001834 949396 1006830452 35721077 33159463 4117748 4796779448 889961265 8 12172708 925678480
======================
   8      33 sdc1 3001838 949396 1006830484 35726307 33159519 4118547 4797706064 890046976 19 12177710 925764309
======================
   8      33 sdc1 3001842 949396 1006830516 35729301 33159576 4119134 4798597792 890115969 9 12182711 925851759
======================
   8      33 sdc1 3001846 949396 1006830548 35735597 33159635 4119910 4799544112 890176671 16 12187714 925905320
======================
   8      33 sdc1 3001849 949396 1006830572 35739342 33159691 4120495 4800448000 890225479 9 12192715 925965405
======================
   8      33 sdc1 3001853 949396 1006830604 35745066 33159753 4121163 4801359368 890279206 8 12197404 926011772
======================
   8      33 sdc1 3001858 949396 1006830644 35749195 33159808 4122048 4802283168 890321268 23 12202407 926072543
======================
   8      33 sdc1 3001861 949396 1006830668 35754214 33159865 4122637 4803286704 890398012 11 12207411 926144433
======================
   8      33 sdc1 3001865 949396 1006830700 35758706 33159926 4123254 4804241456 890453089 2 12212412 926199953
======================
   8      33 sdc1 3001868 949396 1006830724 35762263 33159988 4124010 4805229952 890504241 5 12217413 926260504
======================
   8      33 sdc1 3001873 949396 1006830764 35767448 33160043 4124790 4806174928 890558518 12 12222415 926323108
======================
   8      33 sdc1 3001877 949396 1006830796 35772759 33160107 4125577 4807190912 890638864 15 12227417 926403310
======================
   8      33 sdc1 3001881 949396 1006830828 35775161 33160449 4125926 4808168400 891047339 155 12232420 926901515
======================
   8      33 sdc1 3001885 949396 1006830860 35777453 33160801 4126532 4809168576 891451421 56 12237423 927266694
======================
   8      33 sdc1 3001890 949396 1006830900 35782068 33160958 4127224 4810175808 891679492 54 12242424 927512382
======================
   8      33 sdc1 3001894 949396 1006830932 35786534 33161081 4127949 4811138264 891878564 49 12247428 927672651
======================
   8      33 sdc1 3001897 949396 1006830956 35791684 33161194 4128491 4812141216 892037712 28 12252430 927819347
======================
   8      33 sdc1 3001901 949396 1006830988 35796599 33161291 4129065 4813155176 892121913 2 12257433 927906155
======================
   8      33 sdc1 3001905 949396 1006831020 35800325 33161409 4130132 4814228280 892368117 58 12262436 928242397
======================
   8      33 sdc1 3001908 949396 1006831044 35803511 33161526 4130681 4815258016 892592808 28 12267438 928399629
======================
   8      33 sdc1 3001912 949396 1006831076 35808496 33161643 4131408 4816329768 892681838 25 12272442 928488265
======================
   8      33 sdc1 3001916 949396 1006831108 35813542 33161762 4132132 4817381120 892784826 25 12277445 928591034
======================
   8      33 sdc1 3001921 949396 1006831148 35817933 33161887 4132849 4818428432 892865639 25 12282350 928676022
======================
   8      33 sdc1 3001925 949396 1006831180 35822286 33162008 4133576 4819520872 892946444 20 12287352 928764586
======================
   8      33 sdc1 3001929 949396 1006831212 35827059 33162125 4134303 4820584576 893031241 19 12292356 928855392
======================
   8      33 sdc1 3001934 949396 1006831252 35831256 33162255 4135039 4821682528 893109232 13 12297313 928936922
======================
   8      33 sdc1 3001939 949396 1006831292 35836053 33162375 4135790 4822765320 893226415 13 12302315 929059376
======================
   8      33 sdc1 3001945 949396 1006831340 35841032 33162497 4136698 4823864488 893354010 35 12307318 929200929
======================
   8      33 sdc1 3001949 949396 1006831372 35844630 33162621 4137420 4824958264 893503113 31 12312320 929352754
======================
   8      33 sdc1 3001953 949396 1006831404 35849200 33162743 4138144 4826045072 893601107 28 12317323 929454018
======================
   8      33 sdc1 3001959 949396 1006831452 35854287 33162865 4138976 4827138856 893701255 41 12322328 929577908
======================
   8      33 sdc1 3001962 949396 1006831476 35858339 33162993 4139590 4828239360 893866289 18 12327330 929720792
======================
   8      33 sdc1 3001966 949396 1006831508 35862839 33163118 4140324 4829321592 893959098 10 12332332 929818283
======================
   8      33 sdc1 3001971 949396 1006831548 35867957 33163241 4141196 4830424152 894049040 28 12337336 929915092
======================
   8      33 sdc1 3001976 949396 1006831588 35871275 33163380 4141947 4831612200 894152371 18 12342337 930019746
======================
   8      33 sdc1 3001981 949396 1006831628 35876080 33163517 4142848 4832831424 894248437 31 12347340 930120153
======================
   8      33 sdc1 3001985 949396 1006831660 35879408 33163663 4143568 4834071320 894341943 8 12352342 930215321
======================
   8      33 sdc1 3001991 949396 1006831708 35883796 33163816 4144464 4835357424 894438843 10 12357345 930320711
======================
   8      33 sdc1 3001997 949396 1006831756 35888744 33164072 4145350 4836657480 894642232 127 12362346 930627429
======================
   8      33 sdc1 3002002 949396 1006831796 35890836 33164557 4145961 4837997312 895207318 119 12367348 931173728
======================
   8      33 sdc1 3002009 949396 1006831852 35893331 33165238 4146495 4839324560 895806148 147 12372351 931769247
======================
   8      33 sdc1 3002013 949396 1006831884 35895389 33165537 4147177 4840717304 896262724 41 12377360 932161580
======================
   8      33 sdc1 3002018 949396 1006831924 35899622 33165734 4148056 4842137248 896413246 19 12382363 932310157
======================
   8      33 sdc1 3002025 949396 1006831980 35904657 33165895 4149148 4843580480 896500172 26 12387364 932396006
======================
   8      33 sdc1 3002031 949396 1006832028 35909577 33166078 4150166 4845055136 896599363 34 12392365 932506254
======================
   8      33 sdc1 3002037 949396 1006832076 35913434 33166272 4151098 4846630792 896710294 12 12397367 932616729
======================
   8      33 sdc1 3002043 949396 1006832124 35918074 33166466 4152156 4848222984 896813270 8 12402370 932724225
======================
   8      33 sdc1 3002050 949396 1006832180 35922899 33166670 4153393 4849830064 896914286 36 12407374 932833761
======================
   8      33 sdc1 3002057 949396 1006832236 35927425 33166882 4154453 4851515032 897011766 25 12412376 932932283
======================
   8      33 sdc1 3002063 949396 1006832284 35931528 33167084 4155553 4853089648 897109975 22 12417005 933039245
======================
   8      33 sdc1 3002071 949396 1006832348 35936558 33167299 4156648 4854874768 897219939 0 12421989 933143943
======================
   8      33 sdc1 3002078 949396 1006832404 35940953 33167509 4157957 4856597880 897306136 26 12426636 933239159
======================
   8      33 sdc1 3002085 949396 1006832460 35944702 33167746 4159102 4858428464 897407560 11 12431388 933344679
======================
   8      33 sdc1 3002086 949396 1006832468 35945189 33167981 4160513 4860377904 897883811 26 12436390 933893380
======================
   8      33 sdc1 3002087 949396 1006832476 35945806 33168225 4162515 4862337504 898353888 146 12441392 934333899
======================
   8      33 sdc1 3002087 949396 1006832476 35945806 33168455 4163317 4864321312 898881172 45 12446394 934938895
======================
   8      33 sdc1 3002088 949396 1006832484 35946400 33168695 4164808 4866330336 899378270 66 12451397 935476635
======================
   8      33 sdc1 3002088 949396 1006832484 35946400 33169208 4165721 4868304688 899992186 137 12456399 935969353
======================
   8      33 sdc1 3002089 949396 1006832492 35946550 33170053 4166597 4870282008 900608943 133 12461401 936608128
======================
   8      33 sdc1 3002089 949396 1006832492 35946550 33170407 4168056 4872377816 901174648 74 12466405 937262561
======================
   8      33 sdc1 3002090 949396 1006832500 35946688 33170622 4169539 4874365864 901608830 93 12471406 937764137
======================
   8      33 sdc1 3002090 949396 1006832500 35946688 33170839 4171030 4876358608 902103017 102 12476409 938269306
======================
   8      33 sdc1 3002091 949396 1006832508 35947440 33171065 4172418 4878338208 902582382 115 12481412 938692643
======================
   8      33 sdc1 3002091 949396 1006832508 35947440 33171317 4173873 4880379344 903068992 125 12486416 939206307
======================
   8      33 sdc1 3002092 949396 1006832516 35947471 33171558 4175272 4882344256 903582110 145 12491420 939711187
======================
   8      33 sdc1 3002092 949396 1006832516 35947471 33171804 4176601 4884342376 904095703 128 12496421 940222067
======================
   8      33 sdc1 3002093 949396 1006832524 35948300 33172046 4178122 4886317856 904590252 145 12501423 940711374
======================
   8      33 sdc1 3002093 949396 1006832524 35948300 33172275 4179323 4888313880 905177192 117 12506427 941219241
======================
   8      33 sdc1 3002094 949396 1006832532 35949209 33172501 4181032 4890287176 905665253 150 12511430 941708297
======================
   8      33 sdc1 3002094 949396 1006832532 35949209 33172708 4181451 4892280752 906278557 30 12516433 942215490
======================
   8      33 sdc1 3002095 949396 1006832540 35949776 33172948 4183528 4894207200 906735341 149 12521434 942712888
======================
   8      33 sdc1 3002095 949396 1006832540 35949776 33173166 4184079 4896144544 907255890 26 12526437 943275165
======================
   8      33 sdc1 3002096 949396 1006832548 35950065 33173514 4185373 4898056488 907809786 148 12531440 943812287
======================
   8      33 sdc1 3002096 949396 1006832548 35950065 33174234 4186041 4899996616 908474960 145 12536441 944451459
======================
   8      33 sdc1 3002100 949396 1006832580 35950690 33174854 4186985 4901933040 909054206 13 12541444 945018777
======================
   8      33 sdc1 3002100 949396 1006832580 35950690 33175103 4188654 4903912688 909513651 60 12546446 945611200
======================
started
   8      33 sdc1 3002100 949396 1006832580 35950690 33175232 4189114 4905094328 909767106 0 12549581 945705234
======================
   8      33 sdc1 3002104 949396 1006832612 35950698 33176074 4190192 4906884280 910214698 154 12553015 946194081
======================
   8      33 sdc1 3002104 949396 1006832612 35950698 33176919 4191129 4908727480 910909917 142 12558018 946913062
======================
   8      33 sdc1 3002104 949396 1006832612 35950698 33177715 4192020 4910449896 911578888 140 12563020 947581472
======================
   8      33 sdc1 3002104 949396 1006832612 35950698 33178473 4192929 4912139496 912290061 151 12568023 948298910
======================
   8      33 sdc1 3002104 949396 1006832612 35950698 33179224 4193752 4913777920 913009235 138 12573026 949019707
======================
   8      33 sdc1 3002104 949396 1006832612 35950698 33179948 4194585 4915352856 913711946 152 12578029 949724898
======================
   8      33 sdc1 3002104 949396 1006832612 35950698 33180670 4195373 4916905264 914437050 136 12583034 950446091
======================
   8      33 sdc1 3002104 949396 1006832612 35950698 33181332 4196174 4918386048 915146874 148 12588036 951168474
======================
   8      33 sdc1 3002104 949396 1006832612 35950698 33182011 4196923 4919868800 915873140 141 12593040 951889814
======================
   8      33 sdc1 3002104 949396 1006832612 35950698 33182678 4197677 4921302424 916588714 147 12598043 952611551
======================
   8      33 sdc1 3002104 949396 1006832612 35950698 33183320 4198392 4922678728 917307570 148 12603045 953330831
======================
   8      33 sdc1 3002104 949396 1006832612 35950698 33183917 4199091 4923995592 918011353 143 12608049 954048266
======================
   8      33 sdc1 3002104 949396 1006832612 35950698 33184530 4199790 4925322664 918756776 157 12613054 954771588
======================
   8      33 sdc1 3002104 949396 1006832612 35950698 33185100 4200404 4926555584 919460099 133 12618057 955492600
======================
   8      33 sdc1 3002104 949396 1006832612 35950698 33185642 4201016 4927743448 920171513 137 12623059 956215003
======================
   8      33 sdc1 3002104 949396 1006832612 35950698 33186181 4201636 4928908760 920890899 142 12628063 956937219
======================
   8      33 sdc1 3002104 949396 1006832612 35950698 33186685 4202228 4930026992 921612297 152 12633066 957657987
======================
   8      33 sdc1 3002104 949396 1006832612 35950698 33187190 4202778 4931122696 922334555 129 12638069 958378846
======================
   8      33 sdc1 3002104 949396 1006832612 35950698 33187694 4203375 4932236832 923058932 139 12643071 959101590
======================
   8      33 sdc1 3002104 949396 1006832612 35950698 33188181 4203958 4933334584 923778427 133 12648074 959823585
======================
   8      33 sdc1 3002104 949396 1006832612 35950698 33188678 4204540 4934434384 924502942 150 12653077 960542900
======================
   8      33 sdc1 3002104 949396 1006832612 35950698 33189186 4205115 4935544400 925219276 155 12658091 961265738
======================
   8      33 sdc1 3002104 949396 1006832612 35950698 33189645 4205642 4936545896 925916458 146 12663096 961988439
======================
   8      33 sdc1 3002104 949396 1006832612 35950698 33190066 4206118 4937471616 926667378 143 12668098 962710183
======================
   8      33 sdc1 3002104 949396 1006832612 35950698 33190449 4206552 4938315416 927354571 145 12673100 963432167
======================
   8      33 sdc1 3002104 949396 1006832612 35950698 33190828 4206979 4939138712 928076876 151 12678103 964155098
======================
   8      33 sdc1 3002104 949396 1006832612 35950698 33191218 4207416 4939984560 928810524 147 12683107 964878231
======================
   8      33 sdc1 3002104 949396 1006832612 35950698 33191609 4207846 4940830408 929524952 142 12688110 965600328
======================
   8      33 sdc1 3002104 949396 1006832612 35950698 33192038 4208316 4941764320 930254989 130 12693114 966320227
======================
   8      33 sdc1 3002104 949396 1006832612 35950698 33192442 4208792 4942640888 930961642 144 12698118 967041853
======================
   8      33 sdc1 3002104 949396 1006832612 35950698 33192868 4209257 4943572728 931696639 135 12703120 967763359
======================
   8      33 sdc1 3002104 949396 1006832612 35950698 33193283 4209729 4944477968 932415656 138 12708123 968485606
======================
   8      33 sdc1 3002104 949396 1006832612 35950698 33193699 4210189 4945368872 933164484 140 12713125 969207916
======================
   8      33 sdc1 3002104 949396 1006832612 35950698 33194123 4210677 4946298688 933870160 133 12718129 969930372
======================
   8      33 sdc1 3002104 949396 1006832612 35950698 33194550 4211161 4947222360 934592147 156 12723131 970650906
======================
   8      33 sdc1 3002104 949396 1006832612 35950698 33195006 4211673 4948207448 935307001 149 12728134 971372564
======================
   8      33 sdc1 3002104 949396 1006832612 35950698 33195425 4212147 4949129072 936024160 148 12733137 972094708
======================
   8      33 sdc1 3002104 949396 1006832612 35950698 33195854 4212626 4950046600 936753221 137 12738140 972816390
======================
   8      33 sdc1 3002104 949396 1006832612 35950698 33196293 4213126 4951023520 937399563 148 12743143 973540474
======================
   8      33 sdc1 3002104 949396 1006832612 35950698 33196738 4213620 4951982008 938206978 153 12748147 974260659
======================
   8      33 sdc1 3002104 949396 1006832612 35950698 33197183 4214105 4952924088 938921964 156 12753150 974982018
======================
   8      33 sdc1 3002104 949396 1006832612 35950698 33197650 4214601 4953937872 939648339 139 12758153 975703254
======================
   8      33 sdc1 3002104 949396 1006832612 35950698 33198117 4215140 4954937320 940360837 154 12763156 976424764
======================
   8      33 sdc1 3002104 949396 1006832612 35950698 33198585 4215654 4955953152 941092002 136 12768160 977146677
======================
   8      33 sdc1 3002104 949396 1006832612 35950698 33199042 4216158 4956956696 941825397 129 12773163 977868276
======================
   8      33 sdc1 3002104 949396 1006832612 35950698 33199504 4216715 4957976600 942540434 147 12778165 978590284
======================
   8      33 sdc1 3002104 949396 1006832612 35950698 33199962 4217234 4958980144 943253164 139 12783169 979311341
======================
   8      33 sdc1 3002104 949396 1006832612 35950698 33200414 4217740 4959967304 943963585 137 12788172 980032775
======================
   8      33 sdc1 3002104 949396 1006832612 35950698 33200905 4218326 4961036384 944713942 160 12793176 980753667
======================
   8      33 sdc1 3002104 949396 1006832612 35950698 33201376 4218835 4962070648 945432376 139 12798179 981476646
======================
   8      33 sdc1 3002104 949396 1006832612 35950698 33201835 4219365 4963094672 946144600 129 12803182 982197323
======================
   8      33 sdc1 3002104 949396 1006832612 35950698 33202328 4219952 4964184232 946875597 150 12808185 982917120
======================
   8      33 sdc1 3002104 949396 1006832612 35950698 33202828 4220493 4965279912 947594511 131 12813187 983637005
======================
   8      33 sdc1 3002104 949396 1006832612 35950698 33203334 4221071 4966373568 948308772 139 12818191 984358760
======================
   8      33 sdc1 3002104 949396 1006832612 35950698 33203839 4221635 4967454960 949030557 149 12823194 985080071
======================
   8      33 sdc1 3002104 949396 1006832612 35950698 33204339 4222191 4968552688 949753583 130 12828197 985798913
======================
   8      33 sdc1 3002104 949396 1006832612 35950698 33204842 4222762 4969650440 950479979 141 12833200 986521453
======================
   8      33 sdc1 3002104 949396 1006832612 35950698 33205347 4223341 4970748168 951197780 148 12838204 987242647
======================
   8      33 sdc1 3002104 949396 1006832612 35950698 33205842 4223903 4971841824 951915761 135 12843207 987963263
======================
   8      33 sdc1 3002104 949396 1006832612 35950698 33206358 4224458 4972943672 952648839 133 12848209 988684493
======================
   8      33 sdc1 3002104 949396 1006832612 35950698 33206862 4225055 4974043472 953359173 143 12853213 989406087
======================
   8      33 sdc1 3002104 949396 1006832612 35950698 33207350 4225622 4975135080 954080942 137 12858217 990127623
======================
   8      33 sdc1 3002104 949396 1006832612 35950698 33207850 4226189 4976224640 954807466 150 12863219 990848979
======================
   8      33 sdc1 3002104 949396 1006832612 35950698 33208359 4226758 4977326464 955524235 154 12868223 991571562
======================
   8      33 sdc1 3002104 949396 1006832612 35950698 33208855 4227308 4978416024 956242249 140 12873235 992293779
======================
   8      33 sdc1 3002104 949396 1006832612 35950698 33209362 4227887 4979507632 956971804 147 12878239 993015741
======================
   8      33 sdc1 3002104 949396 1006832612 35950698 33209859 4228427 4980586952 957689719 132 12883242 993736619
======================
   8      33 sdc1 3002104 949396 1006832612 35950698 33210361 4228998 4981680608 958418488 143 12888245 994459245
======================
   8      33 sdc1 3002104 949396 1006832612 35950698 33210854 4229553 4982774240 959130524 131 12893249 995179739
======================
   8      33 sdc1 3002104 949396 1006832612 35950698 33211359 4230111 4983857656 959856044 140 12898251 995901884
======================
   8      33 sdc1 3002104 949396 1006832612 35950698 33211861 4230709 4984947216 960572102 152 12903255 996621448
======================
   8      33 sdc1 3002104 949396 1006832612 35950698 33212386 4231290 4986104360 961304047 141 12908259 997342442
======================
   8      33 sdc1 3002104 949396 1006832612 35950698 33212909 4231874 4987245120 962027097 132 12913261 998063856
======================
   8      33 sdc1 3002104 949396 1006832612 35950698 33213430 4232470 4988367448 962741371 156 12918263 998784147
======================
   8      33 sdc1 3002104 949396 1006832612 35950698 33213964 4233041 4989514328 963457808 135 12923265 999504617
======================
   8      33 sdc1 3002104 949396 1006832612 35950698 33214467 4233636 4990622320 964182351 146 12928268 1000226603
======================
   8      33 sdc1 3002104 949396 1006832612 35950698 33214995 4234215 4991779464 964912164 132 12933272 1000948048
======================
   8      33 sdc1 3002104 949396 1006832612 35950698 33215516 4234827 4992897696 965628178 157 12938275 1001667689
======================
   8      33 sdc1 3002104 949396 1006832612 35950698 33216042 4235400 4994040504 966354750 145 12943278 1002391056
======================
   8      33 sdc1 3002104 949396 1006832612 35950698 33216563 4235966 4995173048 967072170 136 12948282 1003112335
======================
   8      33 sdc1 3002104 949396 1006832612 35950698 33217082 4236539 4996285136 967789394 131 12953285 1003834059
======================
   8      33 sdc1 3002104 949396 1006832612 35950698 33217595 4237126 4997411560 968507062 132 12958288 1004556197
======================
   8      33 sdc1 3002104 949396 1006832612 35950698 33218089 4237715 4998509312 969235203 152 12963291 1005277286
======================
   8      33 sdc1 3002104 949396 1006832612 35950698 33218595 4238293 4999609112 969954646 160 12968295 1005998931
======================
   8      33 sdc1 3002104 949396 1006832612 35950698 33219109 4238863 5000719152 970679319 149 12973297 1006718353
======================
   8      33 sdc1 3002104 949396 1006832612 35950698 33219601 4239437 5001816880 971389212 148 12978300 1007441822
======================
   8      33 sdc1 3002104 949396 1006832612 35950698 33220110 4239999 5002910536 972119794 153 12983304 1008163728
======================
   8      33 sdc1 3002104 949396 1006832612 35950698 33220611 4240538 5003998048 972841691 134 12988306 1008885247
======================
   8      33 sdc1 3002104 949396 1006832612 35950698 33221126 4241098 5005093752 973566246 133 12993310 1009607990
======================
   8      33 sdc1 3002104 949396 1006832612 35950698 33221634 4241671 5006197648 974289341 138 12998313 1010330185
======================
   8      33 sdc1 3002104 949396 1006832612 35950698 33222138 4242248 5007293328 975000524 147 13003317 1011051324
======================
   8      33 sdc1 3002104 949396 1006832612 35950698 33222633 4242814 5008389056 975725894 135 13008320 1011772519
======================
   8      33 sdc1 3002104 949396 1006832612 35950698 33223135 4243396 5009488832 976444327 146 13013322 1012493200
======================
   8      33 sdc1 3002104 949396 1006832612 35950698 33223639 4243966 5010586584 977166606 156 13018325 1013213941
======================
   8      33 sdc1 3002104 949396 1006832612 35950698 33224153 4244531 5011690480 977890569 156 13023329 1013936291
======================
   8      33 sdc1 3002104 949396 1006832612 35950698 33224660 4245077 5012786184 978615447 130 13028332 1014658280
======================
   8      33 sdc1 3002104 949396 1006832612 35950698 33225103 4245588 5013765128 979335787 136 13033335 1015381518
======================
   8      33 sdc1 3002104 949396 1006832612 35950698 33225574 4246127 5014783008 980056324 147 13038339 1016103725
======================
   8      33 sdc1 3002104 949396 1006832612 35950698 33226026 4246614 5015749688 980770628 145 13043342 1016824926
======================
   8      33 sdc1 3002104 949396 1006832612 35950698 33226491 4247124 5016757328 981502134 130 13048346 1017546295
======================
   8      33 sdc1 3002104 949396 1006832612 35950698 33226974 4247652 5017787496 982224255 128 13053348 1018267875
======================
   8      33 sdc1 3002104 949396 1006832612 35950698 33227440 4248190 5018809448 982942918 143 13058351 1018991052
======================
   8      33 sdc1 3002104 949396 1006832612 35950698 33227899 4248712 5019815040 983657575 134 13063355 1019711499
======================
   8      33 sdc1 3002104 949396 1006832612 35950698 33228371 4249258 5020851352 984391384 144 13068357 1020433870
======================
   8      33 sdc1 3002104 949396 1006832612 35950698 33228872 4249827 5021926576 985113795 157 13073361 1021154956
======================
   8      33 sdc1 3002104 949396 1006832612 35950698 33229369 4250358 5023014064 985841489 140 13078455 1021890093
