======================
   8      17 sdb1 9132306 1936529 2507408346 43556624 18182016 326045888 11479394864 2019499552 0 16386508 2063055808
======================
   8      17 sdb1 9132309 1936529 2507408370 43556624 18182016 326045888 11479394864 2019499552 0 16386508 2063055808
======================
   8      17 sdb1 9132309 1936529 2507408370 43556624 18182019 326045897 11479394960 2019499560 0 16386516 2063055816
======================
   8      17 sdb1 9132309 1936529 2507408370 43556624 18182021 326045898 11479394984 2019499572 0 16386528 2063055828
======================
   8      17 sdb1 9132309 1936529 2507408370 43556624 18182023 326045899 11479395008 2019499580 0 16386536 2063055836
======================
   8      17 sdb1 9132309 1936529 2507408370 43556624 18182025 326045900 11479395032 2019499588 0 16386544 2063055844
======================
   8      17 sdb1 9132309 1936529 2507408370 43556624 18182027 326045901 11479395056 2019499600 0 16386556 2063055856
======================
   8      17 sdb1 9132333 1936529 2507408562 43558484 18184488 326045904 11484361544 2020101344 135 16391384 2063676560
======================
   8      17 sdb1 9132353 1936529 2507408722 43560180 18187005 326045930 11489512488 2020744776 125 16396388 2064323432
======================
   8      17 sdb1 9132370 1936529 2507408858 43562048 18189011 326045954 11493616888 2021379004 144 16401396 2064964940
======================
   8      17 sdb1 9132386 1936529 2507408986 43563840 18190994 326045974 11497674152 2022018040 100 16406396 2065604756
======================
   8      17 sdb1 9132403 1936529 2507409122 43565668 18192973 326045993 11501723216 2022644488 141 16411400 2066230784
======================
   8      17 sdb1 9132419 1936529 2507409250 43567480 18194954 326046013 11505776384 2023276636 104 16416404 2066866800
======================
   8      17 sdb1 9132436 1936529 2507409386 43569372 18196936 326046033 11509831600 2023916160 155 16421412 2067509300
======================
   8      17 sdb1 9132452 1936529 2507409514 43571104 18198915 326046052 11513880664 2024554436 107 16426416 2068148812
======================
   8      17 sdb1 9132469 1936529 2507409650 43572972 18200891 326046073 11517923600 2025184236 133 16431420 2068780816
======================
   8      17 sdb1 9132485 1936529 2507409778 43574788 18202871 326046092 11521976760 2025837940 123 16436428 2069435604
======================
   8      17 sdb1 9132502 1936529 2507409914 43576732 18204855 326046111 11526034016 2026484148 147 16441432 2070082684
======================
   8      17 sdb1 9132518 1936529 2507410042 43578516 18206838 326046131 11530091280 2027126980 128 16446436 2070728708
======================
   8      17 sdb1 9132535 1936529 2507410178 43580408 18208821 326046150 11534148536 2027757112 67 16451440 2071355300
======================
   8      17 sdb1 9132552 1936529 2507410314 43582312 18210803 326046170 11538203752 2028401568 135 16456444 2072000348
======================
   8      17 sdb1 9132569 1936529 2507410450 43584096 18212792 326046189 11542273296 2029034992 139 16461452 2072642796
======================
   8      17 sdb1 9132585 1936529 2507410578 43585868 18214779 326046210 11546338760 2029655652 123 16466456 2073264776
======================
   8      17 sdb1 9132602 1936529 2507410714 43587768 18216764 326046229 11550400112 2030295108 139 16471460 2073907088
======================
   8      17 sdb1 9132618 1936529 2507410842 43589532 18218745 326046248 11554453272 2030929416 129 16476460 2074542048
======================
   8      17 sdb1 9132635 1936529 2507410978 43591432 18220729 326046267 11558512576 2031575704 146 16481464 2075190984
======================
   8      17 sdb1 9132651 1936529 2507411106 43593212 18222710 326046286 11562565736 2032214312 136 16486468 2075830812
======================
   8      17 sdb1 9132668 1936529 2507411242 43595108 18224694 326046305 11566625040 2032843880 154 16491476 2076462208
======================
   8      17 sdb1 9132684 1936529 2507411370 43596916 18226675 326046324 11570678200 2033468304 127 16496480 2077086148
======================
   8      17 sdb1 9132701 1936529 2507411506 43598812 18228654 326046345 11574727280 2034102956 135 16501484 2077724092
======================
   8      17 sdb1 9132717 1936529 2507411634 43600528 18230630 326046365 11578770208 2034739396 144 16506492 2078362376
======================
   8      17 sdb1 9132734 1936529 2507411770 43602412 18232604 326046385 11582809040 2035370728 139 16511496 2078997040
======================
   8      17 sdb1 9132750 1936529 2507411898 43604216 18234584 326046404 11586860152 2036020196 131 16516500 2079646224
======================
   8      17 sdb1 9132767 1936529 2507412034 43606116 18236564 326046423 11590911264 2036655116 151 16521504 2080284432
======================
   8      17 sdb1 9132783 1936529 2507412162 43607916 18238542 326046442 11594958280 2037299848 146 16526508 2080929696
======================
   8      17 sdb1 9132799 1936529 2507412290 43609700 18240523 326046461 11599011440 2037932368 117 16531512 2081564520
======================
   8      17 sdb1 9132816 1936529 2507412426 43611616 18242499 326046480 11603054360 2038580876 128 16536516 2082214040
======================
   8      17 sdb1 9132824 1936529 2507412490 43612532 18243606 326046958 11605233520 2038913692 0 16539256 2082525832
======================
   8      17 sdb1 9135567 1936529 2508081156 43613644 18243641 326046958 11605233800 2038913752 2 16539964 2082527000
======================
   8      17 sdb1 9155981 1936529 2513306116 43622336 18243643 326046960 11605233832 2038913752 2 16544980 2082536016
started
======================
   8      17 sdb1 9271827 1936529 2516651412 43675724 18243644 326046960 11605233840 2038914600 30 16548980 2082590252
