126.692
119.193
134.389
121.490
108.791
112.691
135.489
140.288
132.388
131.189
143.588
147.488
127.389
153.087
132.388
142.287
146.288
144.388
144.687
141.788
132.989
128.088
157.287
156.487
152.487
141.988
143.488
154.087
162.087
147.388
167.587
158.487
156.687
148.388
151.387
150.287
148.287
163.386
165.287
154.887
164.687
137.589
152.887
157.087
163.887
159.287
162.387
167.786
161.487
150.788
161.787
172.986
169.886
166.586
168.487
171.186
166.486
170.886
172.286
172.586
191.885
178.185
171.486
173.385
181.983
167.385
174.086
180.485
167.486
172.886
175.685
177.886
178.386
173.186
181.886
179.186
180.885
190.785
177.086
185.185
184.085
181.786
189.386
177.286
177.386
184.985
176.286
175.786
181.385
180.384
186.084
178.085
187.084
183.985
170.286
190.783
188.584
180.085
180.884
186.484
177.985
192.485
186.185
193.085
185.585
184.284
193.184
197.683
182.684
176.886
199.983
185.484
189.284
195.283
198.184
192.384
194.084
196.185
190.385
193.284
189.384
193.084
192.384
201.983
190.984
201.982
193.284
197.684
200.283
195.184
195.484
197.384
201.184
194.783
195.684
200.383
205.983
202.785
194.585
205.084
198.684
202.783
204.283
200.384
194.984
199.984
199.584
205.383
211.283
209.483
190.485
79.493
