127.790
151.889
181.086
156.989
231.782
230.180
205.483
256.780
293.676
227.079
260.980
343.774
308.978
261.581
259.181
337.774
335.073
299.678
228.885
269.982
338.076
282.577
233.682
279.878
328.775
332.973
226.481
263.680
331.476
311.977
256.779
247.182
319.474
324.877
256.778
244.781
322.175
292.478
255.881
260.682
339.273
293.077
215.083
325.477
308.077
262.480
243.680
301.975
319.176
266.679
229.182
307.777
332.976
252.581
239.379
334.176
330.876
323.679
209.984
284.977
330.875
332.673
287.678
224.081
288.277
337.775
335.077
283.779
225.884
276.580
328.175
338.076
306.880
222.584
278.678
337.474
331.475
291.878
228.582
278.978
338.373
277.477
217.782
293.978
329.974
301.177
245.081
278.980
341.676
332.076
305.679
223.986
275.181
330.876
335.975
304.978
211.286
276.878
332.377
293.076
266.079
223.781
339.874
327.276
305.376
212.084
285.277
333.576
333.574
299.976
227.682
263.379
330.574
311.974
265.779
218.682
329.074
339.274
337.175
241.481
230.981
341.376
332.373
291.278
224.985
278.380
335.377
329.976
299.978
223.483
264.280
335.076
332.075
303.877
236.081
269.680
327.874
338.074
319.476
201.284
274.480
325.775
338.673
256.182
222.283
317.075
338.074
333.575
260.380
225.282
309.276
330.273
329.973
254.080
232.183
297.579
339.575
334.176
277.778
220.783
306.275
333.878
335.276
282.080
201.887
309.875
329.674
338.376
284.076
221.383
285.579
332.075
336.871
296.078
212.384
288.578
329.972
330.875
290.980
221.684
282.876
338.376
329.375
296.377
223.183
279.878
335.374
332.372
287.078
225.281
278.379
335.672
338.376
291.577
229.781
267.578
331.474
333.574
302.978
233.980
235.480
326.975
328.175
275.380
197.685
336.874
328.775
330.575
257.381
211.184
295.377
334.774
345.573
257.681
215.683
327.473
334.574
332.072
256.181
233.980
296.678
331.774
332.973
226.782
255.879
327.275
338.373
325.476
232.782
272.979
333.576
337.775
338.674
225.581
250.479
320.974
332.677
331.178
219.886
259.482
319.174
333.873
275.381
215.682
316.172
334.774
311.079
219.883
273.878
329.972
337.776
265.781
207.884
319.177
332.371
336.873
251.982
218.684
314.077
342.273
304.478
225.583
283.777
332.976
332.675
291.576
230.382
287.678
339.875
328.777
294.578
219.882
287.376
334.776
293.677
244.781
257.680
331.774
329.377
281.082
223.181
326.675
340.474
328.475
220.782
251.680
332.674
287.978
233.981
289.179
335.376
295.479
256.180
241.479
334.474
335.675
300.877
213.284
274.177
324.275
337.174
275.680
210.283
289.776
338.373
335.373
231.881
260.079
335.372
332.073
316.474
209.686
191.484
