======================
   8      33 sdc1 78573276 17788 4022687308 95625266 70772564 100666045 54483561064 1602092034 0 35139795 1697672312
======================
   8      33 sdc1 78573293 17788 4022687444 95628518 70772936 100667681 54485899688 1602254048 13 35144207 1697841570
======================
   8      33 sdc1 78573304 17788 4022687532 95633150 70773103 100669661 54488569408 1602308086 10 35149210 1697898435
======================
   8      33 sdc1 78573314 17788 4022687612 95637134 70773252 100671589 54491160904 1602363431 9 35154175 1697959755
======================
   8      33 sdc1 78573325 17788 4022687700 95641260 70773401 100673540 54493766096 1602418388 11 35159084 1698019286
======================
   8      33 sdc1 78573336 17788 4022687788 95645969 70773555 100675440 54496428752 1602472126 4 35164085 1698074305
======================
   8      33 sdc1 78573347 17788 4022687876 95650350 70773707 100677423 54498998480 1602517514 10 35168960 1698128474
======================
   8      33 sdc1 78573357 17788 4022687956 95654345 70773848 100679378 54501519056 1602585138 15 35173711 1698199570
======================
   8      33 sdc1 78573367 17788 4022688036 95658238 70773990 100681121 54503957464 1602641556 11 35178312 1698259602
======================
   8      33 sdc1 78573377 17788 4022688116 95662607 70774169 100683102 54506544072 1602710318 14 35183168 1698332188
======================
   8      33 sdc1 78573388 17788 4022688204 95667180 70774484 100684823 54509210760 1602821936 11 35188171 1698449168
======================
   8      33 sdc1 78573399 17788 4022688292 95671458 70774891 100686570 54511840392 1602937282 23 35193169 1698571024
======================
   8      33 sdc1 78573410 17788 4022688380 95674877 70775403 100688256 54514493384 1603191291 122 35198127 1698853170
======================
   8      33 sdc1 78573421 17788 4022688468 95679168 70775813 100690074 54517146720 1603525042 37 35203130 1699167847
======================
   8      33 sdc1 78573431 17788 4022688548 95683330 70776097 100691704 54519716440 1603628096 14 35207983 1699268328
======================
   8      33 sdc1 78573442 17788 4022688636 95687974 70776382 100693582 54522369440 1603705497 19 35212986 1699353430
======================
   8      33 sdc1 78573452 17788 4022688716 95691838 70776662 100695331 54524858592 1603798792 26 35217693 1699451013
======================
   8      33 sdc1 78573463 17788 4022688804 95696168 70776981 100696955 54527440672 1603901649 5 35222547 1699552823
======================
   8      33 sdc1 78573473 17788 4022688884 95700224 70777287 100698907 54530057952 1603992219 32 35227479 1699651148
======================
   8      33 sdc1 78573484 17788 4022688972 95704053 70777572 100700796 54532711448 1604085108 25 35232482 1699757052
======================
   8      33 sdc1 78573495 17788 4022689060 95708689 70777858 100702613 54535363104 1604191747 23 35237484 1699866680
======================
   8      33 sdc1 78573505 17788 4022689140 95713235 70778141 100704406 54537808480 1604289519 48 35242090 1699965141
======================
   8      33 sdc1 78573515 17788 4022689220 95717483 70778537 100705747 54540278432 1604429393 6 35246706 1700103106
======================
   8      33 sdc1 78573526 17788 4022689308 95721554 70778991 100707435 54542886304 1604598444 17 35251600 1700278521
======================
   8      33 sdc1 78573538 17788 4022689404 95725537 70779638 100709162 54545557024 1604865850 95 35256586 1700591045
======================
   8      33 sdc1 78573547 17788 4022689476 95729217 70780008 100710673 54548190960 1605032240 14 35261584 1700718970
======================
   8      33 sdc1 78573558 17788 4022689564 95733587 70780336 100712568 54550780328 1605137820 28 35266440 1700828581
======================
   8      33 sdc1 78573567 17788 4022689636 95737467 70780650 100714171 54553351408 1605223953 5 35271284 1700918544
======================
   8      33 sdc1 78573579 17788 4022689732 95742094 70780981 100716049 54556000368 1605319598 23 35276282 1701016821
======================
   8      33 sdc1 78573590 17788 4022689820 95746200 70781348 100717862 54558669496 1605441058 27 35281285 1701145152
======================
   8      33 sdc1 78573599 17788 4022689892 95750200 70781654 100719456 54561101440 1605553908 20 35285867 1701262822
======================
   8      33 sdc1 78573610 17788 4022689980 95754795 70781986 100721235 54563780224 1605657945 10 35290869 1701370966
======================
   8      33 sdc1 78573621 17788 4022690068 95759226 70782286 100723009 54566216192 1605747655 37 35295461 1701462758
======================
   8      33 sdc1 78573631 17788 4022690148 95763377 70782629 100724809 54568779448 1605851427 45 35300310 1701575967
======================
   8      33 sdc1 78573642 17788 4022690236 95767365 70783096 100726441 54571459832 1606016839 47 35305313 1701754546
======================
   8      33 sdc1 78573652 17788 4022690316 95770860 70783570 100727891 54574028240 1606268791 6 35310148 1701997267
======================
   8      33 sdc1 78573664 17788 4022690412 95774946 70784217 100729730 54576714000 1606567657 81 35315151 1702337920
======================
   8      33 sdc1 78573674 17788 4022690492 95779474 70784590 100731307 54579374064 1606777644 24 35320154 1702519886
======================
   8      33 sdc1 78573685 17788 4022690580 95783632 70784945 100733058 54582029752 1606885180 21 35325156 1702631467
======================
   8      33 sdc1 78573695 17788 4022690660 95788044 70785264 100734749 54584468408 1607004912 32 35329720 1702753688
======================
   8      33 sdc1 78573705 17788 4022690740 95792216 70785590 100736309 54586898744 1607106987 22 35334271 1702854674
======================
   8      33 sdc1 78573716 17788 4022690828 95796791 70785973 100738110 54589570808 1607232038 35 35339274 1702986715
======================
   8      33 sdc1 78573725 17788 4022690900 95800799 70786306 100739687 54592024504 1607320461 17 35343890 1703080793
======================
   8      33 sdc1 78573736 17788 4022690988 95805106 70786640 100741512 54594594728 1607422779 22 35348712 1703186699
======================
   8      33 sdc1 78573745 17788 4022691060 95809109 70786961 100743098 54597076904 1607516530 7 35353396 1703283188
======================
   8      33 sdc1 78573756 17788 4022691148 95813438 70787316 100744831 54599641256 1607619897 20 35358209 1703393617
======================
   8      33 sdc1 78573768 17788 4022691244 95818010 70787811 100746541 54602322856 1607864779 45 35363211 1703660296
======================
   8      33 sdc1 78573781 17788 4022691348 95822220 70788334 100748360 54604994928 1608289662 106 35368214 1704141330
======================
   8      33 sdc1 78573791 17788 4022691428 95824733 70788986 100750034 54607548456 1608720841 120 35373015 1704586711
======================
   8      33 sdc1 78573796 17788 4022691468 95826185 70789260 100750723 54609400536 1608964695 0 35376486 1704745801
started
======================
   8      33 sdc1 78579225 17788 4024050142 95831027 70789270 100750724 54609400624 1608964714 2 35379104 1704750653
======================
   8      33 sdc1 78590539 17790 4026946270 95840698 70789272 100750726 54609400656 1608964722 2 35384356 1704760317
======================
   8      33 sdc1 78601329 17790 4029707998 95849877 70789272 100750726 54609400656 1608964722 2 35389359 1704769469
======================
   8      33 sdc1 78612123 17790 4032471006 95859045 70789272 100750726 54609400656 1608964722 2 35394361 1704778608
======================
   8      33 sdc1 78622919 17790 4035234526 95868197 70789272 100750726 54609400656 1608964722 2 35399365 1704787715
======================
   8      33 sdc1 78633711 17790 4037997278 95877388 70789272 100750726 54609400656 1608964722 2 35404368 1704796879
======================
   8      33 sdc1 78644505 17790 4040760286 95886569 70789274 100750726 54609400672 1608964722 2 35409371 1704806027
======================
   8      33 sdc1 78655299 17790 4043523294 95895730 70789274 100750726 54609400672 1608964722 2 35414373 1704815148
======================
   8      33 sdc1 78666094 17790 4046286558 95904920 70789274 100750726 54609400672 1608964722 1 35419376 1704824305
======================
   8      33 sdc1 78676889 17790 4049050078 95914076 70789274 100750726 54609400672 1608964722 2 35424378 1704833423
======================
   8      33 sdc1 78687684 17790 4051813342 95923249 70789274 100750726 54609400672 1608964722 2 35429381 1704842562
======================
   8      33 sdc1 78698476 17790 4054575582 95932424 70789274 100750726 54609400672 1608964722 2 35434383 1704851703
======================
   8      33 sdc1 78709359 17790 4057361630 95941689 70789274 100750726 54609400672 1608964722 2 35439429 1704860949
======================
   8      33 sdc1 78720201 17790 4060136926 95950890 70789274 100750726 54609400672 1608964722 1 35444453 1704870116
======================
   8      33 sdc1 78730995 17790 4062899934 95960058 70789274 100750726 54609400672 1608964722 2 35449456 1704879249
======================
   8      33 sdc1 78741791 17790 4065663966 95969217 70789274 100750726 54609400672 1608964722 2 35454459 1704888360
======================
   8      33 sdc1 78752588 17790 4068427486 95978371 70789274 100750726 54609400672 1608964722 1 35459462 1704897466
======================
   8      33 sdc1 78763380 17790 4071189982 95987548 70789274 100750726 54609400672 1608964722 2 35464464 1704906605
======================
   8      33 sdc1 78774174 17790 4073953246 95996719 70789274 100750726 54609400672 1608964722 2 35469467 1704915748
======================
   8      33 sdc1 78784971 17790 4076717022 96005901 70789274 100750726 54609400672 1608964722 2 35474470 1704924893
======================
   8      33 sdc1 78795766 17790 4079480286 96015056 70789274 100750726 54609400672 1608964722 1 35479472 1704934011
======================
   8      33 sdc1 78806558 17790 4082242526 96024223 70789274 100750726 54609400672 1608964722 2 35484475 1704943142
======================
   8      33 sdc1 78817356 17790 4085006814 96033389 70789274 100750726 54609400672 1608964722 2 35489478 1704952273
======================
   8      33 sdc1 78828151 17790 4087770078 96042527 70789274 100750726 54609400672 1608964722 2 35494482 1704961388
======================
   8      33 sdc1 78838993 17790 4090545374 96051724 70789274 100750726 54609400672 1608964722 1 35499506 1704970544
======================
   8      33 sdc1 78849900 17790 4093337310 96060968 70789274 100750726 54609400672 1608964722 2 35504561 1704979748
======================
   8      33 sdc1 78860698 17790 4096101598 96070143 70789274 100750726 54609400672 1608964722 2 35509565 1704988894
======================
   8      33 sdc1 78871494 17790 4098865118 96079305 70789274 100750726 54609400672 1608964722 2 35514569 1704998009
======================
   8      33 sdc1 78882289 17790 4101628382 96088462 70789274 100750726 54609400672 1608964722 1 35519571 1705007139
======================
   8      33 sdc1 78893084 17790 4104391902 96097630 70789274 100750726 54609400672 1608964722 2 35524575 1705016273
======================
   8      33 sdc1 78903879 17790 4107154910 96106791 70789274 100750726 54609400672 1608964722 2 35529578 1705025418
======================
   8      33 sdc1 78914676 17790 4109918686 96115938 70789274 100750726 54609400672 1608964722 2 35534581 1705034544
======================
   8      33 sdc1 78925474 17790 4112682470 96125087 70789274 100750726 54609400672 1608964722 2 35539585 1705043679
======================
   8      33 sdc1 78936269 17790 4115445734 96134249 70789274 100750726 54609400672 1608964722 1 35544588 1705052810
======================
   8      33 sdc1 78947062 17790 4118208486 96143382 70789274 100750726 54609400672 1608964722 2 35549591 1705061921
======================
   8      33 sdc1 78957850 17790 4120969958 96152550 70789274 100750726 54609400672 1608964722 2 35554593 1705071062
======================
   8      33 sdc1 78968648 17790 4123734246 96161710 70789274 100750726 54609400672 1608964722 2 35559597 1705080209
======================
   8      33 sdc1 78979445 17790 4126498022 96170859 70789274 100750726 54609400672 1608964722 1 35564600 1705089332
======================
   8      33 sdc1 78990240 17790 4129261286 96180018 70789274 100750726 54609400672 1608964722 1 35569603 1705098462
======================
   8      33 sdc1 79001035 17790 4132024806 96189182 70789274 100750726 54609400672 1608964722 2 35574606 1705107602
======================
   8      33 sdc1 79011832 17790 4134788582 96198338 70789274 100750726 54609400672 1608964722 2 35579609 1705116736
======================
   8      33 sdc1 79022626 17790 4137551590 96207510 70789274 100750726 54609400672 1608964722 1 35584612 1705125885
======================
   8      33 sdc1 79033421 17790 4140315110 96216674 70789274 100750726 54609400672 1608964722 2 35589614 1705135026
======================
   8      33 sdc1 79044218 17790 4143078886 96225820 70789274 100750726 54609400672 1608964722 2 35594618 1705144144
======================
   8      33 sdc1 79055014 17790 4145842406 96234986 70789274 100750726 54609400672 1608964722 2 35599622 1705153279
======================
   8      33 sdc1 79065481 17790 4148521574 96243861 70789274 100750726 54609400672 1608964722 0 35604472 1705162125
