3292.595
1746.086
4853.800
5048.099
3533.288
3647.965
3979.635
3510.389
3633.284
3693.874
3468.895
3587.944
4382.546
3510.895
3707.886
4574.034
3284.508
3334.097
4042.359
3664.971
3376.401
4493.726
3466.291
3245.610
3369.075
4230.946
3530.193
3648.572
4473.241
3581.581
3523.793
3960.370
3726.269
3499.990
4395.933
3728.268
3469.476
3432.204
4683.826
3501.992
3488.890
3819.950
3788.772
3551.708
4386.733
3879.976
3487.301
3510.589
4215.356
3198.700
3400.296
4420.745
3565.195
3476.486
4567.963
3208.407
3364.995
4634.817
3559.588
3447.494
4642.014
3626.285
3551.970
4122.859
4058.455
3522.289
3552.085
4191.935
3522.376
3444.320
4671.427
3602.485
3369.485
3802.670
4031.956
3526.998
3770.293
3993.078
3476.590
3755.786
4204.943
3393.391
3785.955
4300.750
3224.201
2185.066
3905.960
3434.790
3464.980
4635.830
3565.093
3468.893
3520.687
3987.052
3445.311
3460.790
3877.858
3250.615
3456.377
3841.969
3523.185
3553.280
4549.126
3385.580
3420.290
4473.217
3552.299
3473.698
3471.698
3975.867
3419.795
3415.699
3926.252
3563.490
3515.888
4465.941
3319.600
3450.792
4275.850
3671.591
3420.897
3370.688
4592.236
3490.295
3145.103
3664.280
3779.962
3428.702
4218.045
3764.781
3417.200
3338.803
3873.867
3468.786
3424.501
4549.594
3459.347
3468.293
3902.854
3976.104
3683.965
3285.377
4901.123
3533.187
3417.372
4652.130
3505.691
3403.495
4818.509
3596.169
3332.988
4606.635
3457.994
3267.411
4609.348
3462.992
3363.094
3865.466
4264.441
3392.592
3831.754
4319.540
3364.495
3797.979
4413.439
3372.788
3724.852
4504.535
3458.562
3760.377
4469.346
3379.199
3726.382
3601.921
