======================
   8      33 sdc1 96564829 43957 6242778260 152473980 122166059 223992667 78103214912 4287857260 0 56249896 145888480
======================
   8      33 sdc1 96564960 43957 6242779308 152474220 122170524 224135831 78104342904 4288007808 40 56252208 146040000
======================
   8      33 sdc1 96565024 43957 6242779820 152474256 122207441 224245810 78106115008 4288337872 29 56255908 146370680
======================
   8      33 sdc1 96565024 43957 6242779820 152474256 122246583 224353284 78107958128 4288728276 77 56259696 146770368
======================
   8      33 sdc1 96565024 43957 6242779820 152474256 122291170 224463549 78109857192 4289101688 138 56263576 147143216
======================
   8      33 sdc1 96565024 43957 6242779820 152474256 122337019 224592925 78112673496 4289674428 0 56269164 147706272
======================
   8      33 sdc1 96565024 43957 6242779820 152474256 122374342 224699176 78114578512 4290030016 61 56273020 148072864
======================
   8      33 sdc1 96565024 43957 6242779820 152474256 122410221 224812755 78116928376 4290526908 24 56277708 148573692
======================
   8      33 sdc1 96565024 43957 6242779820 152474256 122448157 224914971 78119049880 4291006576 0 56281972 149038368
======================
   8      33 sdc1 96565024 43957 6242779820 152474256 122482009 225021029 78120952784 4291350280 19 56285816 149392344
======================
   8      33 sdc1 96565024 43957 6242779820 152474256 122518428 225124349 78122942808 4291751656 37 56289812 149797128
======================
   8      33 sdc1 96565040 43957 6242779948 152474812 122550167 225221428 78124925896 4292138116 7 56293768 150175000
======================
   8      33 sdc1 96565070 43957 6242780188 152475696 122584997 225326967 78127101456 4292623288 0 56298092 150656488
======================
   8      33 sdc1 96565079 43957 6242780260 152475784 122626405 225426534 78128988208 4292984364 0 56301916 151017640
======================
   8      33 sdc1 96565091 43957 6242780356 152476684 122656434 225533960 78131037080 4293358352 0 56305984 151392516
======================
   8      33 sdc1 96565129 43957 6242780660 152478052 122703466 225651041 78133171952 4293667248 70 56310324 151716028
======================
   8      33 sdc1 96565142 43957 6242780764 152478848 122738759 225764459 78135558936 4294091952 0 56315052 152128804
======================
   8      33 sdc1 96565149 43957 6242780820 152479456 122775738 225881243 78137844272 4294473104 142 56319600 152549436
======================
   8      33 sdc1 96565149 43957 6242780820 152479456 122809766 225991960 78139886296 4294963528 138 56323692 153020948
======================
   8      33 sdc1 96565150 43957 6242780828 152479580 122841513 226121267 78143025784 655816 149 56329784 153705596
======================
   8      33 sdc1 96565150 43957 6242780828 152479580 122884971 226216424 78144414208 931392 0 56332732 153936676
======================
   8      33 sdc1 96565150 43957 6242780828 152479580 122920162 226319186 78146350000 1346352 0 56336664 154351828
======================
   8      33 sdc1 96565150 43957 6242780828 152479580 122956666 226421192 78148335856 1720960 0 56340648 154726424
======================
   8      33 sdc1 96565153 43957 6242780852 152479820 122988406 226524960 78150683624 2237128 0 56345304 155242820
======================
   8      33 sdc1 96565178 43957 6242781052 152480060 123023320 226622679 78152338208 2519204 0 56348684 155525108
======================
   8      33 sdc1 96565194 43957 6242781180 152480520 123057646 226733212 78154468536 2950964 0 56352944 155957316
======================
   8      33 sdc1 96565205 43957 6242781268 152481680 123092649 226841084 78156693120 3438328 74 56357356 156448636
======================
   8      33 sdc1 96565230 43957 6242781468 152482704 123125913 226954628 78158688568 3732864 30 56361356 156751360
======================
   8      33 sdc1 96565252 43957 6242781644 152483560 123167587 227061414 78161038000 4191400 0 56366048 157200752
======================
   8      33 sdc1 96565261 43957 6242781716 152484364 123191377 227175701 78163062088 4500260 62 56370052 157541596
======================
   8      33 sdc1 96565267 43957 6242781764 152484784 123220309 227273548 78165018296 4941628 0 56373948 157952200
======================
   8      33 sdc1 96565272 43957 6242781804 152485180 123244017 227374924 78167317960 5385472 138 56378432 158396732
======================
   8      33 sdc1 96565274 43957 6242781820 152485356 123246370 227451243 78169526280 5880016 0 56382600 158891156
started
======================
   8      33 sdc1 96569490 47056 6242892774 152489548 123249298 227458365 78169606680 5902740 0 56383028 158918072
======================
   8      33 sdc1 96644846 87702 6245211286 152571480 123255270 227484241 78169862424 5931136 11 56388040 159028652
======================
   8      33 sdc1 96702039 88205 6246954694 152613092 123271883 227511219 78170212336 6006132 0 56392136 159145700
======================
   8      33 sdc1 96765859 88255 6248919942 152658740 123288838 227539184 78170573456 6114896 14 56396676 159300496
======================
   8      33 sdc1 96828784 93108 6250845718 152707112 123300656 227558334 78170822960 6189312 0 56400912 159424048
======================
   8      33 sdc1 96900417 93193 6253049918 152758436 123306759 227567718 78170947400 6226600 11 56405412 159512756
======================
   8      33 sdc1 96962975 96716 6254954926 152809688 123308324 227590040 78171138496 6261680 0 56409440 159599068
======================
   8      33 sdc1 97015483 96734 6256573310 152862080 123308694 227595280 78171826568 6362480 10 56413852 159752256
======================
   8      33 sdc1 97079116 99982 6258531094 152913712 123309779 227608594 78172008144 6381908 0 56418020 159823296
======================
   8      33 sdc1 97147053 100023 6260627870 152962460 123309811 227613751 78172049656 6383192 0 56422136 159873316
======================
   8      33 sdc1 97213920 100050 6262687398 153011724 123309903 227628163 78172165688 6388820 0 56426360 159928172
======================
   8      33 sdc1 97268174 100115 6264357854 153050008 123326845 227655562 78172522064 6489168 7 56430380 160067484
======================
   8      33 sdc1 97312527 100145 6265724502 153096148 123341120 227679047 78173188464 6681084 0 56434592 160305548
======================
   8      33 sdc1 97370260 100187 6267503326 153136864 123347394 227696423 78173378296 6707880 13 56438444 160373140
======================
   8      33 sdc1 97432641 100216 6269425526 153180972 123357014 227713948 78173595864 6768688 0 56442672 160478148
======================
   8      33 sdc1 97475801 100234 6270755070 153219700 123369961 227738140 78174156904 6918956 155 56446440 160677136
======================
   8      33 sdc1 97545667 100275 6272907086 153270480 123372325 227755121 78174311968 6952668 0 56450936 160751904
======================
   8      33 sdc1 97594780 100300 6274417902 153305020 123385818 227781528 78174632136 7007692 12 56454584 160841564
======================
   8      33 sdc1 97656693 100369 6276326566 153359532 123392912 227796628 78175016072 7133008 0 56459124 161021388
======================
   8      33 sdc1 97710085 112926 6277945998 153411172 123394158 227814071 78175289312 7185540 17 56462808 161125608
======================
   8      33 sdc1 97776710 114122 6279971742 153463716 123398444 227834247 78175545544 7224532 159 56467280 161219952
======================
   8      33 sdc1 97829386 114210 6281592790 153503576 123399346 227847142 78175775576 7259084 10 56470836 161291508
======================
   8      33 sdc1 97896292 114291 6283653126 153554536 123399524 227860392 78175975184 7278524 12 56475196 161361908
======================
   8      33 sdc1 97947617 132878 6285243798 153607168 123399692 227873666 78176164056 7302508 34 56478636 161438648
======================
   8      33 sdc1 98021542 138814 6287473342 153664396 123399748 227873691 78176213208 7303880 13 56483036 161497136
======================
   8      33 sdc1 98076767 138864 6289173366 153705732 123399836 227873691 78176299648 7310632 11 56486452 161545212
======================
   8      33 sdc1 98149272 141712 6291412710 153762324 123399965 227873697 78176431808 7319476 34 56491024 161610672
======================
   8      33 sdc1 98206582 143604 6293152758 153806696 123400049 227873702 78176516024 7323508 12 56494536 161659000
======================
   8      33 sdc1 98276301 147049 6295280926 153860024 123400161 227873729 78176626544 7328568 12 56498840 161717416
======================
   8      33 sdc1 98326869 147165 6296836502 153898124 123400251 227873735 78176717024 7336084 13 56502012 161763016
======================
   8      33 sdc1 98398332 150410 6299034366 153952056 123400350 227873741 78176817176 7340516 12 56506432 161821368
======================
   8      33 sdc1 98458179 150450 6300878862 153995964 123400416 227873746 78176881256 7344372 8 56510108 161869144
======================
   8      33 sdc1 98527406 150481 6303013214 154047384 123400551 227873752 78177017152 7351516 11 56514468 161927672
======================
   8      33 sdc1 98586346 169748 6304816782 154102008 123400590 227873759 78177054800 7352828 11 56518024 161983600
======================
   8      33 sdc1 98657859 176379 6306913534 154164440 123400731 227873764 78177195168 7363348 13 56522348 162056552
======================
   8      33 sdc1 98715573 177008 6308642438 154208160 123400815 227873905 78177281256 7367664 9 56525828 162104628
======================
   8      33 sdc1 98786067 177118 6310810230 154259928 123400874 227873911 78177338976 7370816 12 56530108 162159536
======================
   8      33 sdc1 98838683 177138 6312430174 154297556 123400933 227873916 78177397920 7374080 12 56533312 162200416
======================
   8      33 sdc1 98908811 177190 6314589366 154351040 123401100 227873921 78177566064 7385156 12 56537780 162264968
======================
   8      33 sdc1 98961397 177219 6316207582 154389184 123401162 227873948 78177626848 7388752 9 56540992 162306696
======================
   8      33 sdc1 99028444 177279 6318272150 154439352 123401303 227873961 78177763112 7395716 10 56545212 162363860
======================
   8      33 sdc1 99083911 177312 6319980518 154478976 123401348 227873973 78177801344 7397024 11 56548584 162404784
======================
   8      33 sdc1 99154870 177371 6322166382 154531360 123401483 227873978 78177937200 7405228 12 56553048 162465356
======================
   8      33 sdc1 99210277 180345 6323861950 154574624 123401568 227874011 78178031112 7413192 11 56556500 162516580
======================
   8      33 sdc1 99264526 182264 6325522310 154615972 123401629 227874015 78178088544 7416180 1 56559796 162560908
