======================
   8      33 sdc1 49878974 1417 2437737278 32146824 57316045 115433250 32581933144 1731539704 0 27729308 1764186296
======================
   8      33 sdc1 49878979 1417 2437737318 32146824 57316045 115433250 32581933144 1731539704 0 27729308 1764186296
======================
   8      33 sdc1 49878979 1417 2437737318 32146824 57316048 115433264 32581933280 1731539712 0 27729316 1764186304
started
======================
   8      33 sdc1 49878980 1417 2437737326 32146824 57316060 115433266 32581933392 1731539712 0 27729316 1764186304
======================
   8      33 sdc1 49878986 1417 2437737374 32146972 57316721 115433289 32582607808 1731690472 0 27730584 1764337208
======================
   8      33 sdc1 49878997 1417 2437737462 32147608 57319158 115433320 32585100184 1732299532 133 27735252 1764966416
======================
   8      33 sdc1 49879008 1417 2437737550 32148496 57321767 115433345 32587769528 1732978572 100 27740252 1765644728
======================
   8      33 sdc1 49879020 1417 2437737646 32149464 57324385 115433392 32590441872 1733637204 139 27745292 1766304844
======================
   8      33 sdc1 49879030 1417 2437737726 32150228 57326982 115433421 32593100368 1734317440 130 27750320 1766982908
======================
   8      33 sdc1 49879042 1417 2437737822 32151028 57329560 115433458 32595735304 1734988484 152 27755324 1767658308
======================
   8      33 sdc1 49879053 1417 2437737910 32151932 57332141 115433500 32598374480 1735660812 143 27760324 1768325808
======================
   8      33 sdc1 49879063 1417 2437737990 32152724 57334723 115433544 32601014544 1736329496 146 27765324 1768996352
======================
   8      33 sdc1 49879074 1417 2437738078 32153568 57337314 115433642 32603658944 1737001776 155 27770328 1769670376
======================
   8      33 sdc1 49879085 1417 2437738166 32154476 57339907 115433683 32606310800 1737679932 115 27775328 1770348292
======================
   8      33 sdc1 49879096 1417 2437738254 32155444 57342515 115433725 32608978736 1738362100 63 27780372 1771025892
======================
   8      33 sdc1 49879107 1417 2437738342 32156324 57345103 115433766 32611626136 1739043260 141 27785372 1771707364
======================
   8      33 sdc1 49879117 1417 2437738422 32157104 57347683 115433822 32614267200 1739726140 8 27790376 1772383316
======================
   8      33 sdc1 49879129 1417 2437738518 32157976 57350263 115433872 32616904240 1740403492 3 27795376 1773061756
======================
   8      33 sdc1 49879139 1417 2437738598 32158852 57352861 115434015 32619548608 1741060408 7 27800380 1773720296
======================
   8      33 sdc1 49879150 1417 2437738686 32159720 57355446 115434063 32622194352 1741729704 63 27805380 1774403720
======================
   8      33 sdc1 49879161 1417 2437738774 32160592 57358061 115434104 32624869368 1742410132 65 27810432 1775084184
======================
   8      33 sdc1 49879171 1417 2437738854 32161388 57360648 115434146 32627517160 1743086140 79 27815436 1775763352
======================
   8      33 sdc1 49879182 1417 2437738942 32162216 57363246 115434197 32630173312 1743751224 75 27820436 1776434164
======================
   8      33 sdc1 49879194 1417 2437739038 32163188 57365846 115434249 32632834064 1744428528 134 27825440 1777107996
======================
   8      33 sdc1 49879204 1417 2437739118 32164028 57368465 115434388 32635497376 1745103724 113 27830440 1777784712
======================
   8      33 sdc1 49879215 1417 2437739206 32164936 57371061 115434438 32638153440 1745778916 113 27835440 1778458688
======================
   8      33 sdc1 49879226 1417 2437739294 32165752 57373724 115434477 32640877000 1746469252 74 27840568 1779149880
======================
   8      33 sdc1 49879236 1417 2437739374 32166588 57376324 115434517 32643536944 1747139584 75 27845572 1779821800
======================
   8      33 sdc1 49879248 1417 2437739470 32167480 57378923 115434577 32646197728 1747815852 94 27850572 1780499252
======================
   8      33 sdc1 49879259 1417 2437739558 32168344 57381526 115434634 32648860472 1748490120 105 27855576 1781176068
======================
   8      33 sdc1 49879269 1417 2437739638 32169192 57384135 115434777 32651517376 1749143488 111 27860580 1781833776
======================
   8      33 sdc1 49879280 1417 2437739726 32170072 57386738 115434829 32654181976 1749822256 124 27865580 1782511280
======================
   8      33 sdc1 49879291 1417 2437739814 32170936 57389358 115434869 32656861040 1750499928 115 27870632 1783189612
======================
   8      33 sdc1 49879301 1417 2437739894 32171740 57391949 115434876 32659512080 1751173312 129 27875632 1783865192
======================
   8      33 sdc1 49879313 1417 2437739990 32172724 57394557 115434925 32662175432 1751843748 153 27880636 1784534380
======================
   8      33 sdc1 49879324 1417 2437740078 32173628 57397165 115434972 32664841112 1752522940 153 27885660 1785213184
======================
   8      33 sdc1 49879334 1417 2437740158 32174316 57399778 115435114 32667499520 1753188644 151 27890660 1785880980
======================
   8      33 sdc1 49879345 1417 2437740246 32175112 57402367 115435155 32670149544 1753858716 147 27895660 1786554128
======================
   8      33 sdc1 49879356 1417 2437740334 32175948 57404994 115435197 32672836824 1754542228 114 27900712 1787237536
======================
   8      33 sdc1 49879367 1417 2437740422 32176784 57407593 115435239 32675496560 1755224840 140 27905712 1787920176
======================
   8      33 sdc1 49879378 1417 2437740510 32177676 57410192 115435291 32678155096 1755899448 158 27910716 1788595456
======================
   8      33 sdc1 49879389 1417 2437740598 32178520 57412797 115435345 32680818120 1756574484 156 27915728 1789269416
======================
   8      33 sdc1 49879399 1417 2437740678 32179288 57415407 115435496 32683473728 1757227036 149 27920728 1789925244
======================
   8      33 sdc1 49879410 1417 2437740766 32180160 57418010 115435533 32686135272 1757896836 153 27925732 1790596992
======================
   8      33 sdc1 49879421 1417 2437740854 32180984 57420633 115435573 32688819624 1758576032 133 27930780 1791276448
======================
   8      33 sdc1 49879431 1417 2437740934 32181780 57423237 115435613 32691481952 1759253804 131 27935784 1791954780
======================
   8      33 sdc1 49879443 1417 2437741030 32182764 57425842 115435659 32694144464 1759926836 158 27940788 1792625368
======================
   8      33 sdc1 49879454 1417 2437741118 32183688 57428443 115435716 32696805184 1760597260 130 27945792 1793298980
======================
   8      33 sdc1 49879465 1417 2437741206 32184504 57431053 115435839 32699460624 1761270412 142 27950792 1793970716
======================
   8      33 sdc1 49879475 1417 2437741286 32185384 57433655 115435875 32702124784 1761942484 132 27955792 1794646420
