======================
   8      33 sdc1 2222 0 34756 611045 73193 5224015 2870874704 26329777 0 808944 26940483
started
======================
   8      33 sdc1 2234 0 34852 612796 73333 5224887 2871975272 26366123 11 811033 26980453
======================
   8      33 sdc1 2244 0 34932 617056 73489 5226817 2874659728 26430093 5 816035 27049072
======================
   8      33 sdc1 2256 0 35028 620929 73665 5229522 2877162520 26491669 12 820771 27116954
======================
   8      33 sdc1 2267 0 35116 625244 73819 5231626 2879827872 26565065 22 825771 27193180
======================
   8      33 sdc1 2276 0 35188 629007 73962 5233515 2882274760 26619365 17 830353 27250276
======================
   8      33 sdc1 2287 0 35276 632828 74114 5235456 2884900680 26665360 15 835353 27298258
======================
   8      33 sdc1 2298 0 35364 637010 74265 5237403 2887560400 26740191 14 840354 27383061
======================
   8      33 sdc1 2308 0 35444 640654 74433 5239490 2890071480 26816808 20 845036 27460730
======================
   8      33 sdc1 2319 0 35532 644962 74584 5241434 2892717752 26876063 18 850037 27522696
======================
   8      33 sdc1 2329 0 35612 648830 74752 5243282 2895205464 26925573 11 854729 27576971
======================
   8      33 sdc1 2340 0 35700 652836 74906 5245436 2897872232 26971877 22 859730 27630331
======================
   8      33 sdc1 2351 0 35788 657238 75059 5247386 2900555312 27054964 21 864740 27717842
======================
   8      33 sdc1 2361 0 35868 660878 75377 5249942 2903134632 27182338 9 869591 27845168
======================
   8      33 sdc1 2372 0 35956 665189 75650 5251949 2905788976 27275742 34 874591 27943597
======================
   8      33 sdc1 2382 0 36036 669488 75943 5253878 2908358192 27366862 0 879407 28036001
======================
   8      33 sdc1 2393 0 36124 673208 76208 5255793 2910893144 27449023 21 884175 28123917
======================
   8      33 sdc1 2403 0 36204 677618 76486 5257609 2913562472 27538032 17 889178 28220589
======================
   8      33 sdc1 2413 0 36284 681502 76768 5259407 2915876872 27607497 19 893536 28292321
======================
   8      33 sdc1 2424 0 36372 685454 77057 5261221 2918532616 27683602 21 898516 28374913
======================
   8      33 sdc1 2434 0 36452 690019 77331 5263055 2921217040 27776100 11 903519 28469842
======================
   8      33 sdc1 2444 0 36532 693698 77601 5264919 2923605392 27835250 8 908019 28530948
======================
   8      33 sdc1 2456 0 36628 698131 77880 5266932 2926259808 27928921 30 913021 28629420
======================
   8      33 sdc1 2465 0 36700 701888 78151 5268895 2928716272 28007637 23 917629 28714524
======================
   8      33 sdc1 2477 0 36796 705818 78537 5270793 2931380096 28134918 50 922630 28855661
======================
   8      33 sdc1 2487 0 36876 710322 78845 5272423 2934056200 28268139 10 927632 28982184
======================
   8      33 sdc1 2496 0 36948 714168 79159 5274151 2936413144 28358049 10 932048 29075389
======================
   8      33 sdc1 2508 0 37044 718737 79467 5276131 2939085208 28445496 37 937048 29171679
======================
   8      33 sdc1 2518 0 37124 722796 79787 5277951 2941495560 28558364 11 941586 29281224
======================
   8      33 sdc1 2528 0 37204 726385 80094 5279872 2944133592 28650911 27 946588 29382147
======================
   8      33 sdc1 2539 0 37292 731105 80403 5281671 2946780952 28740662 24 951590 29474000
======================
   8      33 sdc1 2548 0 37364 734455 80721 5283982 2949321664 28844119 4 956359 29579783
======================
   8      33 sdc1 2559 0 37452 738694 81023 5285776 2951951424 28919629 4 961359 29659737
======================
   8      33 sdc1 2571 0 37548 742803 81347 5288043 2954587416 29025853 27 966361 29768653
======================
   8      33 sdc1 2581 0 37628 746676 81640 5289673 2957172024 29109553 3 971244 29856901
======================
   8      33 sdc1 2592 0 37716 751300 81954 5291625 2959834680 29205289 28 976246 29957471
======================
   8      33 sdc1 2602 0 37796 754943 82355 5293285 2962221400 29302504 24 980780 30058532
======================
   8      33 sdc1 2612 0 37876 758973 82681 5295067 2964869024 29407920 23 985780 30170331
======================
   8      33 sdc1 2623 0 37964 763406 83025 5296847 2967513704 29506759 8 990782 30272126
======================
   8      33 sdc1 2634 0 38052 767071 83342 5298713 2970022440 29605437 28 995487 30372438
======================
   8      33 sdc1 2644 0 38132 771431 83672 5300496 2972660392 29701017 32 1000487 30479655
======================
   8      33 sdc1 2654 0 38212 775253 83992 5302831 2975160376 29787899 16 1005286 30567325
======================
   8      33 sdc1 2665 0 38300 779408 84321 5304597 2977772616 29871708 17 1010286 30655498
======================
   8      33 sdc1 2675 0 38380 784066 84655 5306361 2980398216 29955194 15 1015287 30743141
======================
   8      33 sdc1 2685 0 38460 787581 84970 5308069 2982637544 30039297 29 1019521 30831323
======================
   8      33 sdc1 2696 0 38548 792032 85302 5309838 2985302888 30149013 24 1024523 30944352
======================
   8      33 sdc1 2705 0 38620 796281 85623 5311350 2987591632 30257361 0 1028819 31053185
======================
   8      33 sdc1 2715 0 38700 799793 85928 5313126 2990028872 30332592 22 1033482 31135775
======================
   8      33 sdc1 2727 0 38796 804526 86364 5314978 2992704976 30629092 50 1038484 31439726
