======================
   8      17 sdb1 365 0 3604 56 31218 3834422 30925952 8792912 0 32052 8792964
started
======================
   8      17 sdb1 368 0 3628 56 31228 3834431 30926104 8792916 0 32056 8792968
======================
   8      17 sdb1 368 0 3628 56 31230 3834436 30926160 8792932 0 32072 8792984
======================
   8      17 sdb1 368 0 3628 56 31232 3834437 30926184 8792940 0 32080 8792992
======================
   8      17 sdb1 368 0 3628 56 31234 3834438 30926208 8792944 0 32084 8792996
======================
   8      17 sdb1 368 0 3628 56 31236 3834439 30926232 8792956 0 32096 8793008
======================
   8      17 sdb1 368 0 3628 56 31238 3834440 30926256 8792968 0 32108 8793020
======================
   8      17 sdb1 368 0 3628 56 31244 3834441 30926312 8792988 0 32128 8793040
======================
   8      17 sdb1 391 0 3812 1724 33801 3834456 35872360 9374992 106 36948 9395280
======================
   8      17 sdb1 412 0 3980 3508 36314 3834480 41015096 10013616 139 41952 10035116
