======================
   8      33 sdc1 46738414 534 2294859784 30309056 47760446 67225254 26120926992 1506237612 0 25125160 1537047400
======================
   8      33 sdc1 46738431 534 2294859920 30310580 47761568 67225254 26123224848 1506770920 119 25129464 1537618836
======================
   8      33 sdc1 46738442 534 2294860008 30312328 47762875 67225299 26125869304 1507400396 108 25134476 1538250076
======================
   8      33 sdc1 46738453 534 2294860096 30314184 47764167 67225321 26128507336 1508028728 84 25139476 1538876240
======================
   8      33 sdc1 46738464 534 2294860184 30315780 47765467 67225343 26131161752 1508663576 138 25144480 1539513688
======================
   8      33 sdc1 46738475 534 2294860272 30317412 47766762 67225366 26133807976 1509296312 152 25149480 1540147764
======================
   8      33 sdc1 46738486 534 2294860360 30319240 47768059 67225390 26136456264 1509928636 139 25154484 1540773504
======================
   8      33 sdc1 46738496 534 2294860440 30320932 47769354 67225412 26139100440 1510542324 142 25159484 1541400052
======================
   8      33 sdc1 46738507 534 2294860528 30322652 47770650 67225436 26141748712 1511167388 154 25164488 1542027668
======================
   8      33 sdc1 46738518 534 2294860616 30324116 47771984 67225458 26144421560 1511811136 106 25169536 1542669316
======================
   8      33 sdc1 46738529 534 2294860704 30325884 47773283 67225481 26147073936 1512447152 153 25174540 1543307640
======================
   8      33 sdc1 46738540 534 2294860792 30327672 47774603 67225506 26149718112 1513067688 141 25179540 1543927768
======================
   8      33 sdc1 46738551 534 2294860880 30329444 47775899 67225529 26152362288 1513680336 145 25184544 1544547144
======================
   8      33 sdc1 46738561 534 2294860960 30330972 47777193 67225554 26155002384 1514316416 136 25189548 1545185188
======================
   8      33 sdc1 46738572 534 2294861048 30332500 47778489 67225578 26157650656 1514950344 149 25194548 1545821316
======================
   8      33 sdc1 46738583 534 2294861136 30334160 47779786 67225602 26160296896 1515583144 144 25199552 1546454804
======================
   8      33 sdc1 46738593 534 2294861216 30335792 47781084 67225625 26162945168 1516205952 131 25204556 1547079684
======================
   8      33 sdc1 46738604 534 2294861304 30337492 47782380 67225648 26165593440 1516837136 129 25209556 1547708520
======================
   8      33 sdc1 46738615 534 2294861392 30339028 47783674 67225674 26168237616 1517468676 119 25214560 1548346880
======================
   8      33 sdc1 46738625 534 2294861472 30340368 47784999 67225698 26170887936 1518115836 104 25219560 1548992072
======================
   8      33 sdc1 46738637 534 2294861568 30342368 47786301 67225723 26173544416 1518736588 139 25224564 1549616524
======================
   8      33 sdc1 46738648 534 2294861656 30343980 47787736 67225753 26176202928 1519373572 149 25229568 1550251844
======================
   8      33 sdc1 46738658 534 2294861736 30345276 47789040 67225778 26178863488 1520015628 135 25234568 1550897760
======================
   8      33 sdc1 46738669 534 2294861824 30346768 47790343 67225804 26181522000 1520650816 142 25239572 1551534940
======================
   8      33 sdc1 46738680 534 2294861912 30348592 47791644 67225833 26184180528 1521277108 134 25244572 1552159100
======================
   8      33 sdc1 46738690 534 2294861992 30350176 47792946 67225861 26186837008 1521903788 117 25249576 1552790924
======================
   8      33 sdc1 46738702 534 2294862088 30351992 47794247 67225885 26189493472 1522517448 145 25254576 1553407696
======================
   8      33 sdc1 46738713 534 2294862176 30353348 47795553 67225912 26192154032 1523159908 142 25259580 1554049140
======================
   8      33 sdc1 46738723 534 2294862256 30354928 47796854 67225937 26194810504 1523798096 157 25264580 1554688708
======================
   8      33 sdc1 46738734 534 2294862344 30356616 47798156 67225964 26197466968 1524422924 131 25269584 1555316764
======================
   8      33 sdc1 46738745 534 2294862432 30358248 47799481 67225992 26200121384 1525052716 157 25274588 1555947164
======================
   8      33 sdc1 46738755 534 2294862512 30359940 47800784 67226014 26202781944 1525661872 130 25279588 1556559072
======================
   8      33 sdc1 46738766 534 2294862600 30361480 47802098 67226038 26205434312 1526301316 142 25284592 1557195896
======================
   8      33 sdc1 46738777 534 2294862688 30363048 47803524 67226070 26208094888 1526929960 98 25289592 1557828840
======================
   8      33 sdc1 46738788 534 2294862776 30364632 47804829 67226104 26210753400 1527575280 151 25294596 1558478344
======================
   8      33 sdc1 46738799 534 2294862864 30366440 47806145 67226144 26213418072 1528208440 128 25299596 1559107704
======================
   8      33 sdc1 46738810 534 2294862952 30368252 47807455 67226170 26216072512 1528840232 154 25304600 1559746340
======================
   8      33 sdc1 46738820 534 2294863032 30369636 47808761 67226206 26218735120 1529483848 143 25309600 1560385968
======================
   8      33 sdc1 46738831 534 2294863120 30371116 47810065 67226245 26221389464 1530121104 130 25314604 1561029884
======================
   8      33 sdc1 46738842 534 2294863208 30372704 47811372 67226282 26224047984 1530758744 111 25319604 1561667344
======================
   8      33 sdc1 46738853 534 2294863296 30374516 47812675 67226319 26226704528 1531381908 92 25324608 1562289884
======================
   8      33 sdc1 46738864 534 2294863384 30376020 47814003 67226351 26229360912 1532024752 154 25329612 1562939548
======================
   8      33 sdc1 46738875 534 2294863472 30377684 47815309 67226379 26232023528 1532668280 128 25334612 1563580096
======================
   8      33 sdc1 46738886 534 2294863560 30379440 47816613 67226408 26234684096 1533292628 142 25339616 1564197136
======================
   8      33 sdc1 46738896 534 2294863640 30380756 47818053 67226438 26237338512 1533935808 131 25344616 1564854692
======================
   8      33 sdc1 46738907 534 2294863728 30382516 47819370 67226472 26239992936 1534565552 136 25349620 1565484444
======================
   8      33 sdc1 46738918 534 2294863816 30384100 47820686 67226504 26242657632 1535205824 111 25354624 1566121220
======================
   8      33 sdc1 46738929 534 2294863904 30385968 47821993 67226531 26245316064 1535817292 151 25359624 1566739108
======================
   8      33 sdc1 46738985 534 2294864346 30386940 47822721 67226577 26246766504 1536175020 0 25362416 1567062632
started
======================
   8      33 sdc1 46743945 534 2296255538 30395672 47822725 67226578 26246766544 1536175028 1 25365272 1567071364
======================
   8      33 sdc1 46752250 534 2298643762 30411580 47822727 67226580 26246766576 1536175036 2 25370032 1567087280
======================
   8      33 sdc1 46760543 534 2301023538 30426844 47822727 67226580 26246766576 1536175036 2 25374800 1567102540
======================
   8      33 sdc1 46768865 534 2303408178 30443176 47822727 67226580 26246766576 1536175036 11 25379540 1567118856
======================
   8      33 sdc1 46777354 534 2305836082 30459552 47822727 67226580 26246766576 1536175036 1 25384324 1567135236
======================
   8      33 sdc1 46785813 534 2308256306 30475532 47822727 67226580 26246766576 1536175036 1 25389156 1567151212
======================
   8      33 sdc1 46794221 534 2310655282 30492368 47822729 67226580 26246766592 1536175036 13 25393860 1567168044
======================
   8      33 sdc1 46802730 534 2313076018 30510280 47822729 67226580 26246766592 1536175036 1 25398628 1567185952
======================
   8      33 sdc1 46811325 534 2315522546 30528132 47822729 67226580 26246766592 1536175036 1 25403396 1567203804
======================
   8      33 sdc1 46819840 534 2317952090 30545704 47822729 67226580 26246766592 1536175036 14 25408228 1567221428
======================
   8      33 sdc1 46828280 534 2320361298 30562536 47822729 67226580 26246766592 1536175036 2 25412980 1567238200
======================
   8      33 sdc1 46836744 534 2322773066 30579692 47822729 67226580 26246766592 1536175036 1 25417700 1567255356
======================
   8      33 sdc1 46845240 534 2325198170 30596456 47822729 67226580 26246766592 1536175036 3 25422432 1567272116
======================
   8      33 sdc1 46853662 534 2327601106 30613380 47822729 67226580 26246766592 1536175036 1 25427136 1567289028
======================
   8      33 sdc1 46862148 534 2330019066 30630852 47822729 67226580 26246766592 1536175036 1 25431932 1567306504
======================
   8      33 sdc1 46870687 534 2332442418 30648408 47822729 67226580 26246766592 1536175036 2 25436692 1567324052
======================
   8      33 sdc1 46879144 534 2334852402 30665168 47822731 67226583 26246766632 1536175048 1 25441456 1567340824
======================
   8      33 sdc1 46887594 534 2337259954 30683172 47822735 67226584 26246766672 1536175052 3 25446216 1567358820
======================
   8      33 sdc1 46896053 534 2339670722 30700336 47822736 67226584 26246766680 1536175052 2 25450984 1567375984
======================
   8      33 sdc1 46904498 534 2342079170 30718092 47822736 67226584 26246766680 1536175052 1 25455736 1567393736
======================
   8      33 sdc1 46912968 534 2344496290 30734740 47822736 67226584 26246766680 1536175052 1 25460536 1567410376
======================
   8      33 sdc1 46921446 534 2346913218 30751644 47822736 67226584 26246766680 1536175052 13 25465292 1567427280
======================
   8      33 sdc1 46929983 534 2349349610 30768480 47822736 67226584 26246766680 1536175052 2 25470024 1567444116
======================
   8      33 sdc1 46938417 534 2351757266 30785360 47822736 67226584 26246766680 1536175052 1 25474700 1567461000
======================
   8      33 sdc1 46946889 534 2354174138 30802976 47822736 67226584 26246766680 1536175052 4 25479436 1567478612
======================
   8      33 sdc1 46955355 534 2356590530 30819628 47822736 67226584 26246766680 1536175052 3 25484272 1567495264
======================
   8      33 sdc1 46963756 534 2358988370 30836168 47822736 67226584 26246766680 1536175052 3 25489040 1567511800
======================
   8      33 sdc1 46972210 534 2361402194 30852304 47822736 67226584 26246766680 1536175052 1 25493824 1567527932
======================
   8      33 sdc1 46980648 534 2363810194 30869156 47822736 67226584 26246766680 1536175052 1 25498572 1567544788
======================
   8      33 sdc1 46989091 534 2366220170 30886268 47822736 67226584 26246766680 1536175052 5 25503268 1567561892
======================
   8      33 sdc1 46997580 534 2368639562 30903016 47822736 67226584 26246766680 1536175052 2 25508028 1567578640
======================
   8      33 sdc1 47006020 534 2371046730 30919984 47822736 67226584 26246766680 1536175052 5 25512784 1567595600
======================
   8      33 sdc1 47014395 534 2373443386 30936796 47822736 67226584 26246766680 1536175052 9 25517536 1567612440
======================
   8      33 sdc1 47022910 534 2375874882 30953928 47822736 67226584 26246766680 1536175052 1 25522312 1567629536
======================
   8      33 sdc1 47031350 534 2378287170 30970716 47822736 67226584 26246766680 1536175052 5 25527104 1567646320
======================
   8      33 sdc1 47039773 534 2380691778 30987824 47822736 67226584 26246766680 1536175052 3 25531852 1567663440
======================
   8      33 sdc1 47048223 534 2383103282 31004696 47822736 67226584 26246766680 1536175052 12 25536596 1567680300
======================
   8      33 sdc1 47056676 534 2385515050 31021372 47822736 67226584 26246766680 1536175052 9 25541348 1567697008
======================
   8      33 sdc1 47065091 534 2387918178 31038412 47822736 67226584 26246766680 1536175052 4 25546080 1567714012
======================
   8      33 sdc1 47073545 534 2390330202 31055480 47822736 67226584 26246766680 1536175052 1 25550832 1567731084
======================
   8      33 sdc1 47081973 534 2392736090 31072880 47822736 67226584 26246766680 1536175052 2 25555544 1567748476
======================
   8      33 sdc1 47090351 534 2395133282 31089520 47822736 67226584 26246766680 1536175052 6 25560264 1567765116
======================
   8      33 sdc1 47098754 534 2397538474 31106196 47822736 67226584 26246766680 1536175052 3 25564952 1567781804
======================
   8      33 sdc1 47107125 534 2399934074 31122340 47822736 67226584 26246766680 1536175052 3 25569664 1567797948
======================
   8      33 sdc1 47115557 534 2402342706 31139228 47822736 67226584 26246766680 1536175052 2 25574356 1567814820
======================
   8      33 sdc1 47123998 534 2404752066 31156784 47822736 67226584 26246766680 1536175052 5 25579100 1567832392
======================
   8      33 sdc1 47132454 534 2407168706 31173780 47822736 67226584 26246766680 1536175052 3 25583864 1567849376
======================
   8      33 sdc1 47140880 534 2409578770 31189776 47822736 67226584 26246766680 1536175052 1 25588608 1567865364
======================
   8      33 sdc1 47149292 534 2411984434 31206472 47822736 67226584 26246766680 1536175052 3 25593360 1567882060
======================
   8      33 sdc1 47157771 534 2414410242 31223820 47822736 67226584 26246766680 1536175052 0 25598156 1567899408
======================
   8      33 sdc1 47163271 534 2415981314 31233268 47822736 67226584 26246766680 1536175052 0 25601332 1567908856
