22.1
24.9
23.7
24.2
24.7
23.6
24.9
24.0
24.6
24.3
23.8
25.0
23.8
23.8
24.1
23.3
24.2
24.3
24.1
24.5
23.7
24.9
24.3
23.6
24.8
23.9
24.3
24.2
24.6
24.7
23.5
23.5
24.5
23.8
24.0
23.0
24.4
24.4
24.4
24.5
24.3
23.9
24.7
24.1
23.3
24.7
23.8
24.5
23.5
23.8
24.9
24.3
24.1
24.1
24.0
25.0
23.6
23.9
23.3
24.7
23.5
23.0
24.2
23.4
24.7
24.2
24.1
24.3
24.7
24.2
25.0
23.4
23.7
23.2
23.6
23.9
24.6
24.1
23.0
24.4
24.4
24.1
23.5
24.5
24.7
23.8
24.1
24.5
23.7
23.5
24.3
24.3
23.7
24.4
23.9
23.6
23.9
23.8
24.4
25.0
23.0
26.2
23.8
23.7
24.4
23.4
24.1
24.0
24.5
24.1
24.3
23.3
23.9
24.6
23.5
24.7
24.4
24.3
23.6
24.2
23.5
23.0
23.3
24.5
24.2
24.3
24.9
24.4
24.4
24.3
23.8
23.7
24.9
23.4
23.5
23.5
24.5
25.1
24.1
24.5
23.3
23.8
23.6
24.8
24.3
23.4
24.5
24.3
23.6
23.6
24.5
24.5
24.0
24.5
24.2
23.5
23.8
24.6
23.7
24.2
23.6
23.6
24.4
24.3
24.3
23.9
24.2
24.1
23.8
23.3
23.6
24.7
23.4
23.3
24.8
24.8
23.4
24.7
24.2
23.3
24.1
24.4
23.1
24.2
23.5
24.7
23.8
23.3
24.0
24.3
23.9
24.7
23.5
23.8
23.6
23.5
23.7
24.0
23.4
25.2
24.4
24.1
24.3
23.6
24.6
23.5
24.8
24.0
24.9
24.8
24.7
24.8
23.3
23.8
24.2
23.6
24.6
24.5
23.6
23.3
24.0
23.9
24.4
24.9
24.7
24.2
24.0
23.6
23.4
22.9
24.7
24.2
24.6
23.5
24.4
23.0
24.1
24.8
24.2
24.0
24.1
22.9
24.8
26.1
25.7
26.6
29.7
31.9
35.0
37.9
58.0
47.6
