======================
   8      33 sdc1 119100808 195149 6044162210 156857905 162431432 276341675 79163029664 2720395425 0 87558259 2878193871
======================
   8      33 sdc1 119100939 195149 6044163258 156858232 162433467 276481525 79164133104 2720528774 24 87560562 2878329028
======================
   8      33 sdc1 119101002 195149 6044163762 156858266 162480909 276609581 79166047720 2720868400 47 87564612 2878667420
======================
   8      33 sdc1 119101002 195149 6044163762 156858266 162517805 276712004 79168101552 2721238486 138 87568789 2879037559
======================
   8      33 sdc1 119101002 195149 6044163762 156858266 162561197 276819325 79170209264 2721770282 0 87573106 2879569110
======================
   8      33 sdc1 119101002 195149 6044163762 156858266 162594284 276921626 79171992200 2722079363 149 87576764 2879878418
======================
   8      33 sdc1 119101002 195149 6044163762 156858266 162627501 277036151 79174010416 2722477012 120 87580848 2880327716
======================
   8      33 sdc1 119101002 195149 6044163762 156858266 162664500 277124752 79175918440 2722845295 136 87584769 2880659219
======================
   8      33 sdc1 119101002 195149 6044163762 156858266 162686065 277219899 79177984904 2723301463 30 87588841 2881101565
======================
   8      33 sdc1 119101002 195149 6044163762 156858266 162730610 277319306 79179816576 2723618192 0 87592644 2881416956
======================
   8      33 sdc1 119101002 195149 6044163762 156858266 162765862 277421479 79182108104 2724115805 0 87597352 2881914553
======================
   8      33 sdc1 119101003 195149 6044163770 156858366 162802307 277531071 79183966520 2724414597 0 87601174 2882213429
======================
   8      33 sdc1 119101033 195149 6044164010 156859183 162833385 277624672 79186118640 2724833624 0 87605443 2882633259
======================
   8      33 sdc1 119101053 195149 6044164170 156859441 162869017 277729411 79187803208 2725078381 0 87608941 2882878259
======================
   8      33 sdc1 119101061 195149 6044164234 156859649 162900644 277830975 79189841560 2725465911 58 87613047 2883274201
======================
   8      33 sdc1 119101089 195149 6044164458 156860999 162945616 277948852 79191983600 2725843924 54 87617443 2883651410
======================
   8      33 sdc1 119101116 195149 6044164674 156862150 162984977 278064814 79194473160 2726283282 144 87622434 2884086331
======================
   8      33 sdc1 119101127 195149 6044164762 156863111 163023342 278185424 79196671384 2726611714 95 87626892 2884425703
======================
   8      33 sdc1 119101127 195149 6044164762 156863111 163054328 278277865 79198564488 2726989334 0 87630709 2884792940
======================
   8      33 sdc1 119101128 195149 6044164770 156863141 163090766 278384425 79200660072 2727362314 94 87634948 2885167882
======================
   8      33 sdc1 119101128 195149 6044164770 156863141 163125170 278483537 79202507576 2727711656 0 87638699 2885515263
======================
   8      33 sdc1 119101128 195149 6044164770 156863141 163157404 278578091 79204447920 2728064447 0 87642654 2885868037
======================
   8      33 sdc1 119101128 195149 6044164770 156863141 163190043 278696162 79206746128 2728577943 0 87647292 2886381514
======================
   8      33 sdc1 119101128 195149 6044164770 156863141 163224888 278806451 79209265528 2729118710 0 87652299 2886922262
======================
   8      33 sdc1 119101144 195149 6044164898 156863433 163260118 278916512 79210755752 2729319654 105 87655423 2887137437
======================
   8      33 sdc1 119101163 195149 6044165050 156864151 163294701 279016322 79213133656 2729817939 0 87660167 2887622467
======================
   8      33 sdc1 119101176 195149 6044165154 156865061 163329454 279132152 79215326480 2730163638 159 87664605 2887998503
======================
   8      33 sdc1 119101189 195149 6044165258 156865528 163365172 279241237 79217144120 2730562169 0 87668331 2888368122
======================
   8      33 sdc1 119101222 195149 6044165522 156866914 163404352 279355601 79219390696 2730899170 0 87672873 2888706494
======================
   8      33 sdc1 119101235 195149 6044165626 156867600 163435925 279471711 79221761408 2731360718 0 87677599 2889168712
======================
   8      33 sdc1 119101243 195149 6044165690 156868234 163461101 279570809 79223825736 2731768156 0 87681696 2889576770
======================
   8      33 sdc1 119101247 195149 6044165722 156868637 163487046 279674463 79225800552 2732069635 0 87685648 2889878637
======================
   8      33 sdc1 119101252 195149 6044165762 156869194 163499018 279749527 79227350584 2732346156 131 87688660 2890196782
======================
   8      33 sdc1 119101252 195149 6044165762 156869194 163501453 279810948 79229344184 2732834034 0 87692444 2890643590
started
======================
   8      33 sdc1 119105168 198749 6044278132 156875094 163501464 279810949 79229344280 2732834067 31 87692753 2890649549
======================
   8      33 sdc1 119173253 239709 6046392012 156951576 163507579 279836616 79229599000 2732862781 12 87697375 2890754839
======================
   8      33 sdc1 119225302 240275 6047974516 156989012 163524291 279863523 79229949152 2732938655 0 87701170 2890868641
======================
   8      33 sdc1 119286452 240321 6049856852 157032374 163536108 279882088 79230193208 2732997440 13 87705315 2890971163
======================
   8      33 sdc1 119345444 242367 6051663156 157075253 163554087 279910660 79230568112 2733109323 0 87709593 2891127056
======================
   8      33 sdc1 119407217 243909 6053548396 157123741 163555288 279931702 79230746056 2733146778 13 87713571 2891212982
======================
   8      33 sdc1 119459364 248728 6055155348 157177563 163556285 279941331 79231296784 2733225185 0 87717729 2891345199
======================
   8      33 sdc1 119518887 248952 6056983524 157220513 163556320 279946938 79231341920 2733226776 6 87721362 2891389724
======================
   8      33 sdc1 119573245 252095 6058653972 157260081 163556352 279952087 79231383368 2733228267 0 87724662 2891430766
======================
   8      33 sdc1 119623663 252117 6060206740 157295415 163556388 279957706 79231428608 2733229990 10 87727769 2891467810
======================
   8      33 sdc1 119685560 252156 6062117332 157337813 163558993 279962984 79231491936 2733252046 0 87731617 2891532444
======================
   8      33 sdc1 119738435 252174 6063743420 157374319 163561604 279968871 79231560336 2733276723 11 87734927 2891593756
======================
   8      33 sdc1 119787026 252217 6065238524 157413295 163577594 279996892 79232134400 2733408254 11 87739040 2891765793
======================
   8      33 sdc1 119816824 252291 6066157476 157446833 163591979 280010455 79232714280 2733561448 13 87742161 2891952526
======================
   8      33 sdc1 119870531 252299 6067811540 157483416 163597560 280035795 79232962008 2733587628 11 87745877 2892015331
======================
   8      33 sdc1 119914133 252318 6069154172 157513122 163609036 280054534 79233204944 2733647680 149 87749006 2892105659
======================
   8      33 sdc1 119972252 252359 6070944180 157552699 163614070 280063462 79233317104 2733671399 13 87752765 2892168712
======================
   8      33 sdc1 120013974 252378 6072229300 157581052 163622813 280080814 79233526200 2733707732 13 87755774 2892233434
======================
   8      33 sdc1 120067100 252405 6073865372 157622629 163627717 280089686 79233858056 2733764267 17 87759641 2892334290
======================
   8      33 sdc1 120105638 252416 6075051580 157649421 163644757 280126829 79234317200 2733911004 155 87762989 2892511667
======================
   8      33 sdc1 120160259 252462 6076733204 157692245 163645408 280135022 79234568264 2733948344 12 87766769 2892587032
======================
   8      33 sdc1 120208687 252500 6078224244 157726164 163645440 280140085 79234609024 2733949671 13 87769735 2892622253
======================
   8      33 sdc1 120270595 252530 6080130908 157768703 163650593 280157668 79234791672 2733972133 10 87773797 2892687360
======================
   8      33 sdc1 120319139 252590 6081624796 157801861 163653711 280164357 79234870528 2733996555 1 87776863 2892745117
======================
   8      33 sdc1 120380322 252628 6083510916 157843980 163657510 280172839 79234969256 2734027095 11 87780707 2892818130
======================
   8      33 sdc1 120424740 252671 6084879092 157874235 163660023 280196566 79235051408 2734037659 117 87783528 2892860576
======================
   8      33 sdc1 120483189 252673 6086729940 157917847 163660150 280200036 79235208304 2734052560 62 87787408 2892917663
======================
   8      33 sdc1 120529621 252673 6088214756 157963034 163660598 280200059 79235792656 2734176373 11 87791389 2893086528
======================
   8      33 sdc1 120594867 252673 6090301524 158007057 163660598 280200059 79235792656 2734176373 0 87795397 2893130533
======================
   8      33 sdc1 120644315 252673 6091883044 158040474 163660600 280200060 79235792680 2734176379 0 87798423 2893163937
======================
   8      33 sdc1 120710607 252691 6094000788 158085805 163660602 280200061 79235792704 2734176386 12 87802493 2893209268
======================
   8      33 sdc1 120761481 252691 6095627580 158120263 163660604 280200062 79235792728 2734176394 0 87805624 2893243716
======================
   8      33 sdc1 120826760 252691 6097715092 158164667 163660606 280200063 79235792752 2734176401 12 87809624 2893288117
======================
   8      33 sdc1 120874270 252691 6099233564 158197076 163660634 280203523 79235820656 2734177107 12 87812620 2893321212
======================
   8      33 sdc1 120922196 252692 6100766172 158244150 163661103 280203543 79236435344 2734320609 0 87816757 2893511771
======================
   8      33 sdc1 120972161 252692 6102363828 158277896 163661105 280203549 79236435408 2734320616 11 87819835 2893545517
======================
   8      33 sdc1 121036149 252692 6104409548 158321350 163661107 280203550 79236435432 2734320623 11 87823768 2893588968
======================
   8      33 sdc1 121087120 252692 6106039756 158355688 163661109 280203551 79236435456 2734320629 11 87826893 2893623294
======================
   8      33 sdc1 121153923 252692 6108176132 158400903 163661111 280203552 79236435480 2734320636 12 87830995 2893668506
======================
   8      33 sdc1 121204617 252692 6109797020 158434939 163661113 280203553 79236435504 2734320643 11 87834122 2893702525
======================
   8      33 sdc1 121270168 252692 6111893620 158479467 163661116 280203555 79236435544 2734320643 0 87838143 2893747043
======================
   8      33 sdc1 121307822 252692 6113098140 158512570 163661614 280203574 79237079912 2734461578 11 87841687 2893921074
======================
   8      33 sdc1 121368866 252692 6115050444 158553771 163661616 280203580 79237079976 2734461584 10 87845435 2893962272
======================
   8      33 sdc1 121421287 252692 6116727268 158589419 163661618 280203581 79237080000 2734461590 12 87848661 2893997918
======================
   8      33 sdc1 121484727 252692 6118756604 158632508 163661620 280203582 79237080024 2734461597 10 87852549 2894041002
======================
   8      33 sdc1 121534951 252692 6120363028 158666468 163661622 280203583 79237080048 2734461602 11 87855626 2894074944
======================
   8      33 sdc1 121592092 252692 6122190268 158710435 163661804 280203589 79237309464 2734486390 10 87859597 2894143663
======================
   8      33 sdc1 121635895 252692 6123591220 158747103 163662052 280203603 79237626936 2734546772 10 87862913 2894240698
======================
   8      33 sdc1 121691676 252692 6125374316 158784915 163662054 280203608 79237626992 2734546781 0 87866351 2894278505
