======================
   8      17 sdb1 6679410 1708215 2139426572 37511700 3578867 172610272 5863189216 1035793472 0 9056752 1073305220
======================
   8      17 sdb1 6679413 1708215 2139426596 37511704 3578867 172610272 5863189216 1035793472 0 9056756 1073305224
======================
   8      17 sdb1 6679413 1708215 2139426596 37511704 3578870 172610281 5863189312 1035793480 0 9056764 1073305232
======================
   8      17 sdb1 6679413 1708215 2139426596 37511704 3578872 172610285 5863189360 1035793492 0 9056776 1073305244
======================
   8      17 sdb1 6679413 1708215 2139426596 37511704 3578874 172610290 5863189416 1035793500 0 9056784 1073305252
======================
   8      17 sdb1 6679413 1708215 2139426596 37511704 3578876 172610295 5863189472 1035793512 0 9056796 1073305264
======================
   8      17 sdb1 6679413 1708215 2139426596 37511704 3578878 172610300 5863189528 1035793520 0 9056804 1073305272
======================
   8      17 sdb1 6679429 1708215 2139426724 37512892 3580551 172610306 5866599560 1036214300 128 9060144 1073745752
======================
   8      17 sdb1 6679451 1708215 2139426900 37514648 3583060 172610327 5871734080 1036848180 126 9065148 1074379940
======================
   8      17 sdb1 6679469 1708215 2139427044 37516404 3585280 172610351 5876276752 1037474956 147 9070148 1075012756
======================
   8      17 sdb1 6679487 1708215 2139427188 37518388 3587266 172610372 5880340168 1038085564 154 9075152 1075628220
======================
   8      17 sdb1 6679503 1708215 2139427316 37520184 3589249 172610399 5884397488 1038724216 138 9080156 1076266684
======================
   8      17 sdb1 6679520 1708215 2139427452 37522072 3591238 172610427 5888467104 1039352352 154 9085160 1076898308
======================
   8      17 sdb1 6679536 1708215 2139427580 37523836 3593226 172610455 5892534672 1039983628 133 9090164 1077531360
======================
   8      17 sdb1 6679553 1708215 2139427716 37525688 3595210 172610487 5896594080 1040614400 139 9095168 1078163240
======================
   8      17 sdb1 6679569 1708215 2139427844 37527504 3597189 172610523 5900643280 1041233020 134 9100176 1078783616
======================
   8      17 sdb1 6679586 1708215 2139427980 37529388 3599174 172610562 5904704792 1041859188 151 9105180 1079411384
======================
   8      17 sdb1 6679602 1708215 2139428108 37531052 3601165 172610598 5908778568 1042491024 134 9110184 1080044460
======================
   8      17 sdb1 6679619 1708215 2139428244 37532940 3603148 172610636 5912835976 1043129716 152 9115188 1080686364
======================
   8      17 sdb1 6679635 1708215 2139428372 37534656 3605126 172610671 5916883120 1043761356 128 9120192 1081316576
======================
   8      17 sdb1 6679652 1708215 2139428508 37536540 3607111 172610707 5920944608 1044390100 143 9125200 1081948940
======================
   8      17 sdb1 6679668 1708215 2139428636 37538216 3609098 172610741 5925010176 1045018560 130 9130204 1082579712
======================
   8      17 sdb1 6679685 1708215 2139428772 37540056 3611079 172610778 5929063480 1045640164 138 9135208 1083204300
======================
   8      17 sdb1 6679701 1708215 2139428900 37541848 3613065 172610814 5933129064 1046286508 138 9140212 1083852308
======================
   8      17 sdb1 6679718 1708215 2139429036 37543736 3615047 172610850 5937182360 1046917780 151 9145216 1084486168
======================
   8      17 sdb1 6679734 1708215 2139429164 37545484 3617033 172610886 5941245896 1047550436 143 9150220 1085119220
======================
   8      17 sdb1 6679751 1708215 2139429300 37547364 3619015 172610922 5945301240 1048178612 86 9155224 1085747036
======================
   8      17 sdb1 6679768 1708215 2139429436 37549196 3620992 172610958 5949346344 1048811748 134 9160232 1086377708
======================
   8      17 sdb1 6679785 1708215 2139429572 37551092 3622972 172610992 5953397576 1049432716 154 9165236 1087001900
======================
   8      17 sdb1 6679801 1708215 2139429700 37552856 3624957 172611027 5957459056 1050057684 133 9170240 1087634684
======================
   8      17 sdb1 6679817 1708215 2139429828 37554632 3626942 172611066 5961520568 1050684508 95 9175244 1088261792
======================
   8      17 sdb1 6679834 1708215 2139429964 37556524 3628926 172611102 5965580008 1051313868 153 9180248 1088893292
======================
   8      17 sdb1 6679851 1708215 2139430100 37558404 3630908 172611138 5969635352 1051948156 153 9185256 1089528920
======================
   8      17 sdb1 6679867 1708215 2139430228 37560176 3632891 172611177 5973692768 1052582316 142 9190260 1090163844
======================
   8      17 sdb1 6679883 1708215 2139430356 37561960 3634869 172611211 5977739904 1053220828 112 9195264 1090808076
======================
   8      17 sdb1 6679900 1708215 2139430492 37563848 3636854 172611245 5981801376 1053849292 141 9200268 1091435768
======================
   8      17 sdb1 6679917 1708215 2139430628 37565720 3638836 172611282 5985856728 1054479288 120 9205272 1092067736
======================
   8      17 sdb1 6679933 1708215 2139430756 37567476 3640812 172611315 5989899760 1055106440 156 9210280 1092696824
======================
   8      17 sdb1 6679949 1708215 2139430884 37569256 3642792 172611353 5993951024 1055736996 129 9215284 1093329588
======================
   8      17 sdb1 6679962 1708215 2139430988 37570708 3644550 172611926 5997421352 1056277704 0 9219596 1093848412
======================
   8      17 sdb1 6679962 1708215 2139430988 37570708 3644550 172611926 5997421352 1056277704 0 9219596 1093848412
started
======================
   8      17 sdb1 6685140 1712634 2141848926 37645964 3644587 172611926 5997421648 1056277788 34 9221924 1093924024
======================
   8      17 sdb1 6696305 1722642 2147268446 37813792 3644589 172611930 5997421696 1056277816 34 9226932 1094093056
======================
   8      17 sdb1 6707223 1732889 2152686686 37977800 3644589 172611930 5997421696 1056277816 34 9231940 1094262152
======================
   8      17 sdb1 6718120 1743100 2158090590 38141952 3644589 172611930 5997421696 1056277816 33 9236944 1094431280
======================
   8      17 sdb1 6729004 1753314 2163491678 38305988 3644589 172611930 5997421696 1056277816 33 9241948 1094600272
======================
   8      17 sdb1 6739891 1763530 2168893790 38470016 3644589 172611930 5997421696 1056277816 34 9246956 1094769400
======================
   8      17 sdb1 6751911 1772565 2174285150 38651452 3644589 172611930 5997421696 1056277816 39 9251960 1094955892
======================
   8      17 sdb1 6763858 1780761 2179441502 38840176 3644589 172611930 5997421696 1056277816 36 9256964 1095149544
======================
   8      17 sdb1 6774588 1790126 2184585054 39010484 3644590 172611930 5997421704 1056309520 34 9261968 1095320192
======================
   8      17 sdb1 6785797 1800016 2189986398 39179456 3644590 172611930 5997421704 1056309520 34 9266972 1095489116
======================
   8      17 sdb1 6797002 1809900 2195385182 39348488 3644590 172611930 5997421704 1056309520 34 9271980 1095658240
======================
   8      17 sdb1 6808209 1819785 2200784734 39517496 3644590 172611930 5997421704 1056309520 34 9276984 1095827188
======================
   8      17 sdb1 6819416 1829673 2206185310 39686516 3644590 172611930 5997421704 1056309520 33 9281988 1095996148
======================
   8      17 sdb1 6830727 1839446 2211582814 39857132 3644590 172611930 5997421704 1056309520 35 9286996 1096166844
======================
   8      17 sdb1 6841957 1849304 2216981342 40026568 3644592 172611932 5997421736 1056309544 33 9292000 1096336240
======================
   8      17 sdb1 6853163 1859190 2222380894 40195624 3644592 172611932 5997421736 1056309544 33 9297004 1096505280
======================
   8      17 sdb1 6864612 1868833 2227780446 40368220 3644592 172611932 5997421736 1056309544 35 9302008 1096677884
======================
   8      17 sdb1 6876142 1878385 2233177950 40542136 3644592 172611932 5997421736 1056309544 35 9307016 1096851876
======================
   8      17 sdb1 6887390 1888234 2238578014 40711772 3644592 172611932 5997421736 1056309544 34 9312020 1097021456
======================
   8      17 sdb1 6898637 1898074 2243976542 40881432 3644592 172611932 5997421736 1056309544 35 9317024 1097191068
======================
   8      17 sdb1 6910020 1907782 2249375582 41053188 3644592 172611932 5997421736 1056309544 34 9322032 1097362912
======================
   8      17 sdb1 6921362 1917520 2254772574 41224388 3644592 172611932 5997421736 1056309544 34 9327036 1097534092
======================
   8      17 sdb1 6932730 1927247 2260172638 41395796 3644592 172611932 5997421736 1056309544 33 9332040 1097705412
======================
   8      17 sdb1 6943329 1936529 2265269598 41555344 3644592 172611932 5997421736 1056309544 0 9336760 1097864724
