======================
   8      33 sdc1 3948951 16 1006874358 22898213 34423842 24304358 14954759960 525278835 0 9026128 548168667
======================
   8      33 sdc1 3948968 16 1006874494 22901710 34424207 24305991 14957007256 525455312 18 9030458 548353973
======================
   8      33 sdc1 3948979 16 1006874582 22905815 34424360 24307949 14959598880 525530429 20 9035461 548428863
======================
   8      33 sdc1 3948989 16 1006874662 22910396 34424515 24309868 14962247840 525586796 16 9040464 548489498
======================
   8      33 sdc1 3949000 16 1006874750 22914680 34424654 24311670 14964634400 525650376 17 9044960 548560374
======================
   8      33 sdc1 3949010 16 1006874830 22918218 34424808 24313569 14967288736 525728181 12 9049962 548641387
======================
   8      33 sdc1 3949020 16 1006874910 22922202 34424957 24315524 14969910304 525794001 11 9054965 548710577
======================
   8      33 sdc1 3949031 16 1006874998 22926383 34425102 24317471 14972474656 525848499 15 9059967 548768351
======================
   8      33 sdc1 3949041 16 1006875078 22930813 34425264 24319279 14974990288 525903945 6 9064969 548829130
======================
   8      33 sdc1 3949051 16 1006875158 22935393 34425410 24321230 14977459024 525947850 14 9069968 548876429
======================
   8      33 sdc1 3949061 16 1006875238 22939410 34425549 24322988 14979804880 526002646 14 9074514 548938833
======================
   8      33 sdc1 3949069 16 1006875302 22943824 34425677 24324552 14982034448 526067934 7 9079096 549004887
======================
   8      33 sdc1 3949080 16 1006875390 22948627 34425824 24326500 14984556360 526124022 13 9084095 549066264
======================
   8      33 sdc1 3949090 16 1006875470 22952153 34426271 24327921 14986907728 526315914 25 9088810 549266255
======================
   8      33 sdc1 3949099 16 1006875542 22956508 34426540 24329552 14989280576 526409528 19 9093531 549362257
======================
   8      33 sdc1 3949109 16 1006875622 22960473 34426811 24331247 14991764816 526487958 7 9098360 549442809
======================
   8      33 sdc1 3949120 16 1006875710 22965220 34427081 24333069 14994324880 526564543 14 9103361 549526429
======================
   8      33 sdc1 3949130 16 1006875790 22969638 34427356 24334875 14996767568 526658471 34 9108162 549626126
======================
   8      33 sdc1 3949140 16 1006875870 22973862 34427593 24336543 14999185808 526744677 22 9112983 549711046
======================
   8      33 sdc1 3949149 16 1006875942 22977606 34427860 24338179 15001676304 526818215 12 9117744 549790687
======================
   8      33 sdc1 3949160 16 1006876030 22981664 34428109 24340013 15004112272 526887177 31 9122445 549866131
======================
   8      33 sdc1 3949170 16 1006876110 22986167 34428373 24341722 15006694568 526971519 9 9127445 549952766
======================
   8      33 sdc1 3949180 16 1006876190 22990405 34428628 24343552 15009164648 527064886 26 9132266 550056457
======================
   8      33 sdc1 3949191 16 1006876278 22994719 34428888 24345380 15011625064 527157748 39 9137094 550148083
======================
   8      33 sdc1 3949201 16 1006876358 22998954 34429155 24347010 15014142952 527250880 22 9141899 550242177
======================
   8      33 sdc1 3949212 16 1006876446 23003066 34429699 24348572 15016814888 527523094 28 9146904 550531106
======================
   8      33 sdc1 3949222 16 1006876526 23007105 34430037 24350316 15019477296 527647410 15 9151905 550652134
======================
   8      33 sdc1 3949233 16 1006876614 23011511 34430343 24352151 15022007544 527743086 32 9156687 550753298
======================
   8      33 sdc1 3949243 16 1006876694 23015704 34430665 24353932 15024625312 527846221 25 9161613 550859532
======================
   8      33 sdc1 3949254 16 1006876782 23019782 34430981 24355712 15027256552 527944722 26 9166565 550962447
======================
   8      33 sdc1 3949265 16 1006876870 23024016 34431281 24357502 15029813928 528044824 35 9171382 551064372
======================
   8      33 sdc1 3949275 16 1006876950 23028257 34431596 24359288 15032451880 528144148 35 9176381 551164657
======================
   8      33 sdc1 3949286 16 1006877038 23032950 34431916 24361075 15035093872 528236344 29 9181382 551262631
======================
   8      33 sdc1 3949296 16 1006877118 23036839 34432215 24362691 15037648560 528328879 7 9186183 551360200
======================
   8      33 sdc1 3949306 16 1006877198 23041146 34432537 24364516 15040222816 528415964 10 9191026 551452332
======================
   8      33 sdc1 3949317 16 1006877286 23045345 34432858 24366300 15042871776 528513508 6 9196024 551552827
======================
   8      33 sdc1 3949329 16 1006877382 23049733 34433177 24368254 15045528816 528609144 32 9201026 551651188
======================
   8      33 sdc1 3949339 16 1006877462 23053130 34433767 24369769 15048196856 528867403 29 9206030 551917586
======================
   8      33 sdc1 3949350 16 1006877550 23057662 34434111 24371532 15050860856 528967313 22 9211033 552024731
======================
   8      33 sdc1 3949361 16 1006877638 23061792 34434446 24373303 15053515200 529071605 18 9216035 552132799
======================
   8      33 sdc1 3949372 16 1006877726 23066338 34434800 24375310 15056175520 529184700 43 9221038 552247396
======================
   8      33 sdc1 3949383 16 1006877814 23070519 34435137 24376916 15058844904 529312480 7 9226040 552377553
======================
   8      33 sdc1 3949394 16 1006877902 23074725 34435482 24378841 15061499240 529417492 33 9231042 552484643
======================
   8      33 sdc1 3949404 16 1006877982 23078741 34435818 24380609 15064143920 529517219 32 9236044 552588575
======================
   8      33 sdc1 3949415 16 1006878070 23083260 34436153 24382337 15066810608 529610635 16 9241046 552689561
======================
   8      33 sdc1 3949426 16 1006878158 23087601 34436482 24384152 15069440504 529700707 27 9246035 552783546
======================
   8      33 sdc1 3949436 16 1006878238 23091715 34436831 24385910 15072094848 529803658 23 9251038 552891453
======================
   8      33 sdc1 3949447 16 1006878326 23095872 34437165 24387732 15074645760 529899418 31 9255842 552995002
======================
   8      33 sdc1 3949459 16 1006878422 23099866 34437712 24389269 15077187968 530080682 62 9260621 553211304
======================
   8      33 sdc1 3949468 16 1006878494 23103998 34438105 24390863 15079861824 530285271 5 9265626 553381004
started
======================
   8      33 sdc1 3949590 16 1006879464 23105116 34438225 24391349 15080599576 530311688 0 9267085 553408307
======================
   8      33 sdc1 3949629 16 1006879776 23105248 34440538 24391349 15081212696 530472312 152 9268258 553574128
======================
   8      33 sdc1 3949629 16 1006879776 23105248 34449816 24391357 15083692656 531132875 145 9272930 554238079
======================
   8      33 sdc1 3949629 16 1006879776 23105248 34459424 24391367 15086312784 531839713 156 9277887 554941778
======================
   8      33 sdc1 3949629 16 1006879776 23105248 34467665 24391375 15088536680 532441249 140 9282120 555543344
======================
   8      33 sdc1 3949629 16 1006879776 23105248 34477463 24391386 15091168304 533156001 135 9287122 556261933
======================
   8      33 sdc1 3949629 16 1006879776 23105248 34482563 24391389 15092543240 533531171 128 9289759 556632892
======================
   8      33 sdc1 3949629 16 1006879776 23105248 34491293 24391398 15094882336 534161413 144 9294200 557263507
======================
   8      33 sdc1 3949629 16 1006879776 23105248 34501155 24391409 15097546648 534884082 139 9299254 557989787
======================
   8      33 sdc1 3949629 16 1006879776 23105248 34506723 24391415 15099040096 535291617 144 9302127 558393361
======================
   8      33 sdc1 3949629 16 1006879776 23105248 34515940 24391424 15101527512 535961297 135 9306847 559063195
======================
   8      33 sdc1 3949629 16 1006879776 23105248 34525298 24391434 15104061720 536650658 0 9311653 559747342
======================
   8      33 sdc1 3949629 16 1006879776 23105248 34532812 24391442 15106074312 537194451 136 9315487 560296421
======================
   8      33 sdc1 3949629 16 1006879776 23105248 34542219 24391452 15108613616 537877681 135 9320297 560979797
======================
   8      33 sdc1 3949629 16 1006879776 23105248 34551970 24391463 15111257104 538593259 145 9325298 561697284
======================
   8      33 sdc1 3949629 16 1006879776 23105248 34560841 24391472 15113650728 539239414 135 9329839 562343073
======================
   8      33 sdc1 3949629 16 1006879776 23105248 34566727 24391478 15115218264 539663443 144 9332832 562765474
======================
   8      33 sdc1 3949629 16 1006879776 23105248 34576538 24391489 15117868880 540379953 131 9337833 563481703
======================
   8      33 sdc1 3949629 16 1006879776 23105248 34586252 24391500 15120519248 541095117 142 9342835 564198459
======================
   8      33 sdc1 3949629 16 1006879776 23105248 34595674 24391509 15123084648 541789000 137 9347714 564891962
======================
   8      33 sdc1 3949629 16 1006879776 23105248 34602011 24391516 15124787696 542259140 0 9350982 565355908
======================
   8      33 sdc1 3949629 16 1006879776 23105248 34611302 24391526 15127287576 542934759 152 9355742 566037645
======================
   8      33 sdc1 3949629 16 1006879776 23105248 34620809 24391536 15129848272 543624416 131 9360596 566727044
======================
   8      33 sdc1 3949629 16 1006879776 23105248 34628838 24391544 15132024680 544215392 149 9364745 567317579
======================
   8      33 sdc1 3949629 16 1006879776 23105248 34637265 24391553 15134274128 544834280 0 9369056 567931022
======================
   8      33 sdc1 3949629 16 1006879776 23105248 34642837 24391558 15135758720 545234037 157 9371885 568335777
======================
   8      33 sdc1 3949629 16 1006879776 23105248 34652765 24391569 15138414832 545950109 151 9376888 569052134
======================
   8      33 sdc1 3949629 16 1006879776 23105248 34662408 24391580 15141074672 546665904 141 9381889 569772313
======================
   8      33 sdc1 3949629 16 1006879776 23105248 34671979 24391591 15143688224 547389735 141 9386891 570491880
======================
   8      33 sdc1 3949629 16 1006879776 23105248 34681219 24391600 15146209336 548064944 153 9391646 571166785
======================
   8      33 sdc1 3949629 16 1006879776 23105248 34690412 24391610 15148699728 548736120 141 9396375 571838057
======================
   8      33 sdc1 3949629 16 1006879776 23105248 34699303 24391619 15151091816 549382855 139 9400919 572484768
======================
   8      33 sdc1 3949629 16 1006879776 23105248 34709118 24391630 15153724808 550098147 149 9405922 573203275
======================
   8      33 sdc1 3949629 16 1006879776 23105248 34714050 24391635 15155045560 550458155 152 9408463 573560194
======================
   8      33 sdc1 3949629 16 1006879776 23105248 34723868 24391646 15157692880 551174271 128 9413464 574276135
======================
   8      33 sdc1 3949629 16 1006879776 23105248 34733526 24391657 15160332240 551889562 135 9418467 574994183
======================
   8      33 sdc1 3949629 16 1006879776 23105248 34742810 24391666 15162864616 552574587 134 9423282 575678920
======================
   8      33 sdc1 3949629 16 1006879776 23105248 34749275 24391673 15164599064 553044320 141 9426582 576146122
======================
   8      33 sdc1 3949629 16 1006879776 23105248 34758782 24391683 15167157128 553738540 0 9431433 576835188
======================
   8      33 sdc1 3949629 16 1006879776 23105248 34768455 24391693 15169772104 554444260 154 9436392 577546142
======================
   8      33 sdc1 3949629 16 1006879776 23105248 34777483 24391703 15172222048 555103535 154 9441026 578203942
======================
   8      33 sdc1 3949629 16 1006879776 23105248 34787305 24391714 15174871648 555817611 157 9446028 578920577
======================
   8      33 sdc1 3949629 16 1006879776 23105248 34795964 24391722 15177207048 556445910 140 9450455 579548845
======================
   8      33 sdc1 3949629 16 1006879776 23105248 34802594 24391729 15178987320 556927848 145 9453856 580029710
======================
   8      33 sdc1 3949629 16 1006879776 23105248 34812385 24391741 15181644600 557643380 147 9458858 580746356
======================
   8      33 sdc1 3949629 16 1006879776 23105248 34821709 24391750 15184159608 558321729 134 9463627 581424382
======================
   8      33 sdc1 3949629 16 1006879776 23105248 34828029 24391757 15185858728 558782515 151 9466878 581884174
======================
   8      33 sdc1 3949629 16 1006879776 23105248 34837866 24391767 15188514984 559498280 139 9471881 582600702
======================
   8      33 sdc1 3949629 16 1006879776 23105248 34847641 24391779 15191157000 560215642 158 9476884 583317469
======================
   8      33 sdc1 3949629 16 1006879776 23105248 34857221 24391787 15193764128 560916931 139 9481826 584018830
======================
   8      33 sdc1 3949629 16 1006879776 23105248 34865431 24391796 15195976504 561514860 133 9486039 584616815
======================
   8      33 sdc1 3949629 16 1006879776 23105248 34874144 24391805 15198303400 562152535 0 9490483 585249089
======================
   8      33 sdc1 3949629 16 1006879776 23105248 34880397 24391812 15199988504 562612861 150 9493742 585714622
