319.767
73.993
61.995
59.295
63.695
59.095
63.495
58.995
63.995
58.495
65.494
62.894
61.994
63.394
61.895
64.094
63.094
64.094
62.594
63.694
64.294
60.695
59.895
66.094
63.495
63.594
61.495
59.095
64.594
63.394
64.694
62.994
59.295
65.194
58.395
67.694
62.094
63.994
60.195
63.794
64.395
60.695
67.594
63.394
58.794
62.494
64.395
66.994
60.194
62.694
66.294
63.394
61.995
58.495
64.893
65.195
59.895
66.794
63.994
63.994
61.995
58.895
60.095
62.294
67.894
62.195
63.795
60.894
60.795
67.894
63.294
62.594
65.694
62.494
62.394
63.694
58.395
66.894
58.695
60.295
71.494
58.995
65.894
63.195
57.095
60.695
69.894
63.394
56.395
69.294
64.494
64.495
63.194
46.138
