======================
   8      33 sdc1 96005651 40878 6238275358 152170872 114364946 199248196 76866057424 4244512200 0 55676188 102241660
======================
   8      33 sdc1 96005685 40878 6238275630 152170896 114365434 199318835 76866626440 4244564696 0 55677320 102294176
======================
   8      33 sdc1 96005709 40878 6238275822 152171156 114366682 199479534 76867922016 4244682924 0 55679860 102412652
======================
   8      33 sdc1 96005738 40878 6238276054 152171580 114368177 199679050 76869530104 4244818428 0 55683064 102548576
======================
   8      33 sdc1 96005761 40878 6238276238 152171888 114369406 199873810 76870960856 4245001468 107 55685836 102752356
======================
   8      33 sdc1 96005780 40878 6238276390 152172604 114372115 200121344 76873099960 4245333492 0 55689968 103064648
======================
   8      33 sdc1 96005797 40878 6238276526 152172696 114372698 200205439 76873768328 4245403184 8 55691264 103136560
======================
   8      33 sdc1 96005816 40878 6238276678 152173220 114375202 200358209 76875019576 4245525468 0 55693740 103257236
======================
   8      33 sdc1 96005827 40878 6238276766 152173356 114380209 200521215 76876356712 4245719492 58 55696352 103451640
======================
   8      33 sdc1 96005837 40878 6238276846 152173704 114383792 200673292 76877604552 4245857452 130 55698872 103590552
======================
   8      33 sdc1 96005849 40878 6238276942 152174408 114390614 200890373 76879364528 4246110712 27 55702288 103844940
======================
   8      33 sdc1 96005863 40878 6238277054 152174528 114392499 200988835 76880202976 4246183708 0 55703964 103916768
======================
   8      33 sdc1 96005877 40878 6238277166 152174852 114396593 201142199 76881462640 4246301224 0 55706440 104034600
======================
   8      33 sdc1 96005893 40878 6238277294 152175448 114401549 201323657 76882953952 4246481600 0 55709372 104215564
======================
   8      33 sdc1 96005907 40878 6238277406 152175864 114405083 201515002 76884512992 4246651928 0 55712464 104386308
======================
   8      33 sdc1 96005922 40878 6238277526 152176460 114410484 201700343 76886038936 4246842832 0 55715452 104577808
======================
   8      33 sdc1 96005936 40878 6238277638 152176788 114413851 201859088 76887335840 4246959520 0 55718000 104694816
======================
   8      33 sdc1 96005950 40878 6238277750 152177144 114418975 202026259 76888675448 4247094900 30 55720612 104838892
======================
   8      33 sdc1 96005965 40878 6238277870 152177676 114429261 202222751 76890194984 4247248040 130 55723608 105004740
======================
   8      33 sdc1 96005977 40878 6238277966 152178352 114443402 202448365 76892286472 4247510544 0 55727684 105247396
======================
   8      33 sdc1 96005989 40878 6238278062 152178352 114460408 202535822 76893121640 4247595980 130 55729432 105333056
======================
   8      33 sdc1 96006002 40878 6238278166 152178608 114481193 202706119 76894583584 4247787616 52 55732372 105525320
======================
   8      33 sdc1 96006016 40878 6238278278 152179784 114507510 203039960 76897493744 4248224904 29 55738360 105964620
======================
   8      33 sdc1 96006029 40878 6238278382 152179808 114526024 203131685 76898414040 4248327308 0 55740336 106065588
======================
   8      33 sdc1 96006043 40878 6238278494 152180156 114548422 203276886 76899727176 4248458368 21 55743012 106198364
======================
   8      33 sdc1 96006054 40878 6238278582 152180632 114569707 203475071 76901510600 4248713476 0 55746564 106452544
======================
   8      33 sdc1 96006068 40878 6238278694 152180992 114592615 203634844 76902972048 4248864952 0 55749576 106604372
======================
   8      33 sdc1 96006081 40878 6238278798 152181396 114614979 203832920 76904735568 4249079364 0 55753184 106819188
======================
   8      33 sdc1 96006094 40878 6238278902 152181848 114638160 203985512 76906141768 4249246312 0 55756248 106986576
======================
   8      33 sdc1 96006106 40878 6238278998 152182328 114658422 204174245 76907813728 4249438520 0 55759584 107179252
======================
   8      33 sdc1 96006120 40878 6238279110 152182944 114684296 204427222 76910044536 4249708528 0 55764008 107449868
======================
   8      33 sdc1 96006133 40878 6238279214 152182948 114703848 204523189 76910968712 4249807208 0 55765980 107548544
======================
   8      33 sdc1 96006147 40878 6238279326 152183340 114727436 204703920 76912603280 4249980932 0 55769272 107722648
======================
   8      33 sdc1 96006159 40878 6238279422 152183620 114747427 204874896 76914131024 4250204628 0 55772368 107946628
======================
   8      33 sdc1 96006171 40878 6238279518 152184228 114766929 205090023 76916008056 4250452144 0 55776144 108194748
======================
   8      33 sdc1 96006184 40878 6238279622 152184428 114790092 205223751 76917263200 4250584968 0 55778732 108327760
======================
   8      33 sdc1 96006196 40878 6238279718 152184772 114813821 205415215 76918984800 4250816848 0 55782260 108559988
======================
   8      33 sdc1 96006210 40878 6238279830 152185384 114839193 205651795 76920967592 4251088484 87 55786212 108845128
======================
   8      33 sdc1 96006221 40878 6238279918 152185388 114858157 205740598 76921942904 4251208024 0 55788292 108951760
======================
   8      33 sdc1 96006234 40878 6238280022 152185876 114881884 205900403 76923411576 4251369188 0 55791320 109113408
======================
   8      33 sdc1 96006245 40878 6238280110 152186392 114905215 206057598 76924856584 4251569572 0 55794264 109314276
======================
   8      33 sdc1 96006257 40878 6238280206 152186680 114926983 206268622 76926719496 4251852712 0 55798104 109597700
======================
   8      33 sdc1 96006271 40878 6238280318 152186948 114945442 206374137 76927712184 4251971256 0 55800272 109716508
======================
   8      33 sdc1 96006276 40878 6238280358 152187300 114949082 206518671 76928897576 4252167376 0 55802536 109912968
======================
   8      33 sdc1 96006276 40878 6238280358 152187300 114949642 206528598 76928981472 4252172548 0 55802712 109918136
started
======================
   8      33 sdc1 96104448 40966 6239066456 152237600 114949692 206536739 76929042000 4252175056 4 55805504 109971388
======================
   8      33 sdc1 96150381 41045 6239434568 152260300 114983424 206594037 76929775240 4252290968 0 55808304 110109544
======================
   8      33 sdc1 96150934 41045 6239438992 152260340 115028909 206667527 76930727040 4252445252 143 55810396 110264304
======================
   8      33 sdc1 96151474 41045 6239443312 152260396 115079307 206732913 76931653312 4252610864 0 55812472 110429512
======================
   8      33 sdc1 96151882 41045 6239446576 152260456 115117389 206790119 76932415616 4252738376 137 55814172 110557132
======================
   8      33 sdc1 96208463 41106 6239899720 152291524 115151442 206839176 76933080520 4252856032 152 55817284 110706088
======================
   8      33 sdc1 96210241 41106 6239913944 152291920 115204782 206908260 76934059904 4253060216 129 55819716 110910960
======================
   8      33 sdc1 96210885 41106 6239919096 152291996 115262439 206973692 76935044624 4253249196 0 55821980 111099396
======================
   8      33 sdc1 96211426 41106 6239923424 152292032 115315980 207047203 76936011952 4253427208 37 55824216 111278796
======================
   8      33 sdc1 96211888 41106 6239927120 152292068 115370702 207112559 76937021672 4253611588 133 55826608 111462132
======================
   8      33 sdc1 96212324 41106 6239930608 152292240 115416865 207161606 76937783360 4253760736 0 55828360 111611132
======================
   8      33 sdc1 96212795 41106 6239934376 152292296 115477565 207235079 76938856744 4253959732 0 55830756 111810168
======================
   8      33 sdc1 96213258 41106 6239938080 152292344 115529274 207304447 76939825360 4254221204 0 55833144 112071668
======================
   8      33 sdc1 96213730 41106 6239941856 152292396 115578588 207369854 76940743120 4254393824 143 55835396 112244780
======================
   8      33 sdc1 96222292 41106 6240010352 152295800 115622662 207418889 76941488008 4254543368 131 55837356 112397408
======================
   8      33 sdc1 96222775 41106 6240014216 152295856 115677951 207484295 76942453568 4254722220 0 55839524 112576168
======================
   8      33 sdc1 96223261 41106 6240018104 152295916 115731814 207549637 76943407208 4254901368 0 55841788 112755360
======================
   8      33 sdc1 96223781 41106 6240022264 152295968 115788354 207623079 76944447064 4255088292 132 55844172 112942348
======================
   8      33 sdc1 96224199 41106 6240025608 152296116 115838287 207674880 76945260936 4255277616 0 55846024 113131784
======================
   8      33 sdc1 96224721 41106 6240029784 152296160 115886585 207748316 76946234808 4255445216 133 55848320 113299516
======================
   8      33 sdc1 96225120 41106 6240032976 152296212 115932305 207797314 76946992552 4255602532 0 55850220 113456764
======================
   8      33 sdc1 96225590 41106 6240036736 152296248 115986128 207862628 76947945648 4255788584 0 55852560 113642832
======================
   8      33 sdc1 96233779 41106 6240102248 152300192 116039934 207927954 76948898704 4255962520 0 55854884 113820704
======================
   8      33 sdc1 96234810 41106 6240110496 152300672 116094639 208001419 76949924072 4256142324 0 55857164 114000976
======================
   8      33 sdc1 96235187 41106 6240113512 152300728 116141594 208050434 76950691832 4256292152 0 55858912 114150836
======================
   8      33 sdc1 96235674 41106 6240117408 152300816 116196418 208126731 76951740800 4256504076 128 55861356 114363800
======================
   8      33 sdc1 96236077 41106 6240120632 152300880 116241035 208175736 76952489776 4256650960 0 55863200 114510340
======================
   8      33 sdc1 96236548 41106 6240124400 152300940 116294841 208241150 76953443536 4256834056 0 55865560 114693480
======================
   8      33 sdc1 96237027 41106 6240128232 152300980 116348400 208314731 76954421232 4257009160 30 55867852 114870056
======================
   8      33 sdc1 96237503 41106 6240132040 152301060 116402105 208380086 76955367144 4257185488 35 55870116 115046188
======================
   8      33 sdc1 96237885 41106 6240135096 152301108 116448936 208429285 76956181384 4257335928 0 55871944 115195472
======================
   8      33 sdc1 96246504 41108 6240204064 152305112 116499851 208497329 76957133056 4257542900 144 55874400 115406668
======================
   8      33 sdc1 96246898 41108 6240207216 152305276 116543038 208546429 76957871352 4257684876 0 55876108 115548552
======================
   8      33 sdc1 96247402 41108 6240211248 152305340 116596724 208611729 76958823240 4257861488 0 55878264 115725192
======================
   8      33 sdc1 96247827 41108 6240214648 152305392 116650548 208677136 76959777088 4258051640 0 55880664 115915376
======================
   8      33 sdc1 96248320 41108 6240218592 152305448 116704256 208742440 76960729184 4258238384 0 55883024 116102156
======================
   8      33 sdc1 96248751 41108 6240222040 152305584 116744647 208791431 76961444240 4258380452 0 55884840 116244356
======================
   8      33 sdc1 96249226 41108 6240225840 152305636 116802963 208868947 76962468472 4258627840 47 55887160 116491960
======================
   8      33 sdc1 96249579 41108 6240228664 152305680 116840303 208917915 76963221384 4258758128 139 55888940 116623616
======================
   8      33 sdc1 96250039 41108 6240232344 152305716 116896245 208983229 76964191424 4258948512 145 55891276 116812640
======================
   8      33 sdc1 96254153 41108 6240265256 152307600 116936966 209032215 76964909088 4259080672 0 55892992 116946600
======================
   8      33 sdc1 96259088 41111 6240304760 152309900 116991557 209097581 76965868752 4259263580 0 55895404 117131780
======================
   8      33 sdc1 96259539 41111 6240308368 152309944 117045133 209162927 76966820128 4259452984 0 55897776 117321200
======================
   8      33 sdc1 96260009 41111 6240312128 152310000 117096620 209228301 76967755016 4259634260 140 55900104 117502768
======================
   8      33 sdc1 96260510 41111 6240316136 152310080 117151586 209295113 76968729240 4259823684 0 55902292 117692020
======================
   8      33 sdc1 96261001 41111 6240320064 152310144 117205248 209368622 76969730336 4260002512 13 55904640 117872052
======================
   8      33 sdc1 96261347 41111 6240322832 152310184 117250886 209417784 76970505000 4260160064 153 55906560 118028596
======================
   8      33 sdc1 96261803 41111 6240326480 152310228 117304057 209483162 76971453392 4260346680 128 55908920 118215656
======================
   8      33 sdc1 96262210 41111 6240329736 152310288 117345763 209532193 76972179296 4260481412 0 55910592 118349936
======================
   8      33 sdc1 96270863 41123 6240399056 152314804 117400277 209597563 76973138368 4260659868 0 55913000 118532896
======================
   8      33 sdc1 96271311 41123 6240402640 152314872 117451824 209666918 76974105584 4260914524 0 55915404 118787592
======================
   8      33 sdc1 96271773 41123 6240406336 152314916 117504262 209732260 76975047824 4261091876 145 55917628 118965044
======================
   8      33 sdc1 96272172 41123 6240409528 152314964 117545408 209789430 76975793280 4261225172 31 55919288 119099608
======================
   8      33 sdc1 96272633 41123 6240413216 152315036 117598807 209846630 76976719152 4261408012 0 55921540 119281176
======================
   8      33 sdc1 96273085 41123 6240416832 152315088 117652295 209912004 76977670056 4261594156 0 55923896 119467336
======================
   8      33 sdc1 96273510 41123 6240420232 152315128 117705958 209977404 76978622568 4261784944 0 55926300 119658156
======================
   8      33 sdc1 96273923 41123 6240423536 152315180 117744090 210038568 76979394576 4261974600 17 55928044 119849224
======================
   8      33 sdc1 96274401 41123 6240427360 152315232 117802408 210104021 76980407112 4262163264 136 55930336 120036792
======================
   8      33 sdc1 96283046 41125 6240496536 152319004 117851936 210161181 76981260632 4262333584 0 55932648 120210648
======================
   8      33 sdc1 96283532 41125 6240500424 152319048 117905557 210234653 76982221608 4262514084 42 55934904 120391904
======================
   8      33 sdc1 96283992 41125 6240504104 152319096 117963319 210299970 76983262008 4262707272 156 55937300 120584456
======================
   8      33 sdc1 96284476 41125 6240507976 152319144 118012529 210365272 76984178104 4262880744 133 55939576 120758208
======================
   8      33 sdc1 96284953 41125 6240511792 152319224 118078348 210432397 76985191232 4263101720 38 55942072 120980596
======================
   8      33 sdc1 96285445 41125 6240515728 152319264 118125126 210497718 76986138448 4263260212 0 55944152 121137484
======================
   8      33 sdc1 96285925 41125 6240519568 152319308 118178571 210563148 76987089456 4263441712 0 55946380 121319008
======================
   8      33 sdc1 96286386 41125 6240523256 152319340 118231991 210628499 76988039624 4263627220 0 55948720 121504520
