18.7
18.8
18.6
18.8
18.3
18.8
17.7
17.8
17.5
18.6
19.4
20.2
18.9
19.0
18.8
19.7
22.3
26.6
25.9
26.1
25.3
26.6
26.8
26.9
26.9
27.2
27.3
26.9
27.1
26.5
24.2
27.6
27.7
27.6
28.3
26.0
25.1
27.0
26.2
54.6
27.9
27.7
26.5
25.4
27.0
29.3
30.6
29.7
29.9
29.1
29.6
30.5
29.6
29.8
29.5
30.1
29.8
30.4
30.5
30.1
29.0
30.6
29.0
31.1
30.6
31.0
31.3
30.3
30.0
29.4
29.9
30.1
29.7
30.7
30.5
30.9
29.7
29.7
29.5
29.5
29.3
29.5
29.2
29.8
29.7
29.6
29.1
28.9
28.8
29.0
29.0
29.3
30.5
29.5
29.5
29.5
29.7
30.1
30.4
30.2
30.9
30.5
31.0
31.2
30.9
31.8
31.2
31.6
31.7
31.8
32.2
32.4
32.9
33.7
32.8
33.0
34.2
33.5
34.3
34.1
34.0
37.1
36.8
35.9
35.9
36.2
36.0
37.2
37.3
39.5
37.4
38.8
38.2
40.3
39.3
42.0
41.8
42.7
42.4
43.8
43.9
46.0
46.3
46.5
48.9
49.9
50.3
53.1
54.1
56.8
55.0
58.2
60.1
61.0
64.4
65.9
65.9
70.4
69.7
76.2
79.1
79.3
82.2
91.8
91.6
97.3
98.8
107.3
116.6
67.5
