======================
   8      33 sdc1 166410500 1741454 8393527702 261767667 211379776 375477396 108335099056 3645980544 0 110490475 3909112092
======================
   8      33 sdc1 166410504 1741454 8393527734 261767668 211379776 375477396 108335099056 3645980544 0 110490476 3909112093
======================
   8      33 sdc1 166410504 1741454 8393527734 261767668 211379779 375477410 108335099192 3645980557 0 110490489 3909112106
started
======================
   8      33 sdc1 166410538 1741454 8393528006 261767678 211379791 375477412 108335099304 3645980557 0 110490490 3909112116
======================
   8      33 sdc1 166410549 1741454 8393528094 261770382 211380054 375478778 108337098288 3646065178 5 110494251 3909202613
======================
   8      33 sdc1 166410561 1741454 8393528190 261775302 211380363 375480752 108339736336 3646165595 30 110499250 3909306589
======================
   8      33 sdc1 166410570 1741454 8393528262 261779192 211380632 375482363 108342168016 3646237955 17 110503847 3909384060
======================
   8      33 sdc1 166410580 1741454 8393528342 261783032 211380891 375483985 108344596880 3646310465 12 110508471 3909461950
======================
   8      33 sdc1 166410592 1741454 8393528438 261787811 211381194 375485837 108347300616 3646404245 3 110513609 3909555986
======================
   8      33 sdc1 166410601 1741454 8393528510 261791183 211381636 375487402 108349624664 3646555417 94 110518022 3909746033
======================
   8      33 sdc1 166410613 1741454 8393528606 261793781 211382570 375488651 108352266728 3647140082 157 110523024 3910341473
======================
   8      33 sdc1 166410624 1741454 8393528694 261795802 211383594 375489794 108354906104 3647752347 146 110528026 3910948737
======================
   8      33 sdc1 166410634 1741454 8393528774 261797900 211384512 375490926 108357537432 3648343549 136 110533027 3911553383
======================
   8      33 sdc1 166410645 1741454 8393528862 261800095 211385344 375492286 108360171432 3648927205 123 110538029 3912139021
======================
   8      33 sdc1 166410655 1741454 8393528942 261802464 211386204 375493342 108362806784 3649522647 106 110543032 3912718419
======================
   8      33 sdc1 166410666 1741454 8393529030 261804405 211387370 375494368 108365447488 3650135451 142 110548034 3913346861
======================
   8      33 sdc1 166410677 1741454 8393529118 261806287 211388459 375495376 108368078552 3650754777 138 110553036 3913963338
======================
   8      33 sdc1 166410688 1741454 8393529206 261808166 211389603 375496315 108370715256 3651365865 129 110558038 3914573590
======================
   8      33 sdc1 166410698 1741454 8393529286 261809931 211390816 375497270 108373345224 3651982372 139 110563039 3915193379
======================
   8      33 sdc1 166410709 1741454 8393529374 261811743 211391847 375498356 108375972248 3652578646 143 110568039 3915797144
======================
   8      33 sdc1 166410719 1741454 8393529454 261813495 211393017 375499242 108378608952 3653206685 129 110573058 3916425672
======================
   8      33 sdc1 166410729 1741454 8393529534 261815182 211394320 375500091 108381256648 3653854386 151 110578060 3917070158
======================
   8      33 sdc1 166410740 1741454 8393529622 261816991 211395534 375500979 108383901400 3654478144 138 110583061 3917703193
======================
   8      33 sdc1 166410751 1741454 8393529710 261818758 211396823 375501834 108386549096 3655106664 134 110588063 3918328857
======================
   8      33 sdc1 166410762 1741454 8393529798 261820738 211397963 375502875 108389195192 3655715060 147 110593066 3918950136
======================
   8      33 sdc1 166410772 1741454 8393529878 261822731 211399038 375503861 108391842904 3656344669 106 110598066 3919573147
======================
   8      33 sdc1 166410784 1741454 8393529974 261824733 211400300 375504742 108394501352 3656981341 139 110603091 3920206244
======================
   8      33 sdc1 166410794 1741454 8393530054 261825983 211401604 375505552 108397146104 3657630394 134 110608093 3920855947
======================
   8      33 sdc1 166410805 1741454 8393530142 261827305 211402950 375506344 108399786840 3658274874 139 110613097 3921499062
======================
   8      33 sdc1 166410816 1741454 8393530230 261828904 211404209 375507221 108402424888 3658902997 140 110618098 3922137199
======================
   8      33 sdc1 166410826 1741454 8393530310 261830948 211405358 375508227 108405065864 3659508312 130 110623099 3922743759
======================
   8      33 sdc1 166410837 1741454 8393530398 261832647 211406634 375509007 108407715992 3660144240 149 110628109 3923370762
======================
   8      33 sdc1 166410848 1741454 8393530486 261834196 211407996 375509794 108410369064 3660784842 151 110633132 3924013553
======================
   8      33 sdc1 166410858 1741454 8393530566 261835590 211409363 375510552 108413009784 3661428328 137 110638134 3924659745
======================
   8      33 sdc1 166410869 1741454 8393530654 261837191 211410705 375511307 108415643784 3662063953 146 110643136 3925298428
======================
   8      33 sdc1 166410880 1741454 8393530742 261838922 211411968 375512182 108418284520 3662687699 116 110648138 3925930096
======================
   8      33 sdc1 166410891 1741454 8393530830 261840765 211413148 375513176 108420926840 3663310158 139 110653141 3926551217
======================
   8      33 sdc1 166410902 1741454 8393530918 261842533 211414434 375513990 108423570248 3663939210 157 110658145 3927181992
======================
   8      33 sdc1 166410913 1741454 8393531006 261843980 211415744 375514790 108426213672 3664580031 135 110663149 3927823526
======================
   8      33 sdc1 166410923 1741454 8393531086 261845196 211417072 375515552 108428855736 3665237626 141 110668150 3928478709
======================
   8      33 sdc1 166410934 1741454 8393531174 261846870 211418398 375516377 108431495400 3665866652 132 110673153 3929107918
======================
   8      33 sdc1 166410945 1741454 8393531262 261848645 211419668 375517221 108434142840 3666460955 133 110678167 3929717746
======================
   8      33 sdc1 166410955 1741454 8393531342 261850177 211420927 375518100 108436790536 3667099706 143 110683178 3930356308
======================
   8      33 sdc1 166410966 1741454 8393531430 261851660 211422387 375518768 108439436640 3667753280 148 110688180 3931008665
======================
   8      33 sdc1 166410977 1741454 8393531518 261853113 211423850 375519369 108442078688 3668401918 146 110693181 3931647364
======================
   8      33 sdc1 166410987 1741454 8393531598 261854521 211425303 375520067 108444718336 3669045918 142 110698184 3932301346
======================
   8      33 sdc1 166410998 1741454 8393531686 261856088 211426748 375520745 108447360400 3669682615 128 110703186 3932935400
======================
   8      33 sdc1 166411010 1741454 8393531782 261857620 211428041 375521620 108450005152 3670321149 157 110708188 3933580070
======================
   8      33 sdc1 166411019 1741454 8393531854 261858619 211429464 375522265 108452660160 3670981214 104 110713203 3934236335
======================
   8      33 sdc1 166411031 1741454 8393531950 261860085 211430921 375522945 108455304576 3671627688 141 110718204 3934887390
