======================
   8      33 sdc1 1482013 6 377578418 3343699 271834 13976535 7848292504 133658700 0 3511848 136998782
======================
   8      33 sdc1 1482028 6 377578538 3347319 272030 13978345 7850588952 133720707 15 3516183 137065205
======================
   8      33 sdc1 1482039 6 377578626 3351830 272184 13980305 7853248752 133770019 13 3521185 137119978
======================
   8      33 sdc1 1482048 6 377578698 3355418 272360 13982315 7855613792 133820100 11 3525659 137175607
======================
   8      33 sdc1 1482059 6 377578786 3359646 272514 13984267 7858271136 133878047 9 3530662 137236879
======================
   8      33 sdc1 1482070 6 377578874 3364386 272690 13986064 7860786216 133933625 0 3535435 137294393
======================
   8      33 sdc1 1482079 6 377578946 3367378 272833 13988004 7863276752 133992685 7 3540130 137359941
======================
   8      33 sdc1 1482091 6 377579042 3372335 272987 13990150 7865917392 134046558 19 3545132 137417534
======================
   8      33 sdc1 1482101 6 377579122 3376192 273236 13994224 7868219776 134107519 7 3549462 137483915
======================
   8      33 sdc1 1482111 6 377579202 3380059 273383 13996361 7870844096 134179518 21 3554406 137563535
======================
   8      33 sdc1 1482122 6 377579290 3384615 273533 13998309 7873516160 134249951 19 3559408 137636890
======================
   8      33 sdc1 1482132 6 377579370 3387696 273738 14006728 7876163936 134343757 3 3564411 137729211
======================
   8      33 sdc1 1482143 6 377579458 3392180 273990 14008744 7878818280 134433795 27 3569411 137835592
======================
   8      33 sdc1 1482154 6 377579546 3396448 274278 14010638 7881368880 134535844 38 3574248 137932237
======================
   8      33 sdc1 1482164 6 377579626 3400036 274572 14012276 7884027328 134621979 4 3579251 138020717
======================
   8      33 sdc1 1482175 6 377579714 3404810 274858 14014265 7886674944 134724447 33 3584253 138128982
======================
   8      33 sdc1 1482185 6 377579794 3408566 275223 14021361 7888967632 134812035 10 3588557 138219968
======================
   8      33 sdc1 1482196 6 377579882 3412696 275507 14023342 7891634328 134906814 30 3593558 138318884
======================
   8      33 sdc1 1482206 6 377579962 3416742 275813 14025605 7894286160 135009336 27 3598521 138425273
======================
   8      33 sdc1 1482217 6 377580050 3420507 276099 14027425 7896929496 135094642 29 3603521 138517685
======================
   8      33 sdc1 1482228 6 377580138 3425239 276399 14029229 7899593328 135192390 21 3608523 138617669
======================
   8      33 sdc1 1482237 6 377580210 3429109 276697 14031839 7901925696 135278490 22 3612913 138704912
======================
   8      33 sdc1 1482249 6 377580306 3433253 276982 14033844 7904599184 135353667 46 3617914 138787908
======================
   8      33 sdc1 1482260 6 377580394 3438063 277276 14035480 7907261456 135460824 16 3622917 138898753
======================
   8      33 sdc1 1482269 6 377580466 3441290 277673 14037660 7909678528 135651905 36 3627470 139096907
======================
   8      33 sdc1 1482280 6 377580554 3445664 277996 14039453 7912316560 135764867 35 3632472 139213946
======================
   8      33 sdc1 1482289 6 377580626 3449547 278333 14041260 7914745152 135893071 27 3637029 139342901
======================
   8      33 sdc1 1482300 6 377580714 3453508 278663 14043038 7917405696 135978250 23 3642031 139430723
======================
   8      33 sdc1 1482311 6 377580802 3457768 278983 14044818 7920058440 136089806 20 3647034 139551265
======================
   8      33 sdc1 1482321 6 377580882 3461756 279316 14047219 7922633968 136197664 26 3651893 139659286
======================
   8      33 sdc1 1482332 6 377580970 3466022 279648 14048994 7925241920 136291234 25 3656820 139760542
======================
   8      33 sdc1 1482343 6 377581058 3470425 280099 14075937 7927913688 136462363 28 3661821 139938319
======================
   8      33 sdc1 1482353 6 377581138 3474046 280434 14077806 7930475552 136565765 29 3666649 140039214
======================
   8      33 sdc1 1482364 6 377581226 3478490 280759 14079575 7933117752 136665358 23 3671650 140146234
======================
   8      33 sdc1 1482374 6 377581306 3482291 281063 14081210 7935497808 136757495 19 3676112 140240406
======================
   8      33 sdc1 1482384 6 377581386 3486146 281400 14082960 7938167248 136856275 23 3681114 140349845
======================
   8      33 sdc1 1482396 6 377581482 3490883 281856 14084789 7940824288 137064351 44 3686117 140562061
======================
   8      33 sdc1 1482405 6 377581554 3494361 282185 14090188 7943118336 137176870 17 3690444 140673832
======================
   8      33 sdc1 1482415 6 377581634 3498715 282538 14091930 7945719496 137329170 19 3695345 140832241
======================
   8      33 sdc1 1482426 6 377581722 3502894 282908 14096350 7948262016 137460253 31 3700124 140965089
======================
   8      33 sdc1 1482437 6 377581810 3506862 283251 14098115 7950917776 137551289 29 3705127 141060197
======================
   8      33 sdc1 1482447 6 377581890 3511546 283598 14099870 7953578320 137661926 23 3710130 141174773
======================
   8      33 sdc1 1482458 6 377581978 3515488 283978 14106104 7956096752 137764333 0 3714874 141276123
======================
   8      33 sdc1 1482469 6 377582066 3519793 284315 14108026 7958647536 137849377 42 3719714 141372614
======================
   8      33 sdc1 1482478 6 377582138 3523860 284669 14109981 7961068384 137939643 37 3724242 141461449
======================
   8      33 sdc1 1482489 6 377582226 3527735 285021 14111738 7963728432 138036782 34 3729241 141564406
======================
   8      33 sdc1 1482501 6 377582322 3532553 285369 14113550 7966387256 138152005 32 3734244 141691266
======================
   8      33 sdc1 1482510 6 377582394 3535892 285821 14115167 7968878736 138299101 22 3738932 141833966
======================
   8      33 sdc1 1482521 6 377582482 3539935 286193 14117018 7971535840 138409686 38 3743933 141955468
======================
   8      33 sdc1 1482531 6 377582562 3544435 286565 14118639 7974131872 138528719 0 3748827 142069438
started
======================
   8      33 sdc1 1485385 6 378291612 3547170 286571 14118639 7974131920 138528732 2 3750200 142072183
======================
   8      33 sdc1 1496143 8 381046172 3556459 286574 14118641 7974131960 138528745 2 3755203 142081478
======================
   8      33 sdc1 1506936 8 383809180 3565746 286574 14118641 7974131960 138528745 2 3760205 142090756
======================
   8      33 sdc1 1517725 8 386571164 3575017 286574 14118641 7974131960 138528745 2 3765208 142100016
======================
   8      33 sdc1 1528520 8 389334684 3584286 286574 14118641 7974131960 138528745 2 3770211 142109276
======================
   8      33 sdc1 1539318 8 392098972 3593572 286574 14118641 7974131960 138528745 2 3775214 142118550
======================
   8      33 sdc1 1550115 8 394863004 3602862 286574 14118641 7974131960 138528745 2 3780217 142127831
======================
   8      33 sdc1 1560911 8 397626780 3612159 286574 14118641 7974131960 138528745 2 3785220 142137115
======================
   8      33 sdc1 1571704 8 400389788 3621455 286576 14118641 7974131976 138528745 2 3790223 142146394
======================
   8      33 sdc1 1582499 8 403153308 3630739 286576 14118641 7974131976 138528745 2 3795226 142155668
======================
   8      33 sdc1 1593295 8 405917084 3640038 286576 14118641 7974131976 138528745 2 3800229 142164952
======================
   8      33 sdc1 1604090 8 408680604 3649307 286576 14118641 7974131976 138528745 2 3805231 142174212
======================
   8      33 sdc1 1615074 8 411492508 3658775 286576 14118641 7974131976 138528745 2 3810321 142183672
======================
   8      33 sdc1 1625869 8 414256028 3668086 286576 14118641 7974131976 138528745 2 3815324 142192972
======================
   8      33 sdc1 1636665 8 417019804 3677400 286576 14118641 7974131976 138528745 2 3820327 142202269
======================
   8      33 sdc1 1647464 8 419784348 3686713 286576 14118641 7974131976 138528745 2 3825331 142211573
======================
   8      33 sdc1 1658259 8 422547868 3696021 286576 14118641 7974131976 138528745 2 3830334 142220872
======================
   8      33 sdc1 1669056 8 425311900 3705336 286576 14118641 7974131976 138528745 2 3835337 142230173
======================
   8      33 sdc1 1679853 8 428075932 3714648 286576 14118641 7974131976 138528745 2 3840340 142239477
======================
   8      33 sdc1 1690649 8 430839708 3723966 286576 14118641 7974131976 138528745 2 3845343 142248783
======================
   8      33 sdc1 1701445 8 433603484 3733275 286576 14118641 7974131976 138528745 2 3850346 142258087
======================
   8      33 sdc1 1712238 8 436366492 3742593 286576 14118641 7974131976 138528745 2 3855349 142267398
======================
   8      33 sdc1 1723032 8 439129756 3751915 286576 14118641 7974131976 138528745 2 3860352 142276704
======================
   8      33 sdc1 1733828 8 441893532 3761231 286576 14118641 7974131976 138528745 1 3865355 142286007
======================
   8      33 sdc1 1744623 8 444657052 3770528 286576 14118641 7974131976 138528745 1 3870358 142295290
======================
   8      33 sdc1 1755420 8 447421084 3779833 286576 14118641 7974131976 138528745 2 3875360 142304585
======================
   8      33 sdc1 1766216 8 450184860 3789147 286576 14118641 7974131976 138528745 1 3880363 142313890
======================
   8      33 sdc1 1777011 8 452948380 3798454 286576 14118641 7974131976 138528745 1 3885366 142323183
======================
   8      33 sdc1 1787808 8 455712412 3807762 286576 14118641 7974131976 138528745 2 3890369 142332485
======================
   8      33 sdc1 1798604 8 458476188 3817085 286576 14118641 7974131976 138528745 2 3895372 142341798
======================
   8      33 sdc1 1809399 8 461239708 3826402 286576 14118641 7974131976 138528745 2 3900374 142351107
======================
   8      33 sdc1 1820192 8 464002716 3835714 286576 14118641 7974131976 138528745 1 3905377 142360406
======================
   8      33 sdc1 1830988 8 466766244 3845033 286576 14118641 7974131976 138528745 2 3910380 142369705
======================
   8      33 sdc1 1841783 8 469529764 3854355 286576 14118641 7974131976 138528745 2 3915383 142379016
======================
   8      33 sdc1 1852578 8 472293284 3863658 286576 14118641 7974131976 138528745 2 3920385 142388307
======================
   8      33 sdc1 1863502 8 475089828 3873067 286576 14118641 7974131976 138528745 2 3925446 142397700
======================
   8      33 sdc1 1874300 8 477854116 3882385 286576 14118641 7974131976 138528745 1 3930450 142407004
======================
   8      33 sdc1 1885095 8 480617636 3891702 286576 14118641 7974131976 138528745 2 3935453 142416314
======================
   8      33 sdc1 1895893 8 483381924 3901016 286576 14118641 7974131976 138528745 2 3940456 142425618
======================
   8      33 sdc1 1906687 8 486145188 3910317 286576 14118641 7974131976 138528745 2 3945458 142434912
======================
   8      33 sdc1 1917484 8 488909220 3919632 286576 14118641 7974131976 138528745 2 3950461 142444218
======================
   8      33 sdc1 1928280 8 491672996 3928936 286576 14118641 7974131976 138528745 1 3955464 142453508
======================
   8      33 sdc1 1939077 8 494437028 3938255 286576 14118641 7974131976 138528745 2 3960467 142462811
======================
   8      33 sdc1 1949872 8 497200548 3947556 286576 14118641 7974131976 138528745 2 3965469 142472100
======================
   8      33 sdc1 1960667 8 499964068 3956859 286576 14118641 7974131976 138528745 2 3970472 142481394
======================
   8      33 sdc1 1971465 8 502728356 3966168 286576 14118641 7974131976 138528745 2 3975475 142490692
