6933.020
6709.625
6662.362
6810.086
6687.893
7059.474
7066.129
6997.714
7054.813
7036.775
7092.318
7160.348
7184.464
7186.535
7279.485
7210.744
7120.212
7276.944
7244.057
7187.854
6935.540
7322.161
7290.269
7340.023
7148.655
7299.065
7375.138
7246.721
7276.118
7290.109
7363.738
7358.256
7328.862
7283.343
7402.777
7358.802
7404.621
7311.108
7352.427
7355.509
7364.941
7360.347
7476.096
7494.639
7373.638
7329.818
7481.297
7309.274
7302.082
7283.640
7383.951
7408.517
7484.116
7513.151
7420.024
7427.763
7390.743
7358.042
7466.279
7553.399
7442.827
7465.221
7460.740
7399.905
7503.907
7667.017
7513.632
7399.745
7475.932
7411.826
7464.746
7456.136
7622.034
7598.327
7495.323
7394.634
7487.119
7438.046
7373.343
7531.838
7557.158
7574.367
7474.111
7500.283
7437.976
7496.676
7664.915
7437.073
7598.167
7542.126
7627.434
7505.838
7541.944
7523.811
7563.568
7525.703
7538.069
7570.322
7598.185
7596.920
7525.630
7603.300
7607.233
7654.447
7572.633
7516.528
7632.332
7571.281
7583.685
7556.680
7511.808
7592.722
7644.809
7607.394
7644.101
7515.676
7588.404
7520.739
7605.316
7516.908
7594.174
7625.716
7582.246
7542.683
7518.009
7684.392
7584.728
7528.903
7627.734
7479.370
7520.302
7754.111
7553.121
7587.089
7593.400
7556.415
7765.087
7641.143
7519.611
7625.443
7570.688
7494.723
7550.391
7636.560
7515.540
7628.040
7364.347
7613.004
7614.389
7593.017
7750.699
7577.827
7503.377
7487.756
7549.952
7556.122
7572.400
7543.513
7498.438
7690.818
7671.758
7538.103
7596.092
7627.721
7662.320
7444.765
7481.910
7600.777
7541.616
7602.341
7492.023
7271.170
7487.742
7513.658
7601.996
7639.126
7585.175
7576.933
7626.831
7618.648
7629.109
7632.179
7507.697
7518.699
7562.647
7470.946
7614.507
7662.156
7636.882
7606.424
7576.258
7574.972
7602.704
7631.706
7617.219
7235.054
7424.530
7577.501
7448.724
7616.948
7441.010
7515.386
7416.137
7570.889
7503.562
7466.338
7578.897
7544.338
7507.817
7490.154
6191.526
