======================
   8      33 sdc1 61190514 37012 5332456546 134868892 111723566 170814839 68288211664 3830635900 0 48975852 3966015636
======================
   8      33 sdc1 61190531 37012 5332456682 134870204 111724668 170814839 68290468560 3831169396 130 48980124 3966586380
======================
   8      33 sdc1 61190542 37012 5332456770 134872108 111725974 170814884 68293110968 3831819416 129 48985312 3967240388
======================
   8      33 sdc1 61190552 37012 5332456850 134873584 111727263 170814906 68295742856 3832461312 108 48990316 3967879680
======================
   8      33 sdc1 61190563 37012 5332456938 134875376 111728497 170814928 68298262104 3833086728 132 48995316 3968507004
======================
   8      33 sdc1 61190574 37012 5332457026 134877300 111729742 170814951 68300805928 3833704248 139 49000316 3969125832
======================
   8      33 sdc1 61190584 37012 5332457106 134879064 111731025 170814973 68303425528 3834328796 136 49005320 3969751952
======================
   8      33 sdc1 61190594 37012 5332457186 134880620 111732262 170814995 68305950920 3834950700 108 49010320 3970378760
======================
   8      33 sdc1 61190606 37012 5332457282 134882520 111733555 170815018 68308593048 3835579036 136 49015324 3971010272
======================
   8      33 sdc1 61190616 37012 5332457362 134883964 111734910 170815041 68311276136 3836228224 139 49020380 3971655536
======================
   8      33 sdc1 61190627 37012 5332457450 134885492 111736211 170815063 68313932600 3836862188 152 49025384 3972297088
======================
   8      33 sdc1 61190638 37012 5332457538 134886892 111737524 170815087 68316591112 3837498164 140 49030384 3972933224
======================
   8      33 sdc1 61190648 37012 5332457618 134888608 111738822 170815111 68319241448 3838137664 129 49035388 3973572904
======================
   8      33 sdc1 61190659 37012 5332457706 134890288 111740125 170815134 68321899976 3838756756 113 49040388 3974194084
======================
   8      33 sdc1 61190671 37012 5332457802 134892288 111741420 170815157 68324544152 3839362608 157 49045392 3974801656
======================
   8      33 sdc1 61190681 37012 5332457882 134893640 111742721 170815180 68327198568 3840008256 86 49050392 3975445748
======================
   8      33 sdc1 61190692 37012 5332457970 134895400 111744024 170815203 68329859136 3840642080 128 49055396 3976083084
======================
   8      33 sdc1 61190703 37012 5332458058 134897220 111745321 170815226 68332509456 3841259088 140 49060400 3976704120
======================
   8      33 sdc1 61190714 37012 5332458146 134899044 111746620 170815250 68335159776 3841882676 142 49065400 3977317532
======================
   8      33 sdc1 61190724 37012 5332458226 134900696 111747964 170815272 68337812144 3842517052 142 49070404 3977965592
======================
   8      33 sdc1 61190735 37012 5332458314 134902356 111749263 170815295 68340466560 3843135392 128 49075404 3978585404
======================
   8      33 sdc1 61190746 37012 5332458402 134903832 111750822 170815320 68343123032 3843780044 119 49080408 3979227304
======================
   8      33 sdc1 61190757 37012 5332458490 134905688 111752125 170815346 68345779496 3844405844 154 49085408 3979857628
======================
   8      33 sdc1 61190768 37012 5332458578 134907460 111753425 170815372 68348431864 3845046052 156 49090412 3980501464
======================
   8      33 sdc1 61190779 37012 5332458666 134908968 111754726 170815397 68351090376 3845678392 148 49095416 3981134900
======================
   8      33 sdc1 61190789 37012 5332458746 134910544 111756031 170815423 68353748912 3846323748 134 49100416 3981780296
======================
   8      33 sdc1 61190800 37012 5332458834 134912352 111757333 170815448 68356407424 3846945588 141 49105420 3982403168
======================
   8      33 sdc1 61190811 37012 5332458922 134914056 111758636 170815474 68359070032 3847570348 133 49110420 3983031684
======================
   8      33 sdc1 61190821 37012 5332459002 134915408 111759942 170815498 68361734688 3848212460 112 49115424 3983675440
======================
   8      33 sdc1 61190833 37012 5332459098 134917396 111761254 170815538 68364399360 3848837076 103 49120428 3984299252
======================
   8      33 sdc1 61190844 37012 5332459186 134918908 111762598 170815568 68367059920 3849475688 152 49125428 3984942988
======================
   8      33 sdc1 61190854 37012 5332459266 134920104 111763899 170815590 68369714336 3850131948 135 49130432 3985600592
======================
   8      33 sdc1 61190865 37012 5332459354 134921548 111765455 170815619 68372368768 3850776500 158 49135432 3986234984
======================
   8      33 sdc1 61190876 37012 5332459442 134923312 111766769 170815650 68375031376 3851385752 140 49140436 3986853984
======================
   8      33 sdc1 61190886 37012 5332459522 134924836 111768076 170815679 68377689888 3852013912 114 49145436 3987483168
======================
   8      33 sdc1 61190898 37012 5332459618 134926688 111769385 170815717 68380348424 3852648740 143 49150440 3988123040
======================
   8      33 sdc1 61190909 37012 5332459706 134928100 111770691 170815760 68383011032 3853292876 143 49155444 3988765752
======================
   8      33 sdc1 61190919 37012 5332459786 134929792 111772000 170815801 68385673656 3853932696 140 49160444 3989409280
======================
   8      33 sdc1 61190930 37012 5332459874 134931468 111773308 170815836 68388334216 3854555780 136 49165448 3990031888
======================
   8      33 sdc1 61190941 37012 5332459962 134932832 111774615 170815877 68390990680 3855191712 132 49170448 3990666732
======================
   8      33 sdc1 61190951 37012 5332460042 134934464 111775926 170815930 68393645024 3855821556 134 49175452 3991304812
======================
   8      33 sdc1 61190962 37012 5332460130 134936184 111777280 170815969 68396307640 3856452544 114 49180456 3991932644
======================
   8      33 sdc1 61190974 37012 5332460226 134937952 111778581 170815997 68398964104 3857078216 143 49185456 3992564432
======================
   8      33 sdc1 61190984 37012 5332460306 134939048 111780137 170816027 68401620568 3857748584 148 49190460 3993217788
======================
   8      33 sdc1 61190995 37012 5332460394 134940832 111781449 170816061 68404281136 3858362420 130 49195460 3993847868
======================
   8      33 sdc1 61191006 37012 5332460482 134942304 111782757 170816097 68406937608 3858998100 130 49200464 3994487420
======================
   8      33 sdc1 61191016 37012 5332460562 134943540 111784066 170816132 68409596120 3859648072 152 49205464 3995137608
======================
   8      33 sdc1 61191027 37012 5332460650 134945340 111785379 170816167 68412258768 3860264480 130 49210464 3995755328
======================
   8      33 sdc1 61191034 37012 5332460706 134946512 111786269 170816211 68414051112 3860703668 0 49213836 3996160952
started
======================
   8      33 sdc1 61191192 37012 5332461964 134947192 111789154 170816212 68414825344 3860909040 135 49215384 3996372296
======================
   8      33 sdc1 61191192 37012 5332461964 134947192 111799346 170816214 68417603968 3861667636 152 49220688 3997133868
======================
   8      33 sdc1 61191192 37012 5332461964 134947192 111808855 170816216 68420224416 3862385092 149 49225688 3997852964
======================
   8      33 sdc1 61191192 37012 5332461964 134947192 111818062 170816218 68422841816 3863108780 129 49230688 3998571828
======================
   8      33 sdc1 61191192 37012 5332461964 134947192 111827768 170816223 68425481648 3863827292 153 49235716 3999290516
======================
   8      33 sdc1 61191192 37012 5332461964 134947192 111837493 170816224 68428119304 3864543440 158 49240724 4000006372
======================
   8      33 sdc1 61191192 37012 5332461964 134947192 111847261 170816225 68430749328 3865258260 152 49245724 4000721760
======================
   8      33 sdc1 61191192 37012 5332461964 134947192 111857086 170816226 68433384504 3865974816 153 49250732 4001437728
======================
   8      33 sdc1 61191192 37012 5332461964 134947192 111866757 170816227 68436022760 3866692464 148 49255756 4002156408
======================
   8      33 sdc1 61191192 37012 5332461964 134947192 111876604 170816229 68438652376 3867409096 157 49260756 4002872024
======================
   8      33 sdc1 61191192 37012 5332461964 134947192 111886431 170816231 68441280992 3868122568 158 49265760 4003587480
======================
   8      33 sdc1 61191192 37012 5332461964 134947192 111896166 170816233 68443907312 3868839756 153 49270760 4004302504
======================
   8      33 sdc1 61191192 37012 5332461964 134947192 111906067 170816234 68446534008 3869555872 142 49275764 4005019020
======================
   8      33 sdc1 61191192 37012 5332461964 134947192 111915727 170816238 68449166624 3870220820 147 49280764 4005734296
======================
   8      33 sdc1 61191192 37012 5332461964 134947192 111924023 170816247 68451774496 3870991196 142 49285768 4006454184
======================
   8      33 sdc1 61191192 37012 5332461964 134947192 111934086 170816251 68454411488 3871705676 141 49290768 4007168664
======================
   8      33 sdc1 61191192 37012 5332461964 134947192 111943560 170816260 68457025640 3872423344 133 49295772 4007887584
======================
   8      33 sdc1 61191192 37012 5332461964 134947192 111953368 170816261 68459660856 3873140812 145 49300772 4008603856
======================
   8      33 sdc1 61191192 37012 5332461964 134947192 111963138 170816271 68462270224 3873851728 136 49305776 4009323048
======================
   8      33 sdc1 61191192 37012 5332461964 134947192 111973097 170816274 68464891456 3874576384 132 49310776 4010039412
======================
   8      33 sdc1 61191192 37012 5332461964 134947192 111982886 170816275 68467501208 3875109080 136 49315780 4010758092
======================
   8      33 sdc1 61191192 37012 5332461964 134947192 111992462 170816280 68470118256 3876009724 131 49320780 4011472904
======================
   8      33 sdc1 61191192 37012 5332461964 134947192 112002375 170816287 68472754544 3876503448 139 49325784 4012189736
======================
   8      33 sdc1 61191192 37012 5332461964 134947192 112010452 170816297 68475364288 3877421384 154 49330784 4012908632
======================
   8      33 sdc1 61191192 37012 5332461964 134947192 112016701 170816303 68477223408 3877939960 143 49334344 4013403440
======================
   8      33 sdc1 61191192 37012 5332461964 134947192 112026702 170816305 68479854960 3878656100 128 49339344 4014119032
======================
   8      33 sdc1 61191192 37012 5332461964 134947192 112036653 170816306 68482482680 3879370756 131 49344344 4014833400
======================
   8      33 sdc1 61191192 37012 5332461964 134947192 112046212 170816312 68485104040 3880084516 141 49349348 4015550112
======================
   8      33 sdc1 61191192 37012 5332461964 134947192 112055487 170816320 68487708240 3880805056 149 49354352 4016268128
======================
   8      33 sdc1 61191192 37012 5332461964 134947192 112065519 170816322 68490341488 3881496524 134 49359352 4016984032
======================
   8      33 sdc1 61191192 37012 5332461964 134947192 112075255 170816326 68492946048 3882240036 129 49364356 4017702508
======================
   8      33 sdc1 61191192 37012 5332461964 134947192 112085311 170816328 68495579176 3882956284 154 49369360 4018419564
======================
   8      33 sdc1 61191192 37012 5332461964 134947192 112094694 170816339 68498176424 3883675604 150 49374360 4019139160
======================
   8      33 sdc1 61191192 37012 5332461964 134947192 112104779 170816339 68500807088 3884393296 145 49379364 4019856392
======================
   8      33 sdc1 61191192 37012 5332461964 134947192 112114481 170816350 68503423256 3885101956 140 49384364 4020574652
======================
   8      33 sdc1 61191192 37012 5332461964 134947192 112124191 170816352 68506046552 3885827400 129 49389368 4021290356
======================
   8      33 sdc1 61191192 37012 5332461964 134947192 112134004 170816362 68508652760 3886540924 141 49394368 4022007544
======================
   8      33 sdc1 61191192 37012 5332461964 134947192 112143797 170816365 68511272208 3887261404 143 49399372 4022724320
======================
   8      33 sdc1 61191192 37012 5332461964 134947192 112153848 170816366 68513899104 3887976168 142 49404372 4023439448
======================
   8      33 sdc1 61191192 37012 5332461964 134947192 112163868 170816367 68516524480 3888691964 140 49409372 4024155112
======================
   8      33 sdc1 61191192 37012 5332461964 134947192 112173911 170816368 68519152984 3889408384 147 49414376 4024871256
======================
   8      33 sdc1 61191192 37012 5332461964 134947192 112183995 170816369 68521781616 3890123972 145 49419376 4025586484
======================
   8      33 sdc1 61191192 37012 5332461964 134947192 112194039 170816370 68524412216 3890839620 151 49424380 4026302472
======================
   8      33 sdc1 61191192 37012 5332461964 134947192 112203976 170816371 68527040568 3891555376 136 49429380 4027018144
======================
   8      33 sdc1 61191192 37012 5332461964 134947192 112214019 170816372 68529667768 3892271500 143 49434380 4027734096
