======================
   8      33 sdc1 130924920 644800 6513444548 193157239 176230963 322679149 85556601592 2956928206 0 95561146 3151471181
======================
   8      33 sdc1 130924922 644800 6513444564 193157239 176230963 322679149 85556601592 2956928206 0 95561146 3151471181
======================
   8      33 sdc1 130924922 644800 6513444564 193157239 176230966 322679157 85556601680 2956928217 0 95561157 3151471192
started
======================
   8      33 sdc1 130924922 644800 6513444564 193157239 176230973 322679158 85556601744 2956928217 0 95561157 3151471192
======================
   8      33 sdc1 130924932 644800 6513444644 193160701 176231180 322680746 85558640920 2956991766 11 95565009 3151540582
======================
   8      33 sdc1 130924944 644800 6513444740 193165479 176231385 322682776 85561273848 2957054476 25 95570012 3151612584
======================
   8      33 sdc1 130924954 644800 6513444820 193170109 176231589 322684600 85563915848 2957129849 15 95575012 3151688319
======================
   8      33 sdc1 130924966 644800 6513444916 193174993 176231834 322687240 85566542408 2957227034 31 95580010 3151795525
======================
   8      33 sdc1 130924976 644800 6513444996 193179129 176232018 322688981 85569190288 2957317648 12 95585012 3151888252
======================
   8      33 sdc1 130924986 644800 6513445076 193183441 176232213 322690944 85571821536 2957403666 12 95590014 3151976194
======================
   8      33 sdc1 130924999 644800 6513445180 193188355 176232419 322693097 85574456384 2957489208 25 95595014 3152069267
======================
   8      33 sdc1 130925010 644800 6513445268 193193336 176232598 322695001 85577098400 2957575992 19 95600016 3152157257
======================
   8      33 sdc1 130925019 644800 6513445340 193197678 176232790 322696775 85579729024 2957648740 8 95605018 3152235681
======================
   8      33 sdc1 130925031 644800 6513445436 193202198 176233091 322698898 85582423192 2957775126 20 95610097 3152370130
======================
   8      33 sdc1 130925042 644800 6513445524 193207064 176233481 322701223 85585066800 2957913844 26 95615100 3152514130
======================
   8      33 sdc1 130925053 644800 6513445612 193211665 176233931 322702862 85587706744 2958068054 35 95620100 3152671709
======================
   8      33 sdc1 130925063 644800 6513445692 193215425 176234415 322704570 85590343016 2958246006 26 95625102 3152857328
======================
   8      33 sdc1 130925075 644800 6513445788 193219329 176234887 322706486 85592992472 2958638024 72 95630104 3153257470
======================
   8      33 sdc1 130925086 644800 6513445876 193223129 176235335 322708154 85595632040 2959055556 84 95635105 3153679422
======================
   8      33 sdc1 130925096 644800 6513445956 193225607 176235893 322709797 85598266304 2959569057 65 95640107 3154200113
======================
   8      33 sdc1 130925108 644800 6513446052 193229392 176236418 322711444 85600915600 2960105028 65 95645109 3154799156
======================
   8      33 sdc1 130925119 644800 6513446140 193233380 176236885 322713110 85603557784 2960437781 64 95650111 3155090233
======================
   8      33 sdc1 130925128 644800 6513446212 193236543 176237389 322714640 85606210912 2960786056 15 95655127 3155411225
======================
   8      33 sdc1 130925140 644800 6513446308 193240171 176237908 322716856 85608859104 2961158890 124 95660130 3155861045
======================
   8      33 sdc1 130925151 644800 6513446396 193243103 176238489 322718411 85611513208 2961690314 120 95665132 3156397574
======================
   8      33 sdc1 130925162 644800 6513446484 193246198 176239120 322720361 85614162976 2962273882 131 95670135 3156991384
======================
   8      33 sdc1 130925172 644800 6513446564 193249874 176239631 322722167 85616817072 2962633727 82 95675137 3157298536
======================
   8      33 sdc1 130925182 644800 6513446644 193252967 176240147 322723701 85619469808 2962890629 34 95680138 3157545471
======================
   8      33 sdc1 130925194 644800 6513446740 193256288 176240704 322725575 85622123904 2963375509 141 95685140 3158114762
======================
   8      33 sdc1 130925205 644800 6513446828 193259905 176241275 322727757 85624773024 2963855709 142 95690141 3158570326
======================
   8      33 sdc1 130925216 644800 6513446916 193262777 176241825 322729348 85627428544 2964351578 119 95695143 3159056890
======================
   8      33 sdc1 130925226 644800 6513446996 193265185 176242442 322730939 85630083336 2964910639 122 95700145 3159648726
======================
   8      33 sdc1 130925238 644800 6513447092 193268313 176242975 322732803 85632740264 2965468797 132 95705147 3160185822
======================
   8      33 sdc1 130925248 644800 6513447172 193271332 176243499 322734234 85635404120 2965965932 67 95710149 3160642703
======================
   8      33 sdc1 130925258 644800 6513447252 193274486 176244090 322735932 85638052144 2966253571 109 95715149 3160963779
======================
   8      33 sdc1 130925270 644800 6513447348 193277659 176244742 322737853 85640712232 2966807311 146 95720151 3161536368
======================
   8      33 sdc1 130925281 644800 6513447436 193280566 176245346 322739273 85643360856 2967368838 151 95725152 3162097744
======================
   8      33 sdc1 130925291 644800 6513447516 193283203 176245996 322740931 85646017072 2967940422 139 95730156 3162670496
======================
   8      33 sdc1 130925302 644800 6513447604 193285861 176246640 322742487 85648673136 2968368437 133 95735156 3163124335
======================
   8      33 sdc1 130925313 644800 6513447692 193288587 176247267 322744074 85651324960 2968988832 115 95740158 3163692003
======================
   8      33 sdc1 130925324 644800 6513447780 193291155 176247877 322745826 85653981088 2969564681 113 95745159 3164282477
======================
   8      33 sdc1 130925335 644800 6513447868 193293891 176248530 322747373 85656636576 2970127603 136 95750161 3164863922
======================
   8      33 sdc1 130925346 644800 6513447956 193296643 176249157 322749345 85659291376 2970540844 156 95755163 3165255562
======================
   8      33 sdc1 130925354 644800 6513448020 193298676 176249775 322750604 85661957768 2971166879 37 95760166 3165855981
======================
   8      33 sdc1 130925365 644800 6513448108 193301471 176250374 322752113 85664611672 2971628708 23 95765173 3166324825
======================
   8      33 sdc1 130925377 644800 6513448204 193305124 176250958 322754032 85667273088 2972130948 20 95770177 3166846255
======================
   8      33 sdc1 130925387 644800 6513448284 193307517 176251638 322755582 85669916128 2972723515 9 95775179 3167426280
======================
   8      33 sdc1 130925398 644800 6513448372 193310048 176252356 322757065 85672569800 2973241317 3 95780180 3167939161
======================
   8      33 sdc1 130925409 644800 6513448460 193312639 176253049 322758816 85675225240 2973830812 36 95785182 3168561042
======================
   8      33 sdc1 130925421 644800 6513448556 193315435 176253735 322760311 85677896280 2974425604 37 95790232 3169157354
