======================
   8      33 sdc1 78077345 17786 3896809382 93907305 70598453 93164880 50128315808 1501949334 0 33142981 1595812567
started
======================
   8      33 sdc1 78077355 17786 3896809462 93908133 70598605 93165549 50129038296 1501988680 19 33144361 1595859278
======================
   8      33 sdc1 78077367 17786 3896809558 93912494 70598773 93167660 50131827848 1502058455 21 33149587 1595929956
======================
   8      33 sdc1 78077377 17786 3896809638 93916554 70598923 93169406 50134473872 1502113720 2 33154589 1595987308
======================
   8      33 sdc1 78077389 17786 3896809734 93920605 70599074 93171539 50137114776 1502182246 16 33159590 1596063631
======================
   8      33 sdc1 78077399 17786 3896809814 93924784 70599223 93173489 50139703576 1502245436 18 33164460 1596128515
======================
   8      33 sdc1 78077409 17786 3896809894 93928677 70599371 93175233 50142271696 1502289013 5 33169317 1596175564
======================
   8      33 sdc1 78077421 17786 3896809990 93933010 70599526 93177379 50144878240 1502366463 21 33174232 1596261284
======================
   8      33 sdc1 78077431 17786 3896810070 93937321 70599679 93179331 50147486376 1502446429 22 33179151 1596341261
======================
   8      33 sdc1 78077442 17786 3896810158 93941900 70599837 93181333 50150141232 1502500390 19 33184153 1596400812
======================
   8      33 sdc1 78077452 17786 3896810238 93945607 70599990 93183083 50152746416 1502551209 5 33189092 1596455034
======================
   8      33 sdc1 78077463 17786 3896810326 93949540 70600139 93185229 50155378744 1502615525 19 33194049 1596526599
======================
   8      33 sdc1 78077473 17786 3896810406 93953444 70600282 93186985 50157889648 1502687220 11 33198805 1596602638
======================
   8      33 sdc1 78077484 17786 3896810494 93958142 70600578 93188764 50160429304 1502836648 24 33203564 1596751949
======================
   8      33 sdc1 78077494 17786 3896810574 93962564 70600846 93190604 50163079608 1502908585 22 33208616 1596836003
======================
   8      33 sdc1 78077505 17786 3896810662 93967085 70601106 93192490 50165552376 1503011025 45 33213266 1596938000
======================
   8      33 sdc1 78077515 17786 3896810742 93970845 70601388 93194115 50168164984 1503114844 10 33218191 1597046389
======================
   8      33 sdc1 78077525 17786 3896810822 93975097 70601660 93195934 50170741440 1503206858 16 33223029 1597141289
======================
   8      33 sdc1 78077536 17786 3896810910 93979117 70601932 93197756 50173365696 1503290111 18 33227958 1597229642
======================
   8      33 sdc1 78077547 17786 3896810998 93983708 70602208 93199583 50176025408 1503368281 10 33232959 1597311320
======================
   8      33 sdc1 78077557 17786 3896811078 93988036 70602469 93201410 50178592440 1503436083 18 33237882 1597383683
======================
   8      33 sdc1 78077567 17786 3896811158 93992169 70602720 93203049 50180964216 1503502891 16 33242347 1597454962
======================
   8      33 sdc1 78077577 17786 3896811238 93996109 70602984 93204686 50183414968 1503591180 7 33246946 1597545838
======================
   8      33 sdc1 78077587 17786 3896811318 94000363 70603259 93206566 50185974176 1503698151 15 33251766 1597658588
======================
   8      33 sdc1 78077599 17786 3896811414 94005214 70603535 93208480 50188627168 1503776428 24 33256767 1597742523
======================
   8      33 sdc1 78077610 17786 3896811502 94009222 70603952 93210237 50191259752 1504015195 39 33261703 1597987625
======================
   8      33 sdc1 78077620 17786 3896811582 94013489 70604260 93212033 50193900392 1504120273 37 33266647 1598092994
======================
   8      33 sdc1 78077630 17786 3896811662 94017332 70604570 93213645 50196493232 1504205348 9 33271502 1598181816
======================
   8      33 sdc1 78077642 17786 3896811758 94021510 70604889 93215612 50199148920 1504315668 33 33276504 1598299103
======================
   8      33 sdc1 78077651 17786 3896811830 94025747 70605169 93217119 50201550072 1504423002 0 33280986 1598404636
======================
   8      33 sdc1 78077662 17786 3896811918 94030340 70605484 93219078 50204194608 1504530185 29 33285948 1598519265
======================
   8      33 sdc1 78077671 17786 3896811990 94034167 70605781 93220688 50206683760 1504618781 14 33290623 1598613350
======================
   8      33 sdc1 78077681 17786 3896812070 94038174 70606059 93222307 50209075944 1504697154 9 33295144 1598695833
======================
   8      33 sdc1 78077692 17786 3896812158 94042603 70606352 93224105 50211607536 1504781477 19 33299901 1598784429
======================
   8      33 sdc1 78077702 17786 3896812238 94047035 70606658 93225795 50214231920 1504874826 0 33304829 1598877737
======================
   8      33 sdc1 78077713 17786 3896812326 94051251 70606967 93227743 50216774688 1504969415 26 33309632 1598981253
======================
   8      33 sdc1 78077724 17786 3896812414 94055569 70607262 93229526 50219308968 1505064052 36 33314379 1599077546
======================
   8      33 sdc1 78077733 17786 3896812486 94059167 70607693 93231011 50221849968 1505190118 14 33319128 1599209617
======================
   8      33 sdc1 78077745 17786 3896812582 94063525 70608027 93232956 50224483896 1505291621 45 33324118 1599319283
======================
   8      33 sdc1 78077756 17786 3896812670 94067385 70608370 93234720 50227153272 1505406925 40 33329121 1599445746
======================
   8      33 sdc1 78077766 17786 3896812750 94071994 70608704 93236493 50229822656 1505551259 33 33334124 1599590780
======================
   8      33 sdc1 78077777 17786 3896812838 94076313 70609045 93238259 50232497416 1505674717 29 33339126 1599708914
======================
   8      33 sdc1 78077787 17786 3896812918 94080313 70609362 93239890 50234891344 1505781806 23 33343626 1599824050
======================
   8      33 sdc1 78077796 17786 3896812990 94084336 70609670 93241481 50237298576 1505883731 16 33348128 1599929107
======================
   8      33 sdc1 78077806 17786 3896813070 94088619 70609978 93243070 50239704456 1505961974 11 33352663 1600008674
======================
   8      33 sdc1 78077818 17786 3896813166 94093404 70610307 93245023 50242364168 1506080235 38 33357665 1600134360
======================
   8      33 sdc1 78077827 17786 3896813238 94097497 70610624 93246616 50244868360 1506170143 21 33362392 1600227370
======================
   8      33 sdc1 78077837 17786 3896813318 94100983 70610944 93248207 50247376584 1506262957 2 33367126 1600321161
======================
   8      33 sdc1 78077847 17786 3896813398 94105329 70611268 93249972 50249901192 1506357527 14 33371863 1600425685
======================
   8      33 sdc1 78077857 17786 3896813478 94109004 70611696 93251421 50252246256 1506568830 0 33376260 1600633657
