======================
   8      33 sdc1 4081 0 55322 1155684 150847 8452449 4737412264 72460392 0 1566167 73615535
started
======================
   8      33 sdc1 4091 0 55402 1157932 150983 8453502 4738663520 72497939 23 1568605 73657373
======================
   8      33 sdc1 4102 0 55490 1162527 151186 8455341 4741318248 72567974 11 1573608 73732562
======================
   8      33 sdc1 4113 0 55578 1167338 151364 8457428 4743969728 72643203 22 1578609 73812600
======================
   8      33 sdc1 4124 0 55666 1171722 151535 8459352 4746616880 72703316 17 1583609 73876133
======================
   8      33 sdc1 4135 0 55754 1176329 151702 8461217 4749261360 72760331 9 1588609 73938873
======================
   8      33 sdc1 4146 0 55842 1181185 151909 8463305 4751901784 72814731 20 1593609 74000782
======================
   8      33 sdc1 4158 0 55938 1185335 152095 8465419 4754539720 72900964 24 1598609 74092728
======================
   8      33 sdc1 4169 0 56026 1190105 152289 8467530 4757192512 72988575 22 1603610 74184278
======================
   8      33 sdc1 4178 0 56098 1194724 152465 8469293 4759851112 73058013 3 1608612 74253442
======================
   8      33 sdc1 4190 0 56194 1199641 152641 8471394 4762506912 73152523 19 1613613 74352380
======================
   8      33 sdc1 4202 0 56290 1204381 152957 8474358 4765193056 73293436 53 1618679 74503360
======================
   8      33 sdc1 4212 0 56370 1208854 153265 8476045 4767850216 73413881 12 1623681 74625490
======================
   8      33 sdc1 4224 0 56466 1213506 153648 8478621 4770503712 73559314 104 1628686 74799161
======================
   8      33 sdc1 4236 0 56562 1217288 154153 8480593 4773166944 73966431 128 1633688 75264484
======================
   8      33 sdc1 4246 0 56642 1219961 154663 8482133 4775815152 74511066 103 1638690 75820687
======================
   8      33 sdc1 4257 0 56730 1223017 155192 8484115 4778477256 74907624 128 1643691 76222854
======================
   8      33 sdc1 4269 0 56826 1226036 155717 8485881 4781133864 75430579 142 1648693 76735757
======================
   8      33 sdc1 4278 0 56898 1229560 156148 8487275 4783794016 75816731 59 1653695 77079092
======================
   8      33 sdc1 4289 0 56986 1232695 156610 8489071 4786447440 76240717 139 1658697 77578003
======================
   8      33 sdc1 4300 0 57074 1236204 157111 8490742 4789106248 76673081 98 1663698 77928172
======================
   8      33 sdc1 4311 0 57162 1239059 157603 8492641 4791776128 77089991 94 1668700 78384131
======================
   8      33 sdc1 4322 0 57250 1241998 158162 8494472 4794435336 77605200 146 1673703 78923855
======================
   8      33 sdc1 4333 0 57338 1245225 158696 8496071 4797101928 78172107 127 1678704 79495735
======================
   8      33 sdc1 4343 0 57418 1247836 159278 8497624 4799749520 78591986 54 1683689 79864438
======================
   8      33 sdc1 4354 0 57506 1251549 159819 8499356 4802406472 78984581 132 1688691 80275008
======================
   8      33 sdc1 4364 0 57586 1255102 160370 8500755 4805073144 79446840 53 1693692 80720490
======================
   8      33 sdc1 4376 0 57682 1258459 160877 8502841 4807736128 79927663 106 1698694 81219774
======================
   8      33 sdc1 4386 0 57762 1260997 161441 8504518 4810397160 80358138 123 1703695 81709475
======================
   8      33 sdc1 4397 0 57850 1264201 161976 8506149 4813059296 80916247 93 1708697 82219207
======================
   8      33 sdc1 4407 0 57930 1267500 162445 8507971 4815714384 81416241 34 1713698 82688090
======================
   8      33 sdc1 4418 0 58018 1271155 162973 8509730 4818370936 81830224 72 1718701 83110846
======================
   8      33 sdc1 4430 0 58114 1274895 163450 8511737 4821028432 82033792 135 1723701 83365927
======================
   8      33 sdc1 4440 0 58194 1278133 163975 8513353 4823689960 82619997 51 1728702 83903330
======================
   8      33 sdc1 4451 0 58282 1281840 164482 8514978 4826359632 83059763 52 1733706 84399362
======================
   8      33 sdc1 4462 0 58370 1284751 165109 8516932 4829019384 83604557 55 1738708 84945493
======================
   8      33 sdc1 4473 0 58458 1287972 165683 8518748 4831674464 83902769 102 1743710 85193144
======================
   8      33 sdc1 4484 0 58546 1291498 166292 8520386 4834346208 84469400 102 1748712 85820565
======================
   8      33 sdc1 4495 0 58634 1294513 166873 8522033 4837010120 84936445 130 1753714 86320068
======================
   8      33 sdc1 4506 0 58722 1297636 167439 8523546 4839664448 85432791 96 1758716 86791820
======================
   8      33 sdc1 4516 0 58802 1300348 168019 8526164 4842324608 85999338 118 1763718 87376580
======================
   8      33 sdc1 4527 0 58890 1303862 168652 8527662 4844979680 86507863 122 1768720 87867882
======================
   8      33 sdc1 4538 0 58978 1306988 169268 8529166 4847639792 86972079 113 1773723 88344638
======================
   8      33 sdc1 4548 0 59058 1309083 169871 8530758 4850299488 87482117 126 1778724 88814558
======================
   8      33 sdc1 4558 0 59138 1311405 170493 8532422 4852961688 88010222 147 1783726 89400626
======================
   8      33 sdc1 4570 0 59234 1313845 171139 8534363 4855622008 88564450 156 1788727 89948541
======================
   8      33 sdc1 4580 0 59314 1316501 171749 8535889 4858277856 89116629 149 1793730 90505301
