======================
cpu  2055118 0 512079 82562221 337756 0 2707 0 0 0
cpu0 53222 0 32643 1623509 66712 0 608 0 0 0
cpu1 45052 0 20258 1675709 37284 0 417 0 0 0
cpu2 42577 0 11722 1721066 5350 0 123 0 0 0
cpu3 42424 0 11302 1726865 450 0 61 0 0 0
cpu4 41107 0 9102 1729938 906 0 46 0 0 0
cpu5 41847 0 9532 1729601 133 0 3 0 0 0
cpu6 41948 0 9114 1729832 187 0 5 0 0 0
cpu7 41277 0 9676 1729820 291 0 4 0 0 0
cpu8 41735 0 9922 1729403 221 0 25 0 0 0
cpu9 40970 0 10496 1721004 8096 0 42 0 0 0
cpu10 42150 0 11390 1718134 8827 0 40 0 0 0
cpu11 46306 0 22170 1658180 51013 0 299 0 0 0
cpu12 48405 0 14444 1708952 7406 0 40 0 0 0
cpu13 43697 0 14978 1709831 11906 0 43 0 0 0
cpu14 43915 0 13760 1700820 21235 0 121 0 0 0
cpu15 42049 0 13770 1702522 21360 0 125 0 0 0
cpu16 42029 0 14082 1703353 20302 0 109 0 0 0
cpu17 41768 0 11604 1717232 9825 0 70 0 0 0
cpu18 42780 0 11626 1715723 10163 0 82 0 0 0
cpu19 43471 0 10732 1719172 7361 0 26 0 0 0
cpu20 41427 0 9499 1723444 6350 0 28 0 0 0
cpu21 42873 0 9748 1722355 5761 0 34 0 0 0
cpu22 43487 0 13318 1709596 12488 0 155 0 0 0
cpu23 43327 0 13917 1709789 13147 0 76 0 0 0
cpu24 41781 0 7672 1731660 2 0 1 0 0 0
cpu25 42238 0 8812 1729922 150 0 0 0 0 0
cpu26 42522 0 9068 1729520 4 0 0 0 0 0
cpu27 43342 0 7724 1730046 1 0 2 0 0 0
cpu28 43195 0 8353 1729572 1 0 0 0 0 0
cpu29 42439 0 8032 1730603 2 0 0 0 0 0
cpu30 42074 0 8405 1730642 0 0 0 0 0 0
cpu31 41721 0 7598 1731812 1 0 0 0 0 0
cpu32 40538 0 7622 1732986 0 0 0 0 0 0
cpu33 43385 0 8420 1729295 2 0 0 0 0 0
cpu34 41292 0 7928 1731901 0 0 0 0 0 0
cpu35 42075 0 8145 1730880 9 0 0 0 0 0
cpu36 41650 0 7555 1731912 7 0 1 0 0 0
cpu37 43422 0 8358 1729332 11 0 0 0 0 0
cpu38 42328 0 8112 1725045 5163 0 54 0 0 0
cpu39 42190 0 6573 1732352 10 0 0 0 0 0
cpu40 42184 0 6919 1732021 9 0 0 0 0 0
cpu41 42414 0 8458 1727919 2117 0 28 0 0 0
cpu42 43852 0 7495 1729765 4 0 0 0 0 0
cpu43 41322 0 6728 1733061 7 0 2 0 0 0
cpu44 42318 0 7900 1730903 4 0 0 0 0 0
cpu45 42550 0 7808 1730722 33 0 0 0 0 0
cpu46 42430 0 11255 1723795 3420 0 19 0 0 0
cpu47 41996 0 8314 1730687 8 0 1 0 0 0
intr 12295232 116 0 0 0 0 0 0 0 1 7 0 0 0 0 0 0 0 0 56 49 0 0 0 0 0 0 0 0 0 0 0 0 0 0 0 0 0 0 0 0 0 0 0 0 0 0 0 0 0 0 0 0 109985 0 0 0 0 0 0 0 0 0 1471 1829815 0 1 136852 20556 12837 30083 35053 22586 0 0 56951 23855 0 0 0 0 0 0 0 0 0 0 0 0 0 0 0 0 0 0 0 0 0 0 0 0 0 0 0 0 0 0 0 0 0 0 0 0 0 0 0 0 0 0 0 0 0 0 0 0 0 0 0 0 0 0 0 0 0 0 0 0 0 0 0 0 0 0 0 0 0 0 0 0 0 0 0 0 0 0 0 0 0 0 0 0 0 0 0 0 0 0 0 0 0 0 0 0 0 0 0 0 0 0 0 2 0 2 2 2 2 2 2 2 0 2 0 2 2 2 2 2 2 2 0 0 0 0 0 0 0 0 0 0 0 0 0 0 0 0 0 0 0 0 0 0 0 0 0 0 0 0 0 0 0 0 0 0 0 0 0 0 0 0 0 0 0 0 0 0 0 0 0 0 0 0 0 0 0 0 0 0 0 0 0 0 0 0 0 0 0 0 0 0 0 0 0 0 0 0 0 0 0 0 0 0 0 0 0 0 0 0 0 0 0 0 0 0 0 0 0 0 0 0 0 0 0 0 0 0 0 0 0 0 0 0 0 0 0 0 0 0 0 0 0 0 0 0 0 0 0 0 0 0 0 0 0 0 0 0 0 0 0 0 0 0 0 0 0 0 0 0 0 0 0 0 0 0 0 0 0 0 0 0 0 0 0 0 0 0 0 0 0 0 0 0 0 0 0 0 0 0 0 0 0 0 0 0 0 0 0 0 0 0 0 0 0 0 0 0 0 0 0 0 0 0 0 0 0 0 0 0 0 0 0 0 0 0 0 0 0 0 0 0 0 0 0 0 0 0 0 0 0 0 0 0 0 0 0 0 0 0 0 0 0 0 0 0 0 0 0 0 0 0 0 0 0 0 0 0 0 0 0 0 0 0 0 0 0 0 0 0 0 0 0 0 0 0 0 0 0 0 0 0 0 0 0 0 0 0 0 0 0 0 0 0 0 0 0 0 0 0 0 0 0 0 0 0 0 0 0 0 0 0 0 0 0 0 0 0 0 0 0 0 0 0 0 0 0 0 0 0 0 0 0 0 0 0 0 0 0 0 0 0 0 0 0 0 0 0 0 0 0 0 0 0 0 0 0 0 0 0 0 0 0 0 0 0 0 0 0 0 0 0 0 0 0 0 0 0 0 0 0 0 0 0 0 0 0 0 0 0 0 0 0 0 0 0 0 0 0 0 0 0 0 0 0 0 0 0 0 0 0 0 0 0 0 0 0 0 0 0 0 0 0 0 0 0 0 0 0 0 0 0 0 0 0 0 0 0 0 0 0 0 0 0 0 0 0 0 0 0 0 0 0 0 0 0 0 0 0 0 0 0 0 0 0 0 0 0 0 0 0 0 0 0 0 0 0 0 0 0 0 0 0 0 0 0 0 0 0 0 0 0 0 0 0 0 0 0 0 0 0 0 0 0 0 0 0 0 0 0 0 0 0 0 0 0 0 0 0 0 0 0 0 0 0 0 0 0 0 0 0 0 0 0 0 0 0 0 0 0 0 0 0 0 0 0 0 0 0 0 0 0 0 0 0 0 0 0 0 0 0 0 0 0 0 0 0 0 0 0 0 0 0 0 0 0 0 0 0 0 0 0 0 0 0 0 0 0 0 0 0 0 0 0 0 0 0 0 0 0 0 0 0 0 0 0 0 0 0 0 0 0 0 0 0 0 0 0 0 0 0 0 0 0 0 0 0 0 0 0 0 0 0 0 0 0 0 0 0 0 0 0 0 0 0 0 0 0 0 0 0 0 0 0 0 0 0 0 0 0 0 0 0 0 0 0 0 0 0 0 0 0 0 0 0 0 0 0 0 0 0 0 0 0 0 0 0 0 0 0 0 0 0 0 0 0 0 0 0 0 0 0 0 0 0 0 0 0 0 0 0 0 0 0 0 0 0 0 0 0 0 0 0 0 0 0 0 0 0 0 0 0 0 0 0 0 0 0 0 0 0 0 0 0 0 0 0 0 0 0 0 0 0 0 0 0 0 0 0 0 0 0 0 0 0 0 0 0 0 0 0 0 0 0 0 0 0 0 0 0 0 0 0 0 0 0 0 0 0 0 0 0 0 0 0 0 0 0 0 0 0 0 0 0 0 0 0 0 0 0 0 0 0 0 0 0 0 0 0 0 0 0 0 0 0 0 0 0 0 0 0 0 0 0 0 0 0 0 0 0 0 0 0 0 0 0 0 0 0 0 0 0 0 0 0 0 0 0 0 0 0 0 0 0 0 0 0 0 0 0 0 0 0 0 0 0 0 0 0 0 0 0 0 0 0 0 0 0 0 0 0 0 0 0 0 0 0 0 0 0 0 0 0 0 0 0 0 0 0 0 0 0 0 0 0 0 0 0 0 0 0 0 0 0 0 0 0 0 0 0 0 0 0 0 0 0 0 0 0 0 0 0 0 0 0 0 0 0 0 0 0 0 0 0 0 0 0 0 0 0 0 0 0 0 0 0 0 0 0 0 0 0 0 0 0 0 0 0 0 0 0 0 0 0 0 0 0 0 0 0 0 0 0 0 0 0 0 0 0 0 0 0 0 0 0 0 0 0 0 0 0 0 0 0 0 0 0 0 0 0 0 0 0 0 0 0 0 0 0 0 0 0 0 0 0 0 0 0 0 0 0 0 0 0 0 0 0 0 0 0 0 0 0 0 0 0 0 0 0 0 0 0 0 0 0 0 0 0 0 0 0 0 0 0 0 0 0 0 0 0 0 0 0 0 0 0 0 0 0 0 0 0 0 0 0 0 0 0 0 0 0 0 0 0 0 0 0 0 0 0 0 0 0 0 0 0 0 0 0 0 0 0 0 0 0 0 0 0 0 0 0 0 0 0 0 0 0 0 0 0 0 0 0 0 0 0 0 0 0 0 0 0 0 0 0 0 0 0 0 0 0 0 0 0 0 0 0 0 0 0 0 0 0 0 0 0 0 0 0 0 0 0 0 0 0 0 0 0 0 0 0 0 0 0 0 0 0 0 0 0 0 0 0 0 0 0 0 0 0 0 0 0 0 0 0 0 0 0 0 0 0 0 0 0 0 0 0 0 0 0 0 0 0 0 0 0 0 0 0 0 0 0 0 0 0 0 0 0 0 0 0 0 0 0 0 0 0 0 0 0 0 0 0 0 0 0 0 0 0 0 0 0 0 0 0 0 0 0 0 0 0 0 0 0 0 0 0 0 0 0 0 0 0 0 0 0 0 0 0 0 0 0 0 0 0 0 0 0 0 0 0 0 0 0 0 0 0 0 0 0 0 0 0 0 0 0 0 0 0 0 0 0 0 0 0 0 0 0 0 0 0 0 0 0 0 0 0 0 0 0 0 0 0 0 0 0 0 0 0 0 0 0 0 0 0 0 0 0 0 0 0 0 0 0 0 0 0 0 0 0 0 0 0 0 0 0 0 0 0 0 0 0 0 0 0 0 0 0 0 0 0 0 0 0 0 0 0 0 0 0 0 0 0 0 0 0 0 0 0 0 0 0 0 0 0 0 0 0
ctxt 17691893
btime 1494099034
processes 62505
procs_running 4
procs_blocked 0
softirq 18315325 5 7696940 3596 338541 1938207 0 2193 1871569 0 6464274
