======================
   8      33 sdc1 57261839 14279 4325533216 93680768 74254405 145065241 51309938752 2741035256 0 38904140 2835210836
======================
   8      33 sdc1 57261856 14279 4325533352 93682340 74255415 145065241 51312007232 2741530220 134 38908152 2835743296
======================
   8      33 sdc1 57261866 14279 4325533432 93684076 74256684 145065286 51314573864 2742159388 130 38913156 2836375320
======================
   8      33 sdc1 57261876 14279 4325533512 93685704 74257952 145065308 51317162744 2742796516 130 38918156 2837009764
======================
   8      33 sdc1 57261887 14279 4325533600 93687572 74259226 145065330 51319763912 2743417784 130 38923160 2837638304
======================
   8      33 sdc1 57261898 14279 4325533688 93689388 74260522 145065353 51322412184 2744037936 119 38928160 2838259628
======================
   8      33 sdc1 57261908 14279 4325533768 93690632 74261819 145065375 51325060456 2744690448 106 38933164 2838912032
======================
   8      33 sdc1 57261920 14279 4325533864 93692332 74263120 145065397 51327716920 2745328508 134 38938168 2839554236
======================
   8      33 sdc1 57261931 14279 4325533952 93693744 74264417 145065420 51330367240 2745972128 153 38943168 2840197136
======================
   8      33 sdc1 57261941 14279 4325534032 93695344 74265759 145065445 51333031912 2746611816 131 38948184 2840838748
======================
   8      33 sdc1 57261952 14279 4325534120 93697060 74267063 145065467 51335694520 2747245620 129 38953208 2841471020
======================
   8      33 sdc1 57261963 14279 4325534208 93698840 74268365 145065490 51338344840 2747865684 140 38958212 2842092260
======================
   8      33 sdc1 57261973 14279 4325534288 93700184 74269663 145065512 51340995160 2748505172 118 38963212 2842735256
======================
   8      33 sdc1 57261985 14279 4325534384 93702176 74270964 145065537 51343647560 2749130764 156 38968216 2843362448
======================
   8      33 sdc1 57261995 14279 4325534464 93703836 74272258 145065561 51346291736 2749737228 93 38973220 2843970436
======================
   8      33 sdc1 57262006 14279 4325534552 93705488 74273557 145065584 51348942056 2750377476 78 38978220 2844608344
======================
   8      33 sdc1 57262017 14279 4325534640 93707092 74274854 145065607 51351590328 2751013388 144 38983224 2845247340
======================
   8      33 sdc1 57262028 14279 4325534728 93708604 74276151 145065632 51354240648 2751642360 129 38988224 2845883516
======================
   8      33 sdc1 57262039 14279 4325534816 93710260 74277450 145065658 51356893032 2752286080 138 38993228 2846516528
======================
   8      33 sdc1 57262049 14279 4325534896 93711812 74278785 145065681 51359541304 2752906164 141 38998228 2847148636
======================
   8      33 sdc1 57262060 14279 4325534984 93713636 74280089 145065706 51362203912 2753543392 131 39003252 2847784432
======================
   8      33 sdc1 57262071 14279 4325535072 93715148 74281642 145065731 51364856280 2754182484 116 39008276 2848423180
======================
   8      33 sdc1 57262081 14279 4325535152 93716360 74282920 145065753 51367459496 2754833624 125 39013280 2849080356
======================
   8      33 sdc1 57262092 14279 4325535240 93717740 74284198 145065779 51370064760 2755479356 125 39018280 2849728112
======================
   8      33 sdc1 57262103 14279 4325535328 93719512 74285500 145065808 51372725336 2756112020 106 39023284 2850358156
======================
   8      33 sdc1 57262113 14279 4325535408 93721088 74286802 145065838 51375383776 2756743780 91 39028284 2850994140
======================
   8      33 sdc1 57262125 14279 4325535504 93722780 74288109 145065863 51378046472 2757372828 146 39033288 2851627764
======================
   8      33 sdc1 57262136 14279 4325535592 93724564 74289410 145065890 51380700896 2758004912 147 39038288 2852259188
======================
   8      33 sdc1 57262146 14279 4325535672 93725972 74290711 145065927 51383355312 2758650580 155 39043292 2852908668
======================
   8      33 sdc1 57262157 14279 4325535760 93727728 74292022 145065973 51386017920 2759284196 133 39048292 2853543756
======================
   8      33 sdc1 57262168 14279 4325535848 93729456 74293360 145065999 51388676432 2759896936 126 39053296 2854157240
======================
   8      33 sdc1 57262178 14279 4325535928 93731028 74294658 145066022 51391330768 2760528816 113 39058300 2854791088
======================
   8      33 sdc1 57262190 14279 4325536024 93732796 74296220 145066048 51393991408 2761175740 142 39063300 2855438832
======================
   8      33 sdc1 57262201 14279 4325536112 93734512 74297525 145066084 51396651984 2761801856 150 39068304 2856067968
======================
   8      33 sdc1 57262211 14279 4325536192 93736100 74298832 145066119 51399310496 2762432324 152 39073304 2856694024
======================
   8      33 sdc1 57262222 14279 4325536280 93737892 74300142 145066153 51401973112 2763035524 128 39078308 2857300656
======================
   8      33 sdc1 57262233 14279 4325536368 93739460 74301449 145066191 51404631552 2763663304 129 39083308 2857933028
======================
   8      33 sdc1 57262243 14279 4325536448 93741064 74302757 145066231 51407294176 2764294476 111 39088312 2858568352
======================
   8      33 sdc1 57262255 14279 4325536544 93742988 74304066 145066267 51409952784 2764910948 151 39093308 2859183104
======================
   8      33 sdc1 57262266 14279 4325536632 93744604 74305371 145066310 51412611296 2765531912 150 39098312 2859805048
======================
   8      33 sdc1 57262276 14279 4325536712 93746304 74306687 145066349 51415269736 2766167168 158 39103320 2860441836
======================
   8      33 sdc1 57262287 14279 4325536800 93748004 74308033 145066374 51417934400 2766794476 137 39108320 2861070916
======================
   8      33 sdc1 57262298 14279 4325536888 93749784 74309340 145066405 51420599136 2767412256 140 39113324 2861693564
======================
   8      33 sdc1 57262308 14279 4325536968 93751120 74310901 145066435 51423259616 2768064228 122 39118324 2862345888
======================
   8      33 sdc1 57262319 14279 4325537056 93752716 74312207 145066473 51425914040 2768701060 109 39123328 2862984920
======================
   8      33 sdc1 57262331 14279 4325537152 93754544 74313522 145066509 51428580752 2769336188 152 39128332 2863620016
======================
   8      33 sdc1 57262341 14279 4325537232 93755996 74314834 145066549 51431235248 2769972700 146 39133332 2864255120
======================
   8      33 sdc1 57262352 14279 4325537320 93757540 74316144 145066587 51433895760 2770599864 158 39138336 2864890116
======================
   8      33 sdc1 57262359 14279 4325537376 93758664 74317084 145066628 51435778224 2771068804 0 39141872 2865322236
started
======================
   8      33 sdc1 57262517 14279 4325538634 93758924 74324619 145066629 51436275400 2771209976 157 39142928 2865464892
======================
   8      33 sdc1 57262517 14279 4325538634 93758924 74363908 145066631 51438942728 2771954296 133 39148148 2866211752
======================
   8      33 sdc1 57262517 14279 4325538634 93758924 74400155 145066633 51441420744 2772662116 143 39153096 2866917372
======================
   8      33 sdc1 57262517 14279 4325538634 93758924 74436568 145066634 51444005792 2773377144 129 39158096 2867632116
======================
   8      33 sdc1 57262517 14279 4325538634 93758924 74474027 145066644 51446600616 2774091484 139 39163100 2868348248
======================
   8      33 sdc1 57262517 14279 4325538634 93758924 74511680 145066653 51449183376 2774807364 148 39168100 2869062696
======================
   8      33 sdc1 57262517 14279 4325538634 93758924 74550844 145066654 51451761328 2775515396 154 39173100 2869770224
======================
   8      33 sdc1 57262517 14279 4325538634 93758924 74590341 145066655 51454362824 2776230616 158 39178144 2870485500
======================
   8      33 sdc1 57262517 14279 4325538634 93758924 74627932 145066657 51456942656 2776946464 136 39183144 2871202932
======================
   8      33 sdc1 57262517 14279 4325538634 93758924 74662992 145066660 51459469168 2777668320 151 39188144 2871923056
======================
   8      33 sdc1 57262517 14279 4325538634 93758924 74702306 145066662 51462023712 2778378792 137 39193148 2872634172
======================
   8      33 sdc1 57262517 14279 4325538634 93758924 74737698 145066672 51464546224 2779098908 140 39198152 2873354012
======================
   8      33 sdc1 57262517 14279 4325538634 93758924 74777464 145066672 51467139680 2779818068 142 39203160 2874073228
======================
   8      33 sdc1 57262517 14279 4325538634 93758924 74816819 145066673 51469723720 2780539284 153 39208168 2874794608
======================
   8      33 sdc1 57262517 14279 4325538634 93758924 74855963 145066674 51472304464 2781253788 154 39213172 2875509724
======================
   8      33 sdc1 57262517 14279 4325538634 93758924 74895236 145066675 51474884880 2781974100 147 39218180 2876229640
======================
   8      33 sdc1 57262517 14279 4325538634 93758924 74934518 145066676 51477460800 2782687008 131 39223180 2876941952
======================
   8      33 sdc1 57262517 14279 4325538634 93758924 74973667 145066677 51480040472 2783402600 148 39228184 2877657788
======================
   8      33 sdc1 57262517 14279 4325538634 93758924 75012959 145066678 51482615640 2784114036 133 39233188 2878369508
======================
   8      33 sdc1 57262517 14279 4325538634 93758924 75052102 145066679 51485191864 2784825064 133 39238188 2879080524
======================
   8      33 sdc1 57262517 14279 4325538634 93758924 75090875 145066680 51487774944 2785541736 131 39243196 2879797152
======================
   8      33 sdc1 57262517 14279 4325538634 93758924 75130582 145066681 51490351736 2786253428 130 39248196 2880508820
======================
   8      33 sdc1 57262517 14279 4325538634 93758924 75170605 145066682 51492929776 2786966644 133 39253196 2881222096
======================
   8      33 sdc1 57262517 14279 4325538634 93758924 75209608 145066683 51495508088 2787679268 136 39258200 2881934776
======================
   8      33 sdc1 57262517 14279 4325538634 93758924 75248244 145066684 51498089768 2788397688 141 39263200 2882653268
======================
   8      33 sdc1 57262517 14279 4325538634 93758924 75287420 145066685 51500672472 2789107820 142 39268200 2883362840
======================
   8      33 sdc1 57262517 14279 4325538634 93758924 75326785 145066686 51503249848 2789821748 139 39273200 2884076716
======================
   8      33 sdc1 57262517 14279 4325538634 93758924 75365364 145066687 51505833672 2790533388 129 39278204 2884788844
======================
   8      33 sdc1 57262517 14279 4325538634 93758924 75404539 145066688 51508412968 2791254024 142 39283208 2885509596
======================
   8      33 sdc1 57262517 14279 4325538634 93758924 75444045 145066689 51510989640 2791968064 152 39288208 2886223224
======================
   8      33 sdc1 57262517 14279 4325538634 93758924 75482473 145066690 51513569680 2792683552 149 39293208 2886938656
======================
   8      33 sdc1 57262517 14279 4325538634 93758924 75522660 145066691 51516150600 2793401296 139 39298212 2887656788
======================
   8      33 sdc1 57262517 14279 4325538634 93758924 75561866 145066692 51518733312 2794107412 158 39303212 2888362648
======================
   8      33 sdc1 57262517 14279 4325538634 93758924 75601558 145066693 51521311896 2794822312 148 39308212 2889077380
======================
   8      33 sdc1 57262517 14279 4325538634 93758924 75639983 145066694 51523887272 2795536036 129 39313216 2889791312
======================
   8      33 sdc1 57262517 14279 4325538634 93758924 75680181 145066695 51526466888 2796253772 147 39318216 2890508816
======================
   8      33 sdc1 57262517 14279 4325538634 93758924 75717847 145066696 51529054560 2796969400 135 39323220 2891224788
======================
   8      33 sdc1 57262517 14279 4325538634 93758924 75758011 145066697 51531637440 2797685604 133 39328220 2891940944
======================
   8      33 sdc1 57262517 14279 4325538634 93758924 75797126 145066698 51534218640 2798407356 129 39333220 2892662616
======================
   8      33 sdc1 57262517 14279 4325538634 93758924 75837162 145066699 51536789896 2799125524 139 39338224 2893380980
======================
   8      33 sdc1 57262517 14279 4325538634 93758924 75876521 145066700 51539372584 2799845980 149 39343228 2894102536
======================
   8      33 sdc1 57262517 14279 4325538634 93758924 75915202 145066701 51541953368 2800562636 140 39348228 2894817532
======================
   8      33 sdc1 57262517 14279 4325538634 93758924 75955407 145066701 51544539096 2801284484 154 39353232 2895539600
======================
   8      33 sdc1 57262517 14279 4325538634 93758924 75994227 145066702 51547120112 2801994984 152 39358232 2896250056
======================
   8      33 sdc1 57262517 14279 4325538634 93758924 76034360 145066703 51549698192 2802707316 129 39363232 2896962536
======================
   8      33 sdc1 57262517 14279 4325538634 93758924 76069563 145066705 51552269704 2803387872 128 39368236 2897676704
