======================
cpu  2068238 0 931068 141311705 2252871 0 8281 0 0 0
cpu0 53731 0 102218 2512934 359962 0 2608 0 0 0
cpu1 45608 0 91534 2558988 334350 0 2050 0 0 0
cpu2 43365 0 20648 2960217 29612 0 211 0 0 0
cpu3 44756 0 14938 2991497 4084 0 62 0 0 0
cpu4 41153 0 11934 2995392 6936 0 46 0 0 0
cpu5 42330 0 11852 3000967 321 0 4 0 0 0
cpu6 41979 0 11457 3000570 1464 0 5 0 0 0
cpu7 41303 0 11891 2999996 2261 0 4 0 0 0
cpu8 41762 0 12120 3001442 342 0 25 0 0 0
cpu9 41000 0 12793 2992591 8563 0 46 0 0 0
cpu10 42173 0 13225 2989665 9817 0 40 0 0 0
cpu11 46643 0 24686 2924120 56343 0 323 0 0 0
cpu12 48630 0 35896 2906792 60350 0 83 0 0 0
cpu13 44883 0 32327 2868430 107093 0 86 0 0 0
cpu14 44610 0 35765 2862717 109439 0 184 0 0 0
cpu15 42294 0 26866 2840192 139870 0 662 0 0 0
cpu16 42710 0 29866 2863071 115152 0 426 0 0 0
cpu17 42103 0 30951 2884553 96098 0 107 0 0 0
cpu18 43229 0 27430 2882746 99699 0 171 0 0 0
cpu19 44056 0 26389 2886811 96305 0 83 0 0 0
cpu20 42122 0 25857 2890083 95482 0 91 0 0 0
cpu21 43376 0 18971 2897716 93416 0 68 0 0 0
cpu22 43646 0 26538 2905026 75529 0 353 0 0 0
cpu23 43944 0 30894 2869337 108175 0 152 0 0 0
cpu24 41800 0 8341 3005378 6 0 1 0 0 0
cpu25 42266 0 9431 3003665 157 0 0 0 0 0
cpu26 42552 0 9700 3003239 26 0 0 0 0 0
cpu27 43368 0 8420 3003728 14 0 2 0 0 0
cpu28 43210 0 8916 3003401 4 0 0 0 0 0
cpu29 42451 0 8706 3004321 3 0 0 0 0 0
cpu30 42082 0 8813 3004632 1 0 0 0 0 0
cpu31 41733 0 8286 3005523 2 0 0 0 0 0
cpu32 40654 0 8601 3006435 2 0 0 0 0 0
cpu33 43394 0 8898 3003218 4 0 0 0 0 0
cpu34 41307 0 8490 3005732 1 0 0 0 0 0
cpu35 42307 0 8725 3004475 12 0 0 0 0 0
cpu36 41761 0 8846 2967010 37775 0 3 0 0 0
cpu37 43462 0 11001 2993218 7469 0 45 0 0 0
cpu38 42402 0 12502 2977207 22870 0 55 0 0 0
cpu39 42244 0 10768 2988269 14187 0 0 0 0 0
cpu40 42330 0 11659 2972893 28131 0 59 0 0 0
cpu41 42470 0 10696 2986444 15446 0 53 0 0 0
cpu42 43962 0 10567 2969234 31309 0 55 0 0 0
cpu43 41386 0 9893 2989648 14562 0 2 0 0 0
cpu44 42351 0 11961 3000827 361 0 4 0 0 0
cpu45 42620 0 14018 2973413 25090 0 28 0 0 0
cpu46 42602 0 14513 2978172 19717 0 42 0 0 0
cpu47 42100 0 12253 2975746 25044 0 26 0 0 0
intr 47891877 116 0 0 0 0 0 0 0 1 7 0 0 0 0 0 0 0 0 56 49 0 0 0 0 0 0 0 0 0 0 0 0 0 0 0 0 0 0 0 0 0 0 0 0 0 0 0 0 0 0 0 0 167651 0 0 0 0 0 0 0 0 0 1759 24140610 0 1 216179 27555 19914 37043 42488 29640 0 0 64355 30705 0 0 0 0 0 0 0 0 0 0 0 0 0 0 0 0 0 0 0 0 0 0 0 0 0 0 0 0 0 0 0 0 0 0 0 0 0 0 0 0 0 0 0 0 0 0 0 0 0 0 0 0 0 0 0 0 0 0 0 0 0 0 0 0 0 0 0 0 0 0 0 0 0 0 0 0 0 0 0 0 0 0 0 0 0 0 0 0 0 0 0 0 0 0 0 0 0 0 0 0 0 0 0 2 0 2 2 2 2 2 2 2 0 2 0 2 2 2 2 2 2 2 0 0 0 0 0 0 0 0 0 0 0 0 0 0 0 0 0 0 0 0 0 0 0 0 0 0 0 0 0 0 0 0 0 0 0 0 0 0 0 0 0 0 0 0 0 0 0 0 0 0 0 0 0 0 0 0 0 0 0 0 0 0 0 0 0 0 0 0 0 0 0 0 0 0 0 0 0 0 0 0 0 0 0 0 0 0 0 0 0 0 0 0 0 0 0 0 0 0 0 0 0 0 0 0 0 0 0 0 0 0 0 0 0 0 0 0 0 0 0 0 0 0 0 0 0 0 0 0 0 0 0 0 0 0 0 0 0 0 0 0 0 0 0 0 0 0 0 0 0 0 0 0 0 0 0 0 0 0 0 0 0 0 0 0 0 0 0 0 0 0 0 0 0 0 0 0 0 0 0 0 0 0 0 0 0 0 0 0 0 0 0 0 0 0 0 0 0 0 0 0 0 0 0 0 0 0 0 0 0 0 0 0 0 0 0 0 0 0 0 0 0 0 0 0 0 0 0 0 0 0 0 0 0 0 0 0 0 0 0 0 0 0 0 0 0 0 0 0 0 0 0 0 0 0 0 0 0 0 0 0 0 0 0 0 0 0 0 0 0 0 0 0 0 0 0 0 0 0 0 0 0 0 0 0 0 0 0 0 0 0 0 0 0 0 0 0 0 0 0 0 0 0 0 0 0 0 0 0 0 0 0 0 0 0 0 0 0 0 0 0 0 0 0 0 0 0 0 0 0 0 0 0 0 0 0 0 0 0 0 0 0 0 0 0 0 0 0 0 0 0 0 0 0 0 0 0 0 0 0 0 0 0 0 0 0 0 0 0 0 0 0 0 0 0 0 0 0 0 0 0 0 0 0 0 0 0 0 0 0 0 0 0 0 0 0 0 0 0 0 0 0 0 0 0 0 0 0 0 0 0 0 0 0 0 0 0 0 0 0 0 0 0 0 0 0 0 0 0 0 0 0 0 0 0 0 0 0 0 0 0 0 0 0 0 0 0 0 0 0 0 0 0 0 0 0 0 0 0 0 0 0 0 0 0 0 0 0 0 0 0 0 0 0 0 0 0 0 0 0 0 0 0 0 0 0 0 0 0 0 0 0 0 0 0 0 0 0 0 0 0 0 0 0 0 0 0 0 0 0 0 0 0 0 0 0 0 0 0 0 0 0 0 0 0 0 0 0 0 0 0 0 0 0 0 0 0 0 0 0 0 0 0 0 0 0 0 0 0 0 0 0 0 0 0 0 0 0 0 0 0 0 0 0 0 0 0 0 0 0 0 0 0 0 0 0 0 0 0 0 0 0 0 0 0 0 0 0 0 0 0 0 0 0 0 0 0 0 0 0 0 0 0 0 0 0 0 0 0 0 0 0 0 0 0 0 0 0 0 0 0 0 0 0 0 0 0 0 0 0 0 0 0 0 0 0 0 0 0 0 0 0 0 0 0 0 0 0 0 0 0 0 0 0 0 0 0 0 0 0 0 0 0 0 0 0 0 0 0 0 0 0 0 0 0 0 0 0 0 0 0 0 0 0 0 0 0 0 0 0 0 0 0 0 0 0 0 0 0 0 0 0 0 0 0 0 0 0 0 0 0 0 0 0 0 0 0 0 0 0 0 0 0 0 0 0 0 0 0 0 0 0 0 0 0 0 0 0 0 0 0 0 0 0 0 0 0 0 0 0 0 0 0 0 0 0 0 0 0 0 0 0 0 0 0 0 0 0 0 0 0 0 0 0 0 0 0 0 0 0 0 0 0 0 0 0 0 0 0 0 0 0 0 0 0 0 0 0 0 0 0 0 0 0 0 0 0 0 0 0 0 0 0 0 0 0 0 0 0 0 0 0 0 0 0 0 0 0 0 0 0 0 0 0 0 0 0 0 0 0 0 0 0 0 0 0 0 0 0 0 0 0 0 0 0 0 0 0 0 0 0 0 0 0 0 0 0 0 0 0 0 0 0 0 0 0 0 0 0 0 0 0 0 0 0 0 0 0 0 0 0 0 0 0 0 0 0 0 0 0 0 0 0 0 0 0 0 0 0 0 0 0 0 0 0 0 0 0 0 0 0 0 0 0 0 0 0 0 0 0 0 0 0 0 0 0 0 0 0 0 0 0 0 0 0 0 0 0 0 0 0 0 0 0 0 0 0 0 0 0 0 0 0 0 0 0 0 0 0 0 0 0 0 0 0 0 0 0 0 0 0 0 0 0 0 0 0 0 0 0 0 0 0 0 0 0 0 0 0 0 0 0 0 0 0 0 0 0 0 0 0 0 0 0 0 0 0 0 0 0 0 0 0 0 0 0 0 0 0 0 0 0 0 0 0 0 0 0 0 0 0 0 0 0 0 0 0 0 0 0 0 0 0 0 0 0 0 0 0 0 0 0 0 0 0 0 0 0 0 0 0 0 0 0 0 0 0 0 0 0 0 0 0 0 0 0 0 0 0 0 0 0 0 0 0 0 0 0 0 0 0 0 0 0 0 0 0 0 0 0 0 0 0 0 0 0 0 0 0 0 0 0 0 0 0 0 0 0 0 0 0 0 0 0 0 0 0 0 0 0 0 0 0 0 0 0 0 0 0 0 0 0 0 0 0 0 0 0 0 0 0 0 0 0 0 0 0 0 0 0 0 0 0 0 0 0 0 0 0 0 0 0 0 0 0 0 0 0 0 0 0 0 0 0 0 0 0 0 0 0 0 0 0 0 0 0 0 0 0 0 0 0 0 0 0 0 0 0 0 0 0 0 0 0 0 0 0 0 0 0 0 0 0 0 0 0 0 0 0 0 0 0 0 0 0 0 0 0 0 0 0 0 0 0 0 0 0 0 0 0 0 0 0 0 0 0 0 0 0 0 0 0 0 0 0 0 0 0 0 0 0 0 0 0 0 0 0 0 0 0 0 0 0 0 0 0 0 0 0 0 0 0 0 0 0 0 0 0 0 0 0 0 0 0 0 0 0 0 0 0 0 0 0 0 0 0 0 0 0 0 0 0 0 0 0 0 0 0 0 0 0 0 0 0 0 0 0 0 0 0 0 0 0 0 0 0 0 0 0 0 0 0 0 0 0 0 0 0 0 0 0 0 0 0 0 0 0 0 0 0 0 0 0 0 0 0 0 0 0 0 0 0 0 0 0 0 0 0 0 0 0 0 0 0 0 0 0 0 0 0 0 0 0 0 0 0 0 0 0 0 0 0 0 0 0 0 0
ctxt 48565921
btime 1494099034
processes 84095
procs_running 2
procs_blocked 0
softirq 48492586 5 10221974 6146 467748 24301620 0 2217 3656311 0 9836565
