======================
   8      33 sdc1 61189000 37012 5332440554 134708416 95073440 168839548 66799145880 3688261780 0 47925528 3823480088
======================
   8      33 sdc1 61189017 37012 5332440690 134709960 95074525 168839548 66801367960 3688781572 147 47929760 3824040896
======================
   8      33 sdc1 61189028 37012 5332440778 134711736 95075814 168839593 66803975552 3689412324 148 47934760 3824671244
======================
   8      33 sdc1 61189038 37012 5332440858 134713176 95077094 168839615 66806589008 3690050844 151 47939760 3825307816
======================
   8      33 sdc1 61189049 37012 5332440946 134715032 95078348 168839637 66809149216 3690666588 156 47944760 3825927084
======================
   8      33 sdc1 61189060 37012 5332441034 134716788 95079624 168839660 66811756528 3691289836 156 47949764 3826550588
======================
   8      33 sdc1 61189070 37012 5332441114 134718352 95080913 168839682 66814388416 3691922224 156 47954764 3827187904
======================
   8      33 sdc1 61189081 37012 5332441202 134720008 95082213 168839704 66817042832 3692551224 150 47959768 3827818648
======================
   8      33 sdc1 61189092 37012 5332441290 134721588 95083512 168839727 66819697248 3693185020 137 47964768 3828453212
======================
   8      33 sdc1 61189102 37012 5332441370 134723164 95084851 168839751 66822347584 3693822832 121 47969768 3829090856
======================
   8      33 sdc1 61189113 37012 5332441458 134724992 95086164 168839773 66825028624 3694442232 92 47974824 3829711720
======================
   8      33 sdc1 61189125 37012 5332441554 134726904 95087473 168839796 66827683040 3695056696 138 47979824 3830328604
======================
   8      33 sdc1 61189136 37012 5332441642 134728416 95088773 168839818 66830337456 3695685316 156 47984828 3830948584
======================
   8      33 sdc1 61189146 37012 5332441722 134730124 95090076 168839844 66832996000 3696309952 152 47989828 3831586100
======================
   8      33 sdc1 61189157 37012 5332441810 134731956 95091371 168839868 66835642224 3696914268 132 47994832 3832188352
======================
   8      33 sdc1 61189168 37012 5332441898 134733532 95092669 168839893 66838292544 3697549140 134 47999832 3832820328
======================
   8      33 sdc1 61189178 37012 5332441978 134735008 95093967 168839916 66840942864 3698179228 122 48004836 3833461516
======================
   8      33 sdc1 61189190 37012 5332442074 134736652 95095264 168839941 66843593184 3698810836 154 48009836 3834094896
======================
   8      33 sdc1 61189201 37012 5332442162 134738312 95096561 168839965 66846239424 3699450708 150 48014840 3834729612
======================
   8      33 sdc1 61189211 37012 5332442242 134739940 95097900 168839989 66848891792 3700075220 143 48019840 3835359864
======================
   8      33 sdc1 61189222 37012 5332442330 134741784 95099200 168840013 66851546208 3700700720 152 48024844 3835988932
======================
   8      33 sdc1 61189233 37012 5332442418 134743276 95100764 168840037 66854208816 3701320408 133 48029848 3836610676
======================
   8      33 sdc1 61189243 37012 5332442498 134744912 95102069 168840062 66856871440 3701960916 128 48034848 3837248812
======================
   8      33 sdc1 61189254 37012 5332442586 134746600 95103373 168840090 66859534048 3702583052 125 48039852 3837874724
======================
   8      33 sdc1 61189265 37012 5332442674 134748288 95104676 168840121 66862196656 3703196072 105 48044852 3838490048
======================
   8      33 sdc1 61189276 37012 5332442762 134749916 95105983 168840149 66864863376 3703832384 144 48049856 3839126776
======================
   8      33 sdc1 61189286 37012 5332442842 134751616 95107287 168840176 66867523952 3704461008 135 48054860 3839756532
======================
   8      33 sdc1 61189297 37012 5332442930 134753424 95108593 168840206 66870188608 3705072592 130 48059860 3840372232
======================
   8      33 sdc1 61189307 37012 5332443010 134755124 95109900 168840235 66872857224 3705706436 139 48064864 3841007800
======================
   8      33 sdc1 61189318 37012 5332443098 134756940 95111204 168840276 66875513840 3706325176 131 48069864 3841625024
======================
   8      33 sdc1 61189330 37012 5332443194 134758576 95112551 168840304 66878176448 3706963064 157 48074868 3842268112
======================
   8      33 sdc1 61189340 37012 5332443274 134760072 95113856 168840329 66880841112 3707602172 140 48079872 3842908852
======================
   8      33 sdc1 61189351 37012 5332443362 134761672 95115417 168840356 66883499624 3708241524 140 48084868 3843545488
======================
   8      33 sdc1 61189362 37012 5332443450 134763448 95116725 168840382 66886162232 3708849968 137 48089872 3844158796
======================
   8      33 sdc1 61189372 37012 5332443530 134765120 95118033 168840415 66888828936 3709463708 142 48094872 3844775288
======================
   8      33 sdc1 61189383 37012 5332443618 134766944 95119338 168840453 66891487472 3710089640 125 48099876 3845400092
======================
   8      33 sdc1 61189395 37012 5332443714 134768868 95120648 168840487 66894152152 3710725396 155 48104876 3846038352
======================
   8      33 sdc1 61189405 37012 5332443794 134770076 95121951 168840526 66896810584 3711372192 132 48109880 3846689564
======================
   8      33 sdc1 61189416 37012 5332443882 134771396 95123256 168840567 66899471152 3712022772 146 48114884 3847341780
======================
   8      33 sdc1 61189427 37012 5332443970 134773088 95124568 168840604 66902133768 3712641864 139 48119884 3847960692
======================
   8      33 sdc1 61189437 37012 5332444050 134774548 95125885 168840646 66904794328 3713281584 137 48124888 3848603684
======================
   8      33 sdc1 61189448 37012 5332444138 134776232 95127225 168840680 66907448752 3713919284 131 48129888 3849240988
======================
   8      33 sdc1 61189459 37012 5332444226 134777896 95128531 168840710 66910109320 3714542496 123 48134892 3849865768
======================
   8      33 sdc1 61189469 37012 5332444306 134779396 95130095 168840737 66912767832 3715194580 104 48139896 3850518280
======================
   8      33 sdc1 61189480 37012 5332444394 134780968 95131401 168840760 66915426344 3715820060 85 48144896 3851143076
======================
   8      33 sdc1 61189492 37012 5332444490 134782868 95132713 168840807 66918086912 3716446484 152 48149900 3851775584
======================
   8      33 sdc1 61189503 37012 5332444578 134784428 95134024 168840851 66920745464 3717087728 147 48154904 3852407664
======================
   8      33 sdc1 61189513 37012 5332444658 134785896 95135334 168840882 66923403896 3717710840 157 48159904 3853044308
======================
   8      33 sdc1 61189519 37012 5332444706 134786788 95136119 168840931 66924985352 3718105460 0 48162864 3853402076
started
======================
   8      33 sdc1 61189677 37012 5332445964 134787292 95136130 168840932 66924985448 3718105512 0 48162964 3853402632
======================
   8      33 sdc1 61189677 37012 5332445964 134787292 95273007 168840934 66926113616 3718500768 130 48165764 3853798132
======================
   8      33 sdc1 61189677 37012 5332445964 134787292 95504977 168840935 66928050424 3719177644 128 48170536 3854474704
======================
   8      33 sdc1 61189677 37012 5332445964 134787292 95745029 168840936 66930080488 3719886872 155 48175540 3855187332
======================
   8      33 sdc1 61189677 37012 5332445964 134787292 95902918 168840937 66931398408 3720350748 129 48178808 3855648344
======================
   8      33 sdc1 61189677 37012 5332445964 134787292 96145325 168840938 66933432600 3721060404 131 48183812 3856361404
======================
   8      33 sdc1 61189677 37012 5332445964 134787292 96371998 168840939 66935341464 3721733016 130 48188516 3857030820
======================
   8      33 sdc1 61189677 37012 5332445964 134787292 96613764 168840941 66937377184 3722444588 157 48193516 3857744824
======================
   8      33 sdc1 61189677 37012 5332445964 134787292 96718748 168840942 66938248504 3722754800 0 48195684 3858052292
======================
   8      33 sdc1 61189677 37012 5332445964 134787292 96959927 168840944 66940258600 3723460468 133 48200664 3858760572
======================
   8      33 sdc1 61189677 37012 5332445964 134787292 97085917 168840945 66941295976 3723830288 0 48203248 3859127728
======================
   8      33 sdc1 61189677 37012 5332445964 134787292 97311790 168840946 66943183816 3724491772 140 48207920 3859791192
======================
   8      33 sdc1 61189677 37012 5332445964 134787292 97452987 168840948 66944343448 3724904724 0 48210808 3860202068
======================
   8      33 sdc1 61189677 37012 5332445964 134787292 97638644 168840951 66945899216 3725450080 120 48214660 3860747400
======================
   8      33 sdc1 61189677 37012 5332445964 134787292 97868166 168840953 66947811280 3726117128 137 48219384 3861415360
======================
   8      33 sdc1 61189677 37012 5332445964 134787292 98108453 168840954 66949838352 3726828492 144 48224384 3862127768
======================
   8      33 sdc1 61189677 37012 5332445964 134787292 98249721 168840955 66951018824 3727253256 144 48227344 3862551320
======================
   8      33 sdc1 61189677 37012 5332445964 134787292 98492134 168840957 66953053272 3727964308 129 48232344 3863263424
======================
   8      33 sdc1 61189677 37012 5332445964 134787292 98733031 168840958 66955085224 3728677116 137 48237348 3863976160
======================
   8      33 sdc1 61189677 37012 5332445964 134787292 98957221 168840960 66956977640 3729339596 136 48242008 3864637844
======================
   8      33 sdc1 61189677 37012 5332445964 134787292 99190189 168840961 66958932632 3730014672 142 48246804 3865313140
======================
   8      33 sdc1 61189677 37012 5332445964 134787292 99433983 168840962 66960949296 3730731584 155 48251804 3866029592
======================
   8      33 sdc1 61189677 37012 5332445964 134787292 99515532 168840963 66961612424 3730966240 0 48253460 3866263812
======================
   8      33 sdc1 61189677 37012 5332445964 134787292 99707411 168840963 66963198856 3731522120 149 48257388 3866820016
======================
   8      33 sdc1 61189677 37012 5332445964 134787292 99883276 168840965 66964659872 3732037208 0 48261000 3867334752
======================
   8      33 sdc1 61189677 37012 5332445964 134787292 100088690 168840966 66966398648 3732642568 144 48265272 3867940068
======================
   8      33 sdc1 61189677 37012 5332445964 134787292 100330946 168840968 66968433440 3733348652 130 48270276 3868651136
======================
   8      33 sdc1 61189677 37012 5332445964 134787292 100560461 168840969 66970365744 3734030364 141 48275068 3869328340
======================
   8      33 sdc1 61189677 37012 5332445964 134787292 100800935 168840972 66972385024 3734741972 0 48280048 3870039912
======================
   8      33 sdc1 61189677 37012 5332445964 134787292 100963017 168840973 66973742504 3735214356 146 48283392 3870512340
======================
   8      33 sdc1 61189677 37012 5332445964 134787292 101204928 168840975 66975773480 3735924568 135 48288396 3871222728
======================
   8      33 sdc1 61189677 37012 5332445964 134787292 101439160 168840977 66977744664 3736613216 142 48293248 3871911052
======================
   8      33 sdc1 61189677 37012 5332445964 134787292 101679578 168840978 66979767176 3737327424 153 48298252 3872628816
======================
   8      33 sdc1 61189677 37012 5332445964 134787292 101805242 168840979 66980816904 3737701276 130 48300868 3872999164
======================
   8      33 sdc1 61189677 37012 5332445964 134787292 102048261 168840980 66982848120 3738410292 150 48305872 3873711232
======================
   8      33 sdc1 61189677 37012 5332445964 134787292 102188525 168840981 66984017528 3738823820 128 48308772 3874121752
======================
   8      33 sdc1 61189677 37012 5332445964 134787292 102430739 168840982 66986051000 3739529932 139 48313772 3874830176
======================
   8      33 sdc1 61189677 37012 5332445964 134787292 102600521 168840983 66987464752 3740032864 129 48317300 3875332972
======================
   8      33 sdc1 61189677 37012 5332445964 134787292 102817745 168840985 66989252592 3740672260 0 48321784 3875969808
======================
   8      33 sdc1 61189677 37012 5332445964 134787292 102861232 168840986 66989612288 3740798860 150 48322688 3876096624
======================
   8      33 sdc1 61189677 37012 5332445964 134787292 103105456 168840988 66991636968 3741506976 150 48327688 3876806336
======================
   8      33 sdc1 61189677 37012 5332445964 134787292 103264570 168840989 66992967608 3741975064 157 48330988 3877272832
======================
   8      33 sdc1 61189677 37012 5332445964 134787292 103504216 168840990 66994994032 3742689940 138 48335988 3877988976
======================
   8      33 sdc1 61189677 37012 5332445964 134787292 103693647 168840991 66996573712 3743246996 149 48339908 3878546744
======================
   8      33 sdc1 61189677 37012 5332445964 134787292 103913052 168840992 66998395008 3743892828 0 48344432 3879190804
======================
   8      33 sdc1 61189677 37012 5332445964 134787292 104003737 168840993 66999148608 3744157932 142 48346304 3879457428
======================
   8      33 sdc1 61189677 37012 5332445964 134787292 104246160 168840994 67001171840 3744872332 149 48351308 3880170856
======================
   8      33 sdc1 61189677 37012 5332445964 134787292 104486665 168840996 67003203584 3745579232 144 48356304 3880878024
======================
   8      33 sdc1 61189677 37012 5332445964 134787292 104726820 168840999 67005244592 3746293436 157 48361300 3881592672
======================
   8      33 sdc1 61189677 37012 5332445964 134787292 104966589 168841001 67007262848 3746996052 154 48366280 3882295672
======================
   8      33 sdc1 61189677 37012 5332445964 134787292 105147583 168841002 67008774416 3747528200 0 48370012 3882826564
======================
   8      33 sdc1 61189677 37012 5332445964 134787292 105316354 168841003 67010189832 3748023904 142 48373520 3883322696
======================
   8      33 sdc1 61189677 37012 5332445964 134787292 105513389 168841004 67011821888 3748602952 0 48377580 3883901244
======================
   8      33 sdc1 61189677 37012 5332445964 134787292 105664262 168841006 67013083056 3749042372 145 48380692 3884340804
======================
   8      33 sdc1 61189677 37012 5332445964 134787292 105879005 168841008 67014869360 3749669352 0 48385112 3884967572
======================
   8      33 sdc1 61189677 37012 5332445964 134787292 106068730 168841008 67016456664 3750227140 132 48389044 3885526256
======================
   8      33 sdc1 61189677 37012 5332445964 134787292 106244107 168841010 67017916808 3750744904 0 48392672 3886043580
======================
   8      33 sdc1 61189677 37012 5332445964 134787292 106446110 168841012 67019610344 3751336688 138 48396844 3886635340
======================
   8      33 sdc1 61189677 37012 5332445964 134787292 106687447 168841014 67021639352 3752044880 137 48401848 3887343800
======================
   8      33 sdc1 61189677 37012 5332445964 134787292 106913609 168841015 67023541232 3752708132 142 48406540 3888006696
======================
   8      33 sdc1 61189677 37012 5332445964 134787292 107155361 168841016 67025569088 3753422860 131 48411544 3888721772
======================
   8      33 sdc1 61189677 37012 5332445964 134787292 107314445 168841017 67026901512 3753886936 156 48414832 3889185440
======================
   8      33 sdc1 61189677 37012 5332445964 134787292 107528665 168841018 67028689432 3754515428 0 48419252 3889813904
======================
   8      33 sdc1 61189677 37012 5332445964 134787292 107717841 168841019 67030264544 3755067840 129 48423148 3890369680
======================
   8      33 sdc1 61189677 37012 5332445964 134787292 107895602 168841020 67031728712 3755588168 0 48426800 3890886620
======================
   8      33 sdc1 61189677 37012 5332445964 134787292 108007201 168841021 67032654648 3755911288 136 48429096 3891209704
======================
   8      33 sdc1 61189677 37012 5332445964 134787292 108248935 168841022 67034654704 3756611900 151 48434076 3891910624
======================
   8      33 sdc1 61189677 37012 5332445964 134787292 108382541 168841023 67035773792 3757002588 154 48436844 3892301016
======================
   8      33 sdc1 61189677 37012 5332445964 134787292 108625739 168841024 67037803480 3757712044 154 48441848 3893014416
======================
   8      33 sdc1 61189677 37012 5332445964 134787292 108768181 168841025 67038994704 3758130268 129 48444804 3893429412
======================
   8      33 sdc1 61189677 37012 5332445964 134787292 108990853 168841026 67040862936 3758786772 0 48449416 3894085612
======================
   8      33 sdc1 61189677 37012 5332445964 134787292 109171523 168841027 67042365344 3759316232 137 48453172 3894618124
======================
   8      33 sdc1 61189677 37012 5332445964 134787292 109359151 168841028 67043910408 3759869500 0 48457036 3895168240
======================
   8      33 sdc1 61189677 37012 5332445964 134787292 109451050 168841029 67044672632 3760135296 150 48458924 3895434248
