======================
   8      17 sdb1 1983386 0 503453978 2022056 2248839 111236218 3665318712 627185492 0 4882080 629209132
======================
   8      17 sdb1 1983389 0 503454002 2022056 2248839 111236218 3665318712 627185492 0 4882080 629209132
======================
   8      17 sdb1 1983389 0 503454002 2022056 2248842 111236227 3665318808 627185504 0 4882092 629209144
======================
   8      17 sdb1 1983389 0 503454002 2022056 2248844 111236228 3665318832 627185520 0 4882108 629209160
======================
   8      17 sdb1 1983389 0 503454002 2022056 2248846 111236229 3665318856 627185528 0 4882116 629209168
======================
   8      17 sdb1 1983389 0 503454002 2022056 2248848 111236230 3665318880 627185540 0 4882128 629209180
======================
   8      17 sdb1 1983389 0 503454002 2022056 2248850 111236231 3665318904 627185552 0 4882140 629209192
======================
   8      17 sdb1 1983410 0 503454170 2023624 2250982 111236234 3669605456 627703344 135 4886304 629747136
======================
   8      17 sdb1 1983431 0 503454338 2025352 2253497 111236257 3674752280 628346796 155 4891312 630393132
======================
   8      17 sdb1 1983448 0 503454474 2027104 2255618 111236281 3679092200 628976620 124 4896316 631027280
======================
   8      17 sdb1 1983465 0 503454610 2028996 2257601 111236302 3683149472 629602892 137 4901324 631655368
======================
   8      17 sdb1 1983481 0 503454738 2030680 2259591 111236321 3687221064 630234524 115 4906328 632288752
======================
   8      17 sdb1 1983498 0 503454874 2032576 2261582 111236341 3691292664 630870800 143 4911336 632927644
======================
   8      17 sdb1 1983514 0 503455002 2034360 2263571 111236361 3695362216 631508428 108 4916340 633568392
======================
   8      17 sdb1 1983531 0 503455138 2036172 2265554 111236380 3699419472 632131556 145 4921344 634190964
======================
   8      17 sdb1 1983547 0 503455266 2037960 2267540 111236401 3703482888 632763980 103 4926348 634826568
======================
   8      17 sdb1 1983564 0 503455402 2039864 2269524 111236421 3707542200 633402816 152 4931352 635468636
======================
   8      17 sdb1 1983580 0 503455530 2041572 2271510 111236440 3711607648 634038032 105 4936356 636104380
======================
   8      17 sdb1 1983597 0 503455666 2043460 2273493 111236460 3715662864 634666036 155 4941364 636734960
======================
   8      17 sdb1 1983613 0 503455794 2045256 2275474 111236480 3719716032 635312888 113 4946368 637383620
======================
   8      17 sdb1 1983630 0 503455930 2047160 2277461 111236500 3723781488 635956528 128 4951376 638029176
======================
   8      17 sdb1 1983646 0 503456058 2048868 2279445 111236519 3727840792 636581024 106 4956384 638655024
======================
   8      17 sdb1 1983664 0 503456202 2050904 2281428 111236540 3731898064 637211328 145 4961388 639281100
======================
   8      17 sdb1 1983680 0 503456330 2052692 2283415 111236560 3735963520 637853200 108 4966396 639923476
======================
   8      17 sdb1 1983697 0 503456466 2054528 2285398 111236579 3740020776 638482724 142 4971400 640562760
======================
   8      17 sdb1 1983713 0 503456594 2056324 2287377 111236599 3744069848 639126196 118 4976404 641207868
======================
   8      17 sdb1 1983730 0 503456730 2058152 2289356 111236618 3748118912 639766220 142 4981412 641848660
======================
   8      17 sdb1 1983746 0 503456858 2059944 2291336 111236638 3752170032 640404868 123 4986416 642489128
======================
   8      17 sdb1 1983763 0 503456994 2061828 2293313 111236658 3756215008 641046856 139 4991420 643135308
======================
   8      17 sdb1 1983779 0 503457122 2063536 2295292 111236678 3760264080 641688604 131 4996424 643777440
======================
   8      17 sdb1 1983796 0 503457258 2065424 2297273 111236699 3764317256 642325248 137 5001428 644414792
======================
   8      17 sdb1 1983812 0 503457386 2067208 2299257 111236718 3768376560 642969748 138 5006432 645062348
======================
   8      17 sdb1 1983829 0 503457522 2069088 2301241 111236737 3772435864 643603424 141 5011436 645696084
======================
   8      17 sdb1 1983845 0 503457650 2070868 2303225 111236756 3776495168 644250332 142 5016440 646347388
======================
   8      17 sdb1 1983862 0 503457786 2072772 2305212 111236775 3780560616 644888256 142 5021444 646984308
======================
   8      17 sdb1 1983878 0 503457914 2074552 2307192 111236794 3784611728 645531504 130 5026452 647631996
======================
   8      17 sdb1 1983895 0 503458050 2076428 2309172 111236813 3788662840 646165208 154 5031456 648265500
======================
   8      17 sdb1 1983904 0 503458122 2077432 2310433 111237291 3791157392 646563544 0 5034568 648642508
started
======================
   8      17 sdb1 1983999 0 503458876 2077436 2310468 111237291 3791157672 646563640 0 5034668 648642608
======================
   8      17 sdb1 2001120 0 507831268 2084832 2310468 111237291 3791157672 646563640 2 5038868 648649992
======================
   8      17 sdb1 2021485 0 513043940 2093372 2310471 111237293 3791157712 646564332 1 5043872 648659220
======================
   8      17 sdb1 2041834 0 518253028 2101928 2310471 111237293 3791157712 646564332 2 5048876 648667764
======================
   8      17 sdb1 2062276 0 523485668 2110460 2310471 111237293 3791157712 646564332 1 5053880 648676284
======================
   8      17 sdb1 2082757 0 528728548 2118984 2310471 111237293 3791157712 646564332 2 5058888 648684804
======================
   8      17 sdb1 2103215 0 533965540 2127508 2310471 111237293 3791157712 646564332 2 5063892 648693312
======================
   8      17 sdb1 2123690 0 539206372 2136044 2310471 111237293 3791157712 646564332 2 5068896 648701828
======================
   8      17 sdb1 2144163 0 544447204 2144636 2310471 111237293 3791157712 646564332 2 5073900 648710400
======================
   8      17 sdb1 2164607 0 549680612 2153276 2310473 111237293 3791157728 646564332 2 5078904 648719036
======================
   8      17 sdb1 2185099 0 554926052 2161784 2310473 111237293 3791157728 646564332 1 5083908 648727540
======================
   8      17 sdb1 2205549 0 560160996 2170240 2310473 111237293 3791157728 646564332 2 5088912 648735980
======================
   8      17 sdb1 2226012 0 565399012 2178744 2310473 111237293 3791157728 646564332 1 5093916 648744476
======================
   8      17 sdb1 2246498 0 570642916 2187244 2310473 111237293 3791157728 646564332 2 5098924 648752964
======================
   8      17 sdb1 2266943 0 575876580 2195720 2310473 111237293 3791157728 646564332 1 5103928 648761428
======================
   8      17 sdb1 2287430 0 581120996 2204172 2310473 111237293 3791157728 646564332 2 5108932 648769872
======================
   8      17 sdb1 2307880 0 586355684 2212700 2310473 111237293 3791157728 646564332 2 5113936 648778392
======================
   8      17 sdb1 2328350 0 591595492 2221216 2310473 111237293 3791157728 646564332 2 5118940 648786900
======================
   8      17 sdb1 2348795 0 596828908 2229740 2310473 111237293 3791157728 646564332 2 5123948 648795416
======================
   8      17 sdb1 2369237 0 602061292 2238256 2310473 111237293 3791157728 646564332 2 5128952 648803928
======================
   8      17 sdb1 2389709 0 607301868 2246736 2310473 111237293 3791157728 646564332 2 5133956 648812404
======================
   8      17 sdb1 2410139 0 612531692 2255288 2310473 111237293 3791157728 646564332 2 5138956 648820952
======================
   8      17 sdb1 2430606 0 617770732 2263832 2310473 111237293 3791157728 646564332 2 5143956 648829488
======================
   8      17 sdb1 2451048 0 623003628 2272388 2310473 111237293 3791157728 646564332 2 5148956 648838040
======================
   8      17 sdb1 2471524 0 628245228 2280956 2310473 111237293 3791157728 646564332 2 5153960 648846604
