8720.483
8846.811
8969.519
8973.514
9054.817
9077.608
9116.982
9186.012
9278.571
9287.090
9355.414
9362.477
9432.449
9472.242
9545.048
9607.941
9645.367
9715.967
9754.431
9865.136
9853.548
9963.636
10042.737
10082.339
10142.602
10164.230
10181.293
10247.105
10387.195
10406.004
10467.996
10559.338
10575.945
10658.145
10750.181
10773.765
10851.574
10915.260
10995.553
11049.192
11080.796
11189.425
11239.713
11312.846
11270.767
11328.097
11317.773
11290.728
11262.861
11270.428
11241.321
11317.415
11211.322
11254.163
11269.523
11224.694
11190.238
11253.559
11222.299
11207.717
11247.518
11227.218
11237.148
11263.354
11210.610
11278.485
11262.407
11211.473
11231.287
11212.757
11174.367
11170.176
11221.091
11176.987
11145.006
11238.709
11180.865
11222.121
11258.498
11197.072
11190.999
11167.023
11162.918
11189.632
11151.177
11208.108
11182.893
11207.817
11207.388
11176.386
11217.709
11193.002
11197.423
11238.092
11264.234
11228.807
11228.730
11207.000
11171.232
11233.465
11254.610
11241.907
11270.249
11237.450
11278.428
11267.727
11346.579
11296.186
11298.557
11296.518
11263.000
11212.944
11286.432
11280.368
11293.068
11246.118
11260.185
11331.247
11209.837
11248.106
11257.421
11302.684
11316.700
11229.433
11252.307
11235.063
11196.948
11234.739
11258.394
11264.100
11237.904
11291.414
11209.227
11187.441
11198.316
11208.038
11211.022
11133.109
11253.111
11287.618
11196.143
11272.521
11323.659
11227.831
9825.629
