======================
   8      33 sdc1 36467630 20 1816789198 29815472 35117228 33958209 20799160232 679418572 0 16154949 709211123
======================
   8      33 sdc1 36467647 20 1816789334 29818971 35117465 33959978 20801456680 679501229 15 16159268 709300559
======================
   8      33 sdc1 36467658 20 1816789422 29823198 35117616 33961944 20804075696 679552437 16 16164220 709353791
======================
   8      33 sdc1 36467668 20 1816789502 29827553 35117771 33963868 20806746416 679620567 11 16169223 709430187
======================
   8      33 sdc1 36467679 20 1816789590 29831935 35117924 33965819 20809384368 679680399 9 16174188 709492392
======================
   8      33 sdc1 36467691 20 1816789686 29836255 35118071 33967953 20811971576 679731344 25 16179126 709551949
======================
   8      33 sdc1 36467700 20 1816789758 29840125 35118220 33969712 20814586560 679808278 10 16184053 709627149
======================
   8      33 sdc1 36467711 20 1816789846 29843966 35118368 33971662 20817194304 679864614 13 16188962 709689758
======================
   8      33 sdc1 36467722 20 1816789934 29848676 35118537 33973672 20819838592 679920082 10 16193963 709748124
======================
   8      33 sdc1 36467733 20 1816790022 29853057 35118686 33975624 20822443776 679991146 10 16198893 709826519
======================
   8      33 sdc1 36467743 20 1816790102 29856977 35118833 33977577 20825044672 680064295 11 16203782 709903102
======================
   8      33 sdc1 36467754 20 1816790190 29861352 35118973 33979529 20827506696 680125342 20 16208445 709967675
======================
   8      33 sdc1 36467764 20 1816790270 29865350 35119264 33981261 20830069448 680209816 86 16213282 710069873
======================
   8      33 sdc1 36467774 20 1816790350 29869753 35119595 33982901 20832708880 680370849 13 16218285 710223914
======================
   8      33 sdc1 36467785 20 1816790438 29873995 35119908 33984691 20835371416 680471195 8 16223288 710326024
======================
   8      33 sdc1 36467795 20 1816790518 29878154 35120190 33986576 20838015256 680561169 6 16228290 710419720
======================
   8      33 sdc1 36467806 20 1816790606 29882389 35120501 33988345 20840474328 680665594 26 16232922 710534603
======================
   8      33 sdc1 36467816 20 1816790686 29886723 35120795 33989953 20842885592 680762726 17 16237490 710630823
======================
   8      33 sdc1 36467826 20 1816790766 29891193 35121086 33991761 20845518168 680847121 19 16242491 710720863
======================
   8      33 sdc1 36467837 20 1816790854 29895510 35121423 33993521 20848074200 680942310 27 16247335 710818876
======================
   8      33 sdc1 36467847 20 1816790934 29899534 35121758 33995102 20850582424 681026398 9 16252104 710906213
======================
   8      33 sdc1 36467857 20 1816791014 29903927 35122090 33996923 20853119872 681128286 19 16256914 711012914
======================
   8      33 sdc1 36467868 20 1816791102 29908056 35122431 33998670 20855761728 681234264 14 16261911 711123783
======================
   8      33 sdc1 36467879 20 1816791190 29912755 35122724 34000482 20858405064 681316349 15 16266911 711210562
======================
   8      33 sdc1 36467892 20 1816791294 29916998 35123217 34002447 20861044352 681510473 96 16271882 711440125
======================
   8      33 sdc1 36467901 20 1816791366 29920591 35123560 34003988 20863698704 681671336 32 16276884 711571044
======================
   8      33 sdc1 36467910 20 1816791438 29924729 35123886 34005776 20866273808 681786012 42 16281727 711694633
======================
   8      33 sdc1 36467919 20 1816791510 29928414 35124207 34007375 20868830104 681894982 16 16286550 711807500
======================
   8      33 sdc1 36467930 20 1816791598 29932728 35124563 34009175 20871403032 682000188 25 16291388 711918406
======================
   8      33 sdc1 36467941 20 1816791686 29937511 35124928 34010916 20874058712 682108769 20 16296389 712027609
======================
   8      33 sdc1 36467951 20 1816791766 29941523 35125280 34012658 20876633816 682254213 26 16301233 712181600
======================
   8      33 sdc1 36467962 20 1816791854 29945712 35125670 34014370 20879274456 682387286 25 16306236 712317924
======================
   8      33 sdc1 36467973 20 1816791942 29949925 35126059 34016089 20881938464 682505776 19 16311238 712438756
======================
   8      33 sdc1 36467983 20 1816792022 29954014 35126429 34017802 20884506600 682649099 25 16316070 712587453
======================
   8      33 sdc1 36467994 20 1816792110 29958459 35126809 34019466 20887116568 682796477 0 16320982 712731940
======================
   8      33 sdc1 36468005 20 1816792198 29962793 35127143 34021344 20889718816 682906533 21 16325913 712853159
======================
   8      33 sdc1 36468017 20 1816792294 29966558 35127670 34023258 20892294184 683140305 99 16330742 713156212
======================
   8      33 sdc1 36468026 20 1816792366 29971171 35128025 34024661 20894937528 683411323 27 16335745 713365438
======================
   8      33 sdc1 36468037 20 1816792454 29975562 35128364 34026416 20897504560 683505302 33 16340586 713460259
======================
   8      33 sdc1 36468047 20 1816792534 29979686 35128710 34028165 20900151928 683602612 40 16345586 713565416
======================
   8      33 sdc1 36468058 20 1816792622 29984016 35129103 34029943 20902813760 683752668 28 16350589 713724185
======================
   8      33 sdc1 36468069 20 1816792710 29988162 35129500 34031658 20905469440 683868353 24 16355588 713841570
======================
   8      33 sdc1 36468079 20 1816792790 29992459 35129855 34033375 20907917504 683987565 53 16360192 713968865
======================
   8      33 sdc1 36468089 20 1816792870 29996359 35130234 34034901 20910367160 684112511 40 16364801 714092538
======================
   8      33 sdc1 36468098 20 1816792942 30000446 35130624 34036422 20912835640 684234559 21 16369435 714219108
======================
   8      33 sdc1 36468109 20 1816793030 30005192 35131048 34038104 20915492792 684358052 16 16374438 714344916
======================
   8      33 sdc1 36468120 20 1816793118 30008943 35131421 34039888 20918025592 684469112 31 16379235 714459179
======================
   8      33 sdc1 36468130 20 1816793198 30013221 35131761 34041646 20920595880 684564627 31 16384090 714556557
======================
   8      33 sdc1 36468142 20 1816793294 30016865 35132288 34043233 20923058936 684773200 59 16388736 714823847
======================
   8      33 sdc1 36468148 20 1816793342 30019216 35132561 34044260 20924999704 684903124 0 16392439 714899299
started
======================
   8      33 sdc1 36471846 20 1817808872 30025715 35132571 34044261 20924999792 684903145 6 16394651 714905821
======================
   8      33 sdc1 36480297 20 1820236264 30041743 35132573 34044263 20924999824 684903152 4 16399475 714921863
======================
   8      33 sdc1 36488652 20 1822636776 30057484 35132573 34044263 20924999824 684903152 3 16404254 714937571
======================
   8      33 sdc1 36497078 20 1825052648 30073432 35132573 34044263 20924999824 684903152 4 16409045 714953508
======================
   8      33 sdc1 36505512 20 1827466216 30090187 35132573 34044263 20924999824 684903152 3 16413824 714970254
======================
   8      33 sdc1 36514009 20 1829891816 30107304 35132573 34044263 20924999824 684903152 3 16418620 714987360
======================
   8      33 sdc1 36522550 20 1832326120 30124372 35132575 34044263 20924999840 684903154 5 16423426 715004437
======================
   8      33 sdc1 36531154 20 1834770152 30141926 35132575 34044263 20924999840 684903154 3 16428240 715021970
======================
   8      33 sdc1 36539745 20 1837214688 30158924 35132575 34044263 20924999840 684903154 2 16433026 715038967
======================
   8      33 sdc1 36548341 20 1839660512 30175969 35132575 34044263 20924999840 684903154 6 16437848 715056003
======================
   8      33 sdc1 36556944 20 1842108496 30193437 35132575 34044263 20924999840 684903154 1 16442679 715073455
======================
   8      33 sdc1 36565513 20 1844549704 30210664 35132575 34044263 20924999840 684903154 2 16447498 715090682
======================
   8      33 sdc1 36574059 20 1846987072 30227294 35132575 34044263 20924999840 684903154 10 16452290 715107327
======================
   8      33 sdc1 36582666 20 1849434728 30244208 35132575 34044263 20924999840 684903154 2 16457091 715124206
======================
   8      33 sdc1 36591245 20 1851877544 30261206 35132575 34044263 20924999840 684903154 5 16461896 715141194
======================
   8      33 sdc1 36599804 20 1854314664 30277971 35132575 34044263 20924999840 684903154 5 16466709 715157944
======================
   8      33 sdc1 36608332 20 1856748944 30294299 35132575 34044263 20924999840 684903154 3 16471493 715174265
======================
   8      33 sdc1 36616935 20 1859197080 30311695 35132575 34044263 20924999840 684903154 4 16476300 715191648
======================
   8      33 sdc1 36625485 20 1861636088 30328912 35132575 34044263 20924999840 684903154 2 16481073 715208851
======================
   8      33 sdc1 36634019 20 1864071744 30346029 35132575 34044263 20924999840 684903154 7 16485885 715225979
======================
   8      33 sdc1 36642566 20 1866509624 30362815 35132575 34044263 20924999840 684903154 3 16490671 715242740
======================
   8      33 sdc1 36651136 20 1868951608 30379171 35132575 34044263 20924999840 684903154 8 16495462 715259093
======================
   8      33 sdc1 36659680 20 1871389032 30395431 35132575 34044263 20924999840 684903154 2 16500277 715275333
======================
   8      33 sdc1 36668224 20 1873825280 30412025 35132575 34044263 20924999840 684903154 1 16505095 715291921
======================
   8      33 sdc1 36676771 20 1876264032 30429056 35132575 34044263 20924999840 684903154 1 16509911 715308949
======================
   8      33 sdc1 36685344 20 1878706720 30445882 35132575 34044263 20924999840 684903154 1 16514722 715325768
======================
   8      33 sdc1 36693872 20 1881141688 30462316 35132575 34044263 20924999840 684903154 5 16519503 715342192
======================
   8      33 sdc1 36702426 20 1883581456 30479227 35132575 34044263 20924999840 684903154 5 16524324 715359113
======================
   8      33 sdc1 36710996 20 1886023736 30495937 35132575 34044263 20924999840 684903154 5 16529134 715375803
======================
   8      33 sdc1 36719570 20 1888467432 30513476 35132575 34044263 20924999840 684903154 2 16533953 715393339
======================
   8      33 sdc1 36728143 20 1890909328 30530336 35132575 34044263 20924999840 684903154 1 16538769 715410180
======================
   8      33 sdc1 36736687 20 1893349024 30547036 35132575 34044263 20924999840 684903154 18 16543561 715426903
======================
   8      33 sdc1 36745221 20 1895785320 30563618 35132575 34044263 20924999840 684903154 1 16548368 715443449
======================
   8      33 sdc1 36753760 20 1898222792 30580646 35132575 34044263 20924999840 684903154 0 16553178 715460470
======================
   8      33 sdc1 36762261 20 1900652536 30597327 35132575 34044263 20924999840 684903154 9 16557972 715477145
======================
   8      33 sdc1 36770784 20 1903084600 30613957 35132575 34044263 20924999840 684903154 6 16562783 715493770
======================
   8      33 sdc1 36779309 20 1905518096 30630403 35132575 34044263 20924999840 684903154 0 16567615 715510199
======================
   8      33 sdc1 36787848 20 1907956448 30647189 35132575 34044263 20924999840 684903154 1 16572405 715526981
======================
   8      33 sdc1 36796379 20 1910392488 30663640 35132575 34044263 20924999840 684903154 6 16577216 715543432
======================
   8      33 sdc1 36804935 20 1912833248 30680824 35132575 34044263 20924999840 684903154 1 16582021 715560597
======================
   8      33 sdc1 36813480 20 1915270328 30697747 35132575 34044263 20924999840 684903154 2 16586826 715577515
======================
   8      33 sdc1 36822017 20 1917708624 30714137 35132575 34044263 20924999840 684903154 1 16591618 715593891
======================
   8      33 sdc1 36830529 20 1920141048 30730928 35132575 34044263 20924999840 684903154 2 16596437 715610675
======================
   8      33 sdc1 36839024 20 1922571960 30748157 35132575 34044263 20924999840 684903154 3 16601250 715627897
======================
   8      33 sdc1 36847534 20 1925003600 30765013 35132575 34044263 20924999840 684903154 5 16606038 715644762
======================
   8      33 sdc1 36856086 20 1927444160 30781808 35132575 34044263 20924999840 684903154 3 16610831 715661528
======================
   8      33 sdc1 36864633 20 1929883568 30799101 35132575 34044263 20924999840 684903154 2 16615618 715678812
======================
   8      33 sdc1 36873141 20 1932316440 30815689 35132575 34044263 20924999840 684903154 4 16620417 715695394
======================
   8      33 sdc1 36881640 20 1934748920 30832309 35132575 34044263 20924999840 684903154 5 16625185 715712019
======================
   8      33 sdc1 36890105 20 1937164248 30848248 35132575 34044263 20924999840 684903154 3 16630005 715727943
