5.000
22.998
23.098
22.898
23.598
23.698
24.098
23.998
24.998
24.698
25.498
41.696
45.596
48.096
48.396
45.896
47.996
48.696
50.395
50.096
49.196
49.995
51.195
50.996
51.995
50.896
53.495
52.995
54.295
55.195
54.895
54.595
55.595
54.695
54.095
55.895
55.395
55.295
55.595
56.795
55.295
55.695
53.695
56.995
57.695
56.095
56.995
54.196
56.095
55.595
53.895
56.895
55.395
54.795
56.195
55.295
54.095
54.595
54.795
55.695
54.795
57.195
58.295
56.295
57.895
56.995
57.195
55.095
57.395
57.995
57.495
54.795
55.095
58.695
52.495
55.295
54.595
54.895
55.295
56.795
56.795
53.895
54.595
54.295
53.195
53.495
56.795
54.795
58.395
55.395
56.695
55.195
58.495
55.295
55.595
55.795
57.695
56.195
56.995
55.495
56.495
55.695
54.295
55.695
57.595
56.995
54.395
57.395
54.195
53.895
54.695
56.095
55.795
58.294
55.495
55.295
54.595
55.295
46.996
