4.9
23.0
23.1
22.9
23.6
23.7
24.1
24.0
25.0
24.7
25.5
41.7
45.6
48.1
48.4
45.9
48.0
48.7
50.4
50.1
49.2
50.0
51.2
51.0
52.0
50.9
53.5
53.0
54.3
55.2
54.9
54.6
55.6
54.7
54.1
55.9
55.4
55.3
55.6
56.8
55.3
55.7
53.7
57.0
57.7
56.1
57.0
54.2
56.1
55.6
53.9
56.9
55.4
54.8
56.2
55.3
54.1
54.6
54.8
55.7
54.8
57.2
58.3
56.3
57.9
57.0
57.2
55.1
57.4
58.0
57.5
54.8
55.1
58.7
52.5
55.3
54.6
54.9
55.3
56.8
56.8
53.9
54.6
54.3
53.2
53.5
56.8
54.8
58.4
55.4
56.7
55.2
58.5
55.3
55.6
55.8
57.7
56.2
57.0
55.5
56.5
55.7
54.3
55.7
57.6
57.0
54.4
57.4
54.2
53.9
54.7
56.1
55.8
58.3
55.5
55.3
54.6
55.3
46.9
