======================
   8      33 sdc1 194712635 1762241 10857467486 329655406 256355783 464474590 139457204480 335954166 0 130482322 666949141
======================
   8      33 sdc1 194712651 1762241 10857467614 329658310 256356477 464567991 139459399936 336185791 141 130486563 667211880
======================
   8      33 sdc1 194712661 1762241 10857467694 329662250 256356763 464569984 139462035296 336363469 20 130491565 667370088
======================
   8      33 sdc1 194712670 1762241 10857467766 329666051 256356926 464571725 139464676352 336424524 2 130496567 667431077
======================
   8      33 sdc1 194712682 1762241 10857467862 329670080 256357118 464576764 139467292416 336489466 18 130501555 667502414
======================
   8      33 sdc1 194712693 1762241 10857467950 329674367 256357300 464579935 139469805256 336537722 23 130506322 667557895
======================
   8      33 sdc1 194712702 1762241 10857468022 329678228 256357466 464581690 139472432096 336604897 9 130511281 667626140
======================
   8      33 sdc1 194712713 1762241 10857468110 329682921 256357658 464583599 139475076816 336665278 10 130516283 667691917
======================
   8      33 sdc1 194712727 1762241 10857468222 329687906 256358212 464585537 139477723248 336908017 158 130521285 667962582
======================
   8      33 sdc1 194712735 1762241 10857468286 329689003 256359000 464586593 139480362688 337515170 104 130526287 668605245
======================
   8      33 sdc1 194712746 1762241 10857468374 329691487 256360081 464587606 139483007520 338147234 131 130531290 669213556
======================
   8      33 sdc1 194712757 1762241 10857468462 329693288 256360992 464588905 139485649784 338648600 25 130536293 669691322
======================
   8      33 sdc1 194712767 1762241 10857468542 329698149 256361235 464590792 139488290608 338745265 22 130541295 669786558
======================
   8      33 sdc1 194712778 1762241 10857468630 329702818 256361481 464592652 139490898656 338815894 22 130546297 669861908
======================
   8      33 sdc1 194712789 1762241 10857468718 329707394 256361735 464594509 139493525728 338900285 22 130551297 669955442
======================
   8      33 sdc1 194712799 1762241 10857468798 329712148 256362000 464596366 139496185704 339010641 18 130556301 670067248
======================
   8      33 sdc1 194712810 1762241 10857468886 329716841 256362252 464598241 139498805960 339083618 18 130561302 670144051
======================
   8      33 sdc1 194712821 1762241 10857468974 329721310 256362540 464600066 139501445664 339183831 19 130566304 670254101
======================
   8      33 sdc1 194712832 1762241 10857469062 329726381 256362871 464601794 139504076784 339309483 72 130571306 670417315
======================
   8      33 sdc1 194712844 1762241 10857469158 329729749 256363619 464603398 139506713560 339804518 128 130576309 670911233
======================
   8      33 sdc1 194712854 1762241 10857469238 329731348 256364854 464604116 139509341984 340462813 137 130581311 671562875
======================
   8      33 sdc1 194712864 1762241 10857469318 329732941 256366170 464604910 139511984272 341106129 27 130586313 672185782
======================
   8      33 sdc1 194712876 1762241 10857469414 329736550 256366882 464606475 139514637392 341608139 94 130591315 672750064
======================
   8      33 sdc1 194712887 1762241 10857469502 329740678 256367366 464608152 139517290552 342044656 35 130596318 673147843
======================
   8      33 sdc1 194712897 1762241 10857469582 329744968 256367662 464609816 139519947736 342205367 2 130601319 673289905
======================
   8      33 sdc1 194712907 1762241 10857469662 329749663 256367986 464611761 139522599600 342312484 27 130606322 673403777
======================
   8      33 sdc1 194712918 1762241 10857469750 329754351 256368284 464613578 139525241584 342412516 29 130611324 673511233
======================
   8      33 sdc1 194712929 1762241 10857469838 329759130 256368593 464615401 139527888040 342523447 21 130616325 673625530
======================
   8      33 sdc1 194712939 1762241 10857469918 329763734 256368922 464617200 139530541240 342640303 20 130621328 673748089
======================
   8      33 sdc1 194712951 1762241 10857470014 329768426 256369297 464619055 139533188744 342763390 118 130626331 673900602
======================
   8      33 sdc1 194712964 1762241 10857470118 329771999 256369993 464620677 139535836424 343254217 131 130631333 674400960
======================
   8      33 sdc1 194712972 1762241 10857470182 329773282 256371009 464621518 139538496320 343888328 147 130636336 675038618
======================
   8      33 sdc1 194712984 1762241 10857470278 329774719 256372529 464622286 139541145488 344555837 130 130641337 675694941
======================
   8      33 sdc1 194712995 1762241 10857470366 329777107 256373334 464623564 139543797208 345101647 141 130646339 676284345
======================
   8      33 sdc1 194713004 1762241 10857470438 329780067 256373872 464625150 139546452952 345538536 30 130651340 676664259
======================
   8      33 sdc1 194713015 1762241 10857470526 329784725 256374223 464626923 139549092568 345646285 24 130656343 676773681
======================
   8      33 sdc1 194713026 1762241 10857470614 329789436 256374535 464628734 139551726432 345751267 24 130661342 676883598
======================
   8      33 sdc1 194713036 1762241 10857470694 329793877 256374870 464630543 139554370232 345875262 18 130666345 677013797
======================
   8      33 sdc1 194713047 1762241 10857470782 329798318 256375201 464632317 139557012256 345980639 19 130671347 677126001
======================
   8      33 sdc1 194713058 1762241 10857470870 329803140 256375529 464634113 139559654384 346092433 14 130676348 677239322
======================
   8      33 sdc1 194713068 1762241 10857470950 329807803 256375874 464635891 139562302176 346209096 14 130681347 677362174
======================
   8      33 sdc1 194713081 1762241 10857471054 329811202 256376557 464637498 139564955216 346708135 133 130686350 677905001
======================
   8      33 sdc1 194713091 1762241 10857471134 329813203 256377511 464638579 139567604336 347318125 141 130691352 678504467
======================
   8      33 sdc1 194713101 1762241 10857471214 329814451 256378976 464639246 139570253464 347965530 131 130696355 679152456
======================
   8      33 sdc1 194713113 1762241 10857471310 329816562 256379891 464640653 139572902440 348546600 137 130701357 679744132
======================
   8      33 sdc1 194713124 1762241 10857471398 329819407 256380510 464642229 139575548624 349055718 64 130706359 680236949
======================
   8      33 sdc1 194713133 1762241 10857471470 329823846 256380881 464643809 139578208752 349271341 25 130711361 680442332
======================
   8      33 sdc1 194713144 1762241 10857471558 329828713 256381219 464645595 139580850880 349375036 20 130716361 680547397
======================
   8      33 sdc1 194713155 1762241 10857471646 329833321 256381565 464647377 139583493056 349482518 17 130721362 680661606
======================
   8      33 sdc1 194713165 1762241 10857471726 329838187 256381915 464649150 139586119104 349578910 19 130726362 680761628
======================
   8      33 sdc1 194713176 1762241 10857471814 329842897 256382263 464650937 139588770824 349691408 17 130731363 680878594
======================
   8      33 sdc1 194713187 1762241 10857471902 329847646 256382636 464652627 139591410136 349787005 4 130736364 680975188
started
======================
   8      33 sdc1 194713306 1762241 10857472848 329847721 256382664 464652654 139591436592 349788237 0 130736453 680975448
======================
   8      33 sdc1 194724590 1762241 10860336504 329954396 256382664 464652654 139591436592 349788237 19 130741701 681082167
======================
   8      33 sdc1 194735426 1762243 10863111032 330058141 256382666 464652658 139591436640 349788270 15 130746703 681186016
======================
   8      33 sdc1 194746283 1762243 10865890424 330162130 256382666 464652658 139591436640 349788270 15 130751705 681290000
======================
   8      33 sdc1 194757136 1762243 10868668792 330266173 256382666 464652658 139591436640 349788270 15 130756707 681393967
======================
   8      33 sdc1 194767989 1762243 10871447160 330369433 256382666 464652658 139591436640 349788270 29 130761708 681497206
======================
   8      33 sdc1 194778846 1762243 10874226552 330473236 256382668 464652660 139591436672 349788284 15 130766710 681601019
======================
   8      33 sdc1 194789841 1762243 10877041272 330577318 256382668 464652660 139591436672 349788284 22 130771777 681705160
======================
   8      33 sdc1 194800695 1762243 10879819896 330679522 256382668 464652660 139591436672 349788284 14 130776779 681807330
======================
   8      33 sdc1 194811548 1762243 10882598264 330782920 256382668 464652660 139591436672 349788284 28 130781781 681910815
======================
   8      33 sdc1 194822402 1762243 10885376888 330886193 256382668 464652660 139591436672 349788284 30 130786782 682013962
======================
   8      33 sdc1 194833271 1762243 10888159352 330987956 256382668 464652660 139591436672 349788284 17 130791792 682115716
======================
   8      33 sdc1 194844122 1762243 10890937208 331091118 256382668 464652660 139591436672 349788284 30 130796794 682218937
======================
   8      33 sdc1 194854973 1762243 10893715064 331193313 256382668 464652660 139591436672 349788284 14 130801796 682321053
======================
   8      33 sdc1 194865826 1762243 10896493432 331296628 256382668 464652660 139591436672 349788284 16 130806798 682424382
======================
   8      33 sdc1 194876680 1762243 10899272056 331400335 256382668 464652660 139591436672 349788284 23 130811800 682528169
======================
   8      33 sdc1 194887530 1762243 10902049656 331502986 256382668 464652660 139591436672 349788284 14 130816801 682630695
======================
   8      33 sdc1 194898383 1762243 10904828024 331606683 256382668 464652660 139591436672 349788284 27 130821803 682734510
======================
   8      33 sdc1 194909234 1762243 10907605880 331709531 256382668 464652660 139591436672 349788284 24 130826804 682837232
======================
   8      33 sdc1 194920090 1762243 10910385016 331814292 256382668 464652660 139591436672 349788284 15 130831806 682942040
======================
   8      33 sdc1 194930945 1762243 10913163896 331917024 256382668 464652660 139591436672 349788284 25 130836808 683044819
======================
   8      33 sdc1 194941800 1762243 10915942776 332021774 256382668 464652660 139591436672 349788284 14 130841809 683149451
======================
   8      33 sdc1 194952656 1762243 10918721912 332124197 256382668 464652660 139591436672 349788284 27 130846810 683251971
======================
   8      33 sdc1 194963512 1762243 10921501048 332228139 256382668 464652660 139591436672 349788284 16 130851812 683355876
======================
   8      33 sdc1 194974366 1762243 10924279672 332333800 256382668 464652660 139591436672 349788284 18 130856814 683461435
======================
   8      33 sdc1 194985224 1762243 10927059320 332438545 256382668 464652660 139591436672 349788284 26 130861817 683566247
======================
   8      33 sdc1 194996078 1762243 10929837944 332542576 256382668 464652660 139591436672 349788284 29 130866818 683670289
======================
   8      33 sdc1 195006931 1762243 10932616312 332646860 256382668 464652660 139591436672 349788284 14 130871819 683774483
======================
   8      33 sdc1 195017785 1762243 10935394936 332751044 256382668 464652660 139591436672 349788284 16 130876821 683878685
======================
   8      33 sdc1 195028643 1762243 10938174584 332856719 256382668 464652660 139591436672 349788284 24 130881823 683984443
======================
   8      33 sdc1 195039498 1762243 10940953464 332961247 256382668 464652660 139591436672 349788284 20 130886824 684088914
======================
   8      33 sdc1 195050381 1762243 10943739512 333065227 256382668 464652660 139591436672 349788284 23 130891839 684192947
======================
   8      33 sdc1 195061237 1762243 10946518648 333169882 256382668 464652660 139591436672 349788284 30 130896841 684297593
======================
   8      33 sdc1 195072092 1762243 10949297528 333274655 256382668 464652660 139591436672 349788284 15 130901842 684402298
======================
   8      33 sdc1 195082949 1762243 10952076920 333377871 256382668 464652660 139591436672 349788284 20 130906844 684505472
======================
   8      33 sdc1 195093802 1762243 10954855288 333481777 256382668 464652660 139591436672 349788284 28 130911845 684609395
======================
   8      33 sdc1 195104659 1762243 10957634680 333586510 256382668 464652660 139591436672 349788284 27 130916847 684714101
======================
   8      33 sdc1 195115515 1762243 10960413816 333690826 256382668 464652660 139591436672 349788284 15 130921849 684818389
======================
   8      33 sdc1 195126371 1762243 10963192952 333794997 256382668 464652660 139591436672 349788284 17 130926851 684922595
======================
   8      33 sdc1 195137226 1762243 10965971832 333899857 256382668 464652660 139591436672 349788284 27 130931852 685027462
======================
   8      33 sdc1 195148083 1762243 10968751224 334005737 256382668 464652660 139591436672 349788284 20 130936854 685133347
======================
   8      33 sdc1 195158939 1762243 10971530360 334110777 256382668 464652660 139591436672 349788284 19 130941855 685238398
======================
   8      33 sdc1 195169796 1762243 10974309752 334216611 256382668 464652660 139591436672 349788284 17 130946857 685344204
======================
   8      33 sdc1 195180654 1762243 10977089400 334320918 256382668 464652660 139591436672 349788284 28 130951860 685448577
======================
   8      33 sdc1 195191508 1762243 10979868024 334424535 256382668 464652660 139591436672 349788284 21 130956861 685552148
======================
   8      33 sdc1 195202361 1762243 10982646392 334527713 256382668 464652660 139591436672 349788284 28 130961863 685655297
