======================
   8      17 sdb1 6956830 1936529 2265377384 42386040 16534401 257001393 9173083864 1604783916 0 13190200 1647168168
======================
   8      17 sdb1 6956833 1936529 2265377408 42386040 16534401 257001393 9173083864 1604783916 0 13190200 1647168168
======================
   8      17 sdb1 6956833 1936529 2265377408 42386040 16534404 257001402 9173083960 1604783932 0 13190216 1647168184
======================
   8      17 sdb1 6956833 1936529 2265377408 42386040 16534406 257001403 9173083984 1604783940 0 13190224 1647168192
======================
   8      17 sdb1 6956833 1936529 2265377408 42386040 16534408 257001404 9173084008 1604783948 0 13190232 1647168200
======================
   8      17 sdb1 6956833 1936529 2265377408 42386040 16534410 257001405 9173084032 1604783960 0 13190244 1647168212
======================
   8      17 sdb1 6956833 1936529 2265377408 42386040 16534412 257001406 9173084056 1604783976 0 13190260 1647168228
======================
   8      17 sdb1 6956856 1936529 2265377592 42387800 16536799 257001408 9177954288 1605377636 136 13194996 1647782064
======================
   8      17 sdb1 6956877 1936529 2265377760 42389572 16539313 257001434 9183099088 1606014152 135 13200004 1648420536
======================
   8      17 sdb1 6956897 1936529 2265377920 42391344 16541724 257001458 9188032928 1606647924 136 13205008 1649058520
======================
   8      17 sdb1 6956914 1936529 2265378056 42393108 16543810 257001481 9192301160 1607286548 154 13210012 1649699820
======================
   8      17 sdb1 6956932 1936529 2265378200 42395044 16545892 257001501 9196561176 1607918432 114 13215020 1650328624
======================
   8      17 sdb1 6956949 1936529 2265378336 42396908 16547879 257001522 9200626640 1608541796 155 13220024 1650957512
======================
   8      17 sdb1 6956966 1936529 2265378472 42398776 16549871 257001542 9204702336 1609170096 146 13225028 1651590668
======================
   8      17 sdb1 6956982 1936529 2265378600 42400564 16551861 257001563 9208773944 1609814996 128 13230036 1652236000
======================
   8      17 sdb1 6956999 1936529 2265378736 42402412 16553846 257001582 9212835296 1610445648 105 13235040 1652869320
======================
   8      17 sdb1 6957015 1936529 2265378864 42404200 16555836 257001602 9216906896 1611087228 149 13240044 1653511728
======================
   8      17 sdb1 6957032 1936529 2265379000 42406012 16557824 257001621 9220974392 1611720140 137 13245048 1654148420
======================
   8      17 sdb1 6957048 1936529 2265379128 42407780 16559809 257001641 9225035752 1612354940 138 13250056 1654785696
======================
   8      17 sdb1 6957065 1936529 2265379264 42409672 16561794 257001660 9229097104 1613002120 140 13255060 1655434448
======================
   8      17 sdb1 6957081 1936529 2265379392 42411444 16563786 257001679 9233172792 1613638608 134 13260064 1656071524
======================
   8      17 sdb1 6957098 1936529 2265379528 42413328 16565777 257001699 9237246440 1614278612 138 13265068 1656712176
======================
   8      17 sdb1 6957114 1936529 2265379656 42415116 16567756 257001720 9241295520 1614916736 143 13270076 1657354620
======================
   8      17 sdb1 6957131 1936529 2265379792 42416960 16569747 257001739 9245369160 1615552980 154 13275076 1657992268
======================
   8      17 sdb1 6957147 1936529 2265379920 42418728 16571736 257001759 9249438712 1616187760 136 13280080 1658628476
======================
   8      17 sdb1 6957164 1936529 2265380056 42420628 16573723 257001779 9253504168 1616826140 151 13285084 1659269036
======================
   8      17 sdb1 6957180 1936529 2265380184 42422336 16575713 257001798 9257575760 1617461900 123 13290092 1659905932
======================
   8      17 sdb1 6957197 1936529 2265380320 42424244 16577696 257001818 9261633024 1618090888 141 13295096 1660537680
======================
   8      17 sdb1 6957213 1936529 2265380448 42426008 16579675 257001839 9265682104 1618729308 125 13300100 1661175980
======================
   8      17 sdb1 6957230 1936529 2265380584 42427828 16581666 257001858 9269755744 1619364016 136 13305104 1661814028
======================
   8      17 sdb1 6957246 1936529 2265380712 42429560 16583649 257001879 9273813016 1619994968 123 13310108 1662445264
======================
   8      17 sdb1 6957263 1936529 2265380848 42431464 16585634 257001899 9277874376 1620642228 139 13315116 1663096176
======================
   8      17 sdb1 6957279 1936529 2265380976 42433240 16587624 257001919 9281945976 1621280264 120 13320120 1663734900
======================
   8      17 sdb1 6957296 1936529 2265381112 42435064 16589618 257001938 9286025760 1621914084 129 13325128 1664371628
======================
   8      17 sdb1 6957312 1936529 2265381240 42436844 16591601 257001958 9290083024 1622546840 115 13330132 1665005996
======================
   8      17 sdb1 6957329 1936529 2265381376 42438640 16593590 257001977 9294152568 1623187564 137 13335136 1665648396
======================
   8      17 sdb1 6957345 1936529 2265381504 42440396 16595581 257001997 9298226216 1623825868 107 13340140 1666287468
======================
   8      17 sdb1 6957348 1936529 2265381528 42440744 16595962 257002464 9298922520 1623945544 0 13341020 1666384440
started
======================
   8      17 sdb1 6957481 1936529 2265382586 42440872 16595996 257002464 9298922792 1623945632 0 13341116 1666384656
======================
   8      17 sdb1 6957481 1936529 2265382586 42440872 16595999 257002466 9298922832 1623945640 0 13341124 1666384664
======================
   8      17 sdb1 6957481 1936529 2265382586 42440872 16596001 257002467 9298922856 1623945648 0 13341132 1666384672
======================
   8      17 sdb1 6957481 1936529 2265382586 42440872 16596003 257002468 9298922880 1623945656 0 13341140 1666384680
======================
   8      17 sdb1 6957481 1936529 2265382586 42440872 16596005 257002469 9298922904 1623945664 0 13341148 1666384688
======================
   8      17 sdb1 6957481 1936529 2265382586 42440872 16596742 257002474 9299332528 1623996788 0 13341556 1666435812
======================
   8      17 sdb1 6957481 1936529 2265382586 42440872 16598474 257002501 9300416464 1624139672 155 13342628 1666585420
