150.388
160.186
165.887
163.587
171.086
162.587
164.087
161.287
162.687
165.486
161.587
160.287
162.986
167.686
156.388
162.188
167.286
159.288
162.986
160.086
166.287
163.888
162.687
157.486
160.687
160.788
165.186
159.887
161.488
160.888
162.489
158.288
166.088
162.887
162.587
160.287
163.288
161.587
163.087
161.487
164.787
160.285
163.487
160.186
161.887
160.488
160.786
163.288
163.087
163.787
159.087
161.088
160.587
158.687
158.487
163.786
156.788
163.787
158.987
161.786
157.987
165.385
160.987
155.086
159.386
162.387
160.887
160.488
165.486
164.487
163.886
163.587
160.387
157.788
161.187
159.986
158.986
160.287
157.988
157.587
162.288
167.084
158.187
162.387
156.487
162.887
158.487
153.588
161.687
155.088
159.488
160.886
159.386
159.588
156.986
160.586
157.887
159.487
160.488
158.188
157.288
161.387
163.087
162.387
162.186
162.788
163.288
162.587
160.386
167.386
158.986
163.586
160.587
161.386
161.486
158.787
157.686
159.587
160.187
161.486
157.287
161.187
160.686
159.786
164.785
166.386
164.586
159.387
161.787
158.587
160.686
162.386
160.688
160.987
159.387
158.187
153.487
163.787
156.986
160.786
161.387
167.089
157.089
155.188
158.787
156.886
159.887
163.486
157.486
158.386
160.287
159.987
158.386
158.886
159.087
164.386
160.087
163.786
157.487
163.286
163.486
155.388
160.987
165.486
161.287
158.288
162.387
162.987
163.686
159.286
161.488
162.388
161.086
157.986
162.187
159.987
161.687
161.288
159.387
158.487
152.087
159.187
163.386
160.387
162.985
160.487
163.887
157.888
161.588
160.187
161.288
157.688
166.387
160.787
163.588
165.886
159.088
155.488
160.087
155.487
160.587
163.987
157.388
160.487
158.888
159.990
156.988
158.487
161.688
158.688
161.788
157.088
160.988
159.287
155.887
159.587
158.788
156.688
162.686
158.687
162.986
158.787
162.087
165.387
157.787
163.687
156.087
156.988
162.787
164.086
155.287
167.086
154.888
158.287
161.187
158.987
155.787
156.686
166.088
155.387
160.687
161.786
160.586
162.986
154.787
160.086
159.387
161.386
163.786
157.487
159.187
160.887
160.885
154.488
156.686
162.187
161.088
164.685
164.286
160.288
161.288
153.787
158.487
154.586
157.787
157.388
163.386
158.487
159.787
160.886
169.986
160.887
169.885
160.886
160.287
161.885
158.488
162.986
161.286
155.688
160.587
165.486
161.087
160.887
155.787
155.687
159.687
159.187
162.087
158.987
157.787
163.786
162.187
166.686
159.087
163.186
157.286
161.887
162.787
161.587
159.687
164.586
160.787
159.187
194.685
192.382
