======================
   8      33 sdc1 229292144 1762248 12168806270 352336350 290897627 491103705 152822240632 834754016 0 142809444 1188409091
======================
   8      33 sdc1 229292160 1762248 12168806398 352336353 290897627 491103705 152822240632 834754016 0 142809447 1188409094
======================
   8      33 sdc1 229292160 1762248 12168806398 352336353 290897655 491107992 152822275152 834754931 0 142809515 1188410008
======================
   8      33 sdc1 229292160 1762248 12168806398 352336353 290897714 491112235 152822309568 834756627 0 142809582 1188411704
started
======================
   8      33 sdc1 229292315 1762248 12168807638 352336392 290897718 491112236 152822309608 834756630 0 142809592 1188411746
======================
   8      33 sdc1 229292453 1762248 12168808742 352336548 290898024 491138305 152822520608 834771649 0 142810010 1188426921
======================
   8      33 sdc1 229292574 1762248 12168809710 352337071 290898537 491200030 152822992192 834845920 20 142810914 1188503157
======================
   8      33 sdc1 229292765 1762248 12168811238 352337270 290899051 491236984 152823318256 834868048 0 142811540 1188524042
======================
   8      33 sdc1 229292848 1762248 12168811902 352339498 290901027 491440931 152824836096 835099004 98 142814405 1188780400
======================
   8      33 sdc1 229292960 1762248 12168812798 352340075 290901972 491497740 152825427680 835167730 0 142815533 1188826529
======================
   8      33 sdc1 229293072 1762248 12168813694 352340602 290903158 491572863 152826038152 835211815 0 142816697 1188871141
======================
   8      33 sdc1 229293139 1762248 12168814230 352343235 290906134 491825996 152827970304 835525171 89 142820338 1189202547
======================
   8      33 sdc1 229293264 1762248 12168815230 352343936 290906557 491878702 152828512056 835638212 0 142821380 1189300871
======================
   8      33 sdc1 229293456 1762248 12168816766 352344373 290907040 491920276 152828841192 835674413 7 142822028 1189339481
======================
   8      33 sdc1 229293513 1762248 12168817222 352347282 290909427 492194801 152831014560 836071707 37 142826183 1189751345
======================
   8      33 sdc1 229293624 1762248 12168818110 352347803 290910212 492250031 152831511944 836143563 0 142827213 1189810089
======================
   8      33 sdc1 229293751 1762248 12168819126 352347821 290910370 492266138 152831642064 836158238 0 142827525 1189824782
======================
   8      33 sdc1 229293808 1762248 12168819582 352350392 290913264 492552378 152833776176 836522059 135 142831604 1190212031
======================
   8      33 sdc1 229293907 1762248 12168820374 352351784 290914391 492640378 152834668152 836675319 0 142833311 1190345823
======================
   8      33 sdc1 229294103 1762248 12168821942 352351815 290914441 492648374 152834732520 836678269 0 142833469 1190348804
======================
   8      33 sdc1 229294215 1762248 12168822838 352352315 290915134 492709026 152835223280 836736476 0 142834430 1190407511
======================
   8      33 sdc1 229294285 1762248 12168823398 352354540 290917240 492916394 152836899072 837013752 0 142837624 1190687010
======================
   8      33 sdc1 229294405 1762248 12168824358 352354553 290917434 492932443 152837029016 837022389 0 142837892 1190695660
======================
   8      33 sdc1 229294507 1762248 12168825174 352354903 290918556 493002565 152837598968 837091553 0 142838993 1190765174
======================
   8      33 sdc1 229294575 1762248 12168825718 352357182 290922457 493229792 152839447992 837389417 0 142842513 1191065314
======================
   8      33 sdc1 229294786 1762248 12168827406 352357248 290922620 493245907 152839578224 837397046 0 142842809 1191073009
======================
   8      33 sdc1 229294888 1762249 12168828230 352358153 290924275 493348372 152840380368 837475435 39 142844352 1191153105
======================
   8      33 sdc1 229294961 1762250 12168828822 352360731 290927411 493557444 152842046464 837720155 47 142847510 1191399812
======================
   8      33 sdc1 229295085 1762250 12168829814 352360741 290927464 493565267 152842111952 837723216 45 142847658 1191402915
======================
   8      33 sdc1 229295185 1762266 12168830742 352362496 290931388 493736311 152843407120 837874846 130 142850154 1191572459
======================
   8      33 sdc1 229295312 1762354 12168832462 352365132 290935311 493867333 152844651184 838086150 0 142852566 1191769994
======================
   8      33 sdc1 229295434 1762354 12168833438 352365149 290935457 493883228 152844779512 838098913 0 142852842 1191782774
======================
   8      33 sdc1 229295528 1762361 12168834246 352367050 290939036 494081034 152846296144 838347844 73 142855748 1192055509
======================
   8      33 sdc1 229295618 1762361 12168834966 352367916 290939991 494171892 152847125096 838487973 0 142857342 1192174599
======================
   8      33 sdc1 229295730 1762361 12168835862 352367998 290940034 494178801 152847180712 838490220 0 142857471 1192176928
======================
   8      33 sdc1 229295795 1762361 12168836382 352369813 290942747 494423227 152848976272 838783249 138 142860889 1192490491
======================
   8      33 sdc1 229295925 1762361 12168837422 352370621 290943256 494476051 152849584496 838927775 0 142862073 1192617106
======================
   8      33 sdc1 229296043 1762361 12168838366 352370725 290943302 494483556 152849644904 838930346 0 142862212 1192619781
======================
   8      33 sdc1 229296147 1762395 12168839470 352373820 290946774 494754800 152851678120 839249705 124 142866088 1192962465
======================
   8      33 sdc1 229296256 1762395 12168840342 352374178 290947036 494777382 152852025384 839321292 0 142866768 1193014177
======================
   8      33 sdc1 229296368 1762395 12168841238 352374192 290947083 494784920 152852086064 839323997 0 142866905 1193016895
======================
   8      33 sdc1 229296484 1762405 12168842246 352375010 290950872 494882267 152852869288 839386154 33 142868449 1193080218
======================
   8      33 sdc1 229296556 1762420 12168842942 352377181 290953286 495091877 152854591384 839656504 0 142871731 1193352388
======================
   8      33 sdc1 229296667 1762420 12168843830 352377200 290953337 495100010 152854656856 839659547 0 142871887 1193355450
======================
   8      33 sdc1 229296830 1762429 12168845206 352379154 290957515 495271775 152855883192 839748268 139 142874230 1193455177
======================
   8      33 sdc1 229296911 1762429 12168845854 352380517 290959784 495401724 152857122152 839976011 0 142876586 1193675229
======================
   8      33 sdc1 229297025 1762429 12168846766 352380530 290959835 495409857 152857187624 839979088 0 142876731 1193678319
======================
   8      33 sdc1 229297124 1762429 12168847558 352382249 290962117 495610412 152858641176 840155573 129 142879508 1193877350
======================
   8      33 sdc1 229297222 1762429 12168848342 352383259 290963412 495698423 152859524800 840345927 0 142881198 1194047886
======================
   8      33 sdc1 229297331 1762429 12168849214 352383276 290963599 495714497 152859654888 840357197 0 142881477 1194059173
======================
   8      33 sdc1 229297450 1762436 12168850222 352386847 290973347 495966406 152861650080 840551156 76 142885315 1194268944
