36.5
39.5
40.0
39.0
39.4
39.5
39.1
39.3
39.1
39.5
39.6
39.7
39.6
39.4
39.9
39.6
38.8
39.2
39.1
38.4
38.5
39.9
38.9
40.1
40.1
39.4
38.2
38.8
39.5
39.0
40.0
39.1
38.2
38.4
39.5
39.0
39.6
39.7
39.1
38.9
39.1
39.6
38.6
39.3
40.0
39.4
39.2
39.5
39.0
39.6
39.4
39.1
39.3
39.7
38.7
38.8
39.1
38.8
38.9
38.3
38.4
38.7
39.8
39.8
40.0
39.3
39.1
39.6
38.5
39.1
39.4
40.0
39.3
39.2
39.3
38.6
39.5
39.6
39.9
39.7
39.5
39.1
38.9
38.9
39.2
39.4
38.9
38.9
38.6
38.7
38.8
38.9
39.1
38.8
38.4
38.5
37.5
38.3
38.4
39.4
39.3
38.9
39.0
39.5
39.4
39.3
39.4
39.6
39.1
39.1
38.8
39.3
39.0
39.4
39.5
38.2
38.6
38.7
39.2
39.3
38.4
38.5
38.9
38.2
39.1
39.3
39.4
39.2
39.0
38.8
38.7
39.0
39.7
40.0
40.3
39.4
38.8
38.8
38.4
39.0
38.2
38.8
38.7
38.8
39.4
39.9
39.4
39.2
39.4
39.8
40.2
38.8
38.7
39.1
38.5
38.6
38.0
