======================
   8      33 sdc1 61188250 37012 5332432576 134631000 94936051 167851444 66055089944 3622895644 0 47443096 3758022036
======================
   8      33 sdc1 61188267 37012 5332432712 134632548 94937155 167851444 66057350936 3623425096 128 47447436 3758594132
======================
   8      33 sdc1 61188278 37012 5332432800 134634352 94938413 167851489 66059895040 3624053208 128 47452440 3759226020
======================
   8      33 sdc1 61188288 37012 5332432880 134635872 94939667 167851511 66062455248 3624693984 146 47457444 3759865004
======================
   8      33 sdc1 61188299 37012 5332432968 134637632 94940919 167851533 66065011360 3625318796 153 47462444 3760486112
======================
   8      33 sdc1 61188309 37012 5332433048 134639320 94942194 167851555 66067616616 3625943740 93 47467448 3761113160
======================
   8      33 sdc1 61188320 37012 5332433136 134641224 94943494 167851577 66070271032 3626577216 147 47472448 3761747024
======================
   8      33 sdc1 61188331 37012 5332433224 134642944 94944793 167851599 66072923400 3627207280 147 47477452 3762381892
======================
   8      33 sdc1 61188342 37012 5332433312 134644484 94946090 167851622 66075573720 3627829892 150 47482452 3763007436
======================
   8      33 sdc1 61188352 37012 5332433392 134645732 94947428 167851644 66078221992 3628481844 140 47487456 3763654764
======================
   8      33 sdc1 61188363 37012 5332433480 134647200 94948725 167851666 66080870264 3629116384 140 47492456 3764294060
======================
   8      33 sdc1 61188374 37012 5332433568 134649020 94950033 167851692 66083522648 3629730088 127 47497468 3764906188
======================
   8      33 sdc1 61188385 37012 5332433656 134650784 94951329 167851714 66086168872 3630360224 107 47502468 3765542748
======================
   8      33 sdc1 61188396 37012 5332433744 134652484 94952627 167851737 66088817160 3630987296 147 47507472 3766171928
======================
   8      33 sdc1 61188407 37012 5332433832 134654132 94953924 167851760 66091467480 3631613880 135 47512476 3766800780
======================
   8      33 sdc1 61188418 37012 5332433920 134655592 94955222 167851782 66094117800 3632259444 143 47517476 3767442796
======================
   8      33 sdc1 61188428 37012 5332434000 134657088 94956520 167851806 66096764040 3632897480 139 47522480 3768087508
======================
   8      33 sdc1 61188439 37012 5332434088 134658920 94957817 167851830 66099414360 3633506448 144 47527480 3768694624
======================
   8      33 sdc1 61188450 37012 5332434176 134660764 94959115 167851853 66102062632 3634139676 145 47532484 3769325896
======================
   8      33 sdc1 61188460 37012 5332434256 134662408 94960450 167851878 66104704760 3634774312 134 47537484 3769968712
======================
   8      33 sdc1 61188471 37012 5332434344 134664040 94961744 167851901 66107348936 3635396072 134 47542484 3770593696
======================
   8      33 sdc1 61188482 37012 5332434432 134665056 94963297 167851923 66109997208 3636056840 121 47547488 3771249800
======================
   8      33 sdc1 61188492 37012 5332434512 134666428 94964608 167851951 66112672120 3636706412 95 47552520 3771902932
======================
   8      33 sdc1 61188504 37012 5332434608 134668384 94965910 167851978 66115330632 3637339596 148 47557520 3772535144
======================
   8      33 sdc1 61188515 37012 5332434696 134669804 94967210 167852006 66117985048 3637971788 131 47562524 3773174224
======================
   8      33 sdc1 61188525 37012 5332434776 134671224 94968511 167852034 66120639496 3638618604 139 47567524 3773818720
======================
   8      33 sdc1 61188536 37012 5332434864 134673008 94969815 167852058 66123302104 3639235668 128 47572528 3774436436
======================
   8      33 sdc1 61188547 37012 5332434952 134674592 94971115 167852085 66125958568 3639866920 128 47577524 3775071656
======================
   8      33 sdc1 61188558 37012 5332435040 134676120 94972418 167852114 66128619136 3640516716 154 47582524 3775725140
======================
   8      33 sdc1 61188569 37012 5332435128 134677760 94973726 167852160 66131283792 3641157372 156 47587528 3776364896
======================
   8      33 sdc1 61188580 37012 5332435216 134679344 94975073 167852186 66133946400 3641784612 151 47592528 3776996040
======================
   8      33 sdc1 61188590 37012 5332435296 134680472 94976376 167852209 66136606960 3642431092 145 47597532 3777641584
======================
   8      33 sdc1 61188601 37012 5332435384 134681944 94977933 167852237 66139265488 3643077992 151 47602532 3778281256
======================
   8      33 sdc1 61188612 37012 5332435472 134683636 94979236 167852267 66141924000 3643692532 133 47607536 3778909284
======================
   8      33 sdc1 61188622 37012 5332435552 134685052 94980540 167852296 66144586608 3644326188 105 47612540 3779542868
======================
   8      33 sdc1 61188634 37012 5332435648 134686556 94981846 167852329 66147241040 3644971584 147 47617536 3780188428
======================
   8      33 sdc1 61188645 37012 5332435736 134688176 94983151 167852365 66149901616 3645602544 151 47622540 3780818088
======================
   8      33 sdc1 61188655 37012 5332435816 134689716 94984457 167852401 66152562192 3646223860 135 47627540 3781445284
======================
   8      33 sdc1 61188666 37012 5332435904 134691212 94985770 167852435 66155230864 3646860024 138 47632544 3782083796
======================
   8      33 sdc1 61188677 37012 5332435992 134692980 94987075 167852481 66157883240 3647494440 142 47637544 3782716432
======================
   8      33 sdc1 61188687 37012 5332436072 134694260 94988387 167852524 66160554048 3648140668 119 47642556 3783365956
======================
   8      33 sdc1 61188698 37012 5332436160 134695924 94989732 167852558 66163210520 3648765748 102 47647560 3783992564
======================
   8      33 sdc1 61188710 37012 5332436256 134697756 94991037 167852588 66165866992 3649401272 130 47652564 3784631860
======================
   8      33 sdc1 61188720 37012 5332436336 134699184 94992598 167852619 66168533696 3650057196 157 47657564 3785272844
======================
   8      33 sdc1 61188731 37012 5332436424 134700944 94993917 167852644 66171196304 3650674696 150 47662568 3785903216
======================
   8      33 sdc1 61188742 37012 5332436512 134702740 94995226 167852693 66173852776 3651298284 142 47667568 3786532048
======================
   8      33 sdc1 61188752 37012 5332436592 134704192 94996540 167852727 66176511320 3651946120 132 47672572 3787180532
======================
   8      33 sdc1 61188763 37012 5332436680 134705940 94997847 167852759 66179167704 3652565616 117 47677572 3787803604
======================
   8      33 sdc1 61188770 37012 5332436736 134706784 94998721 167852812 66180929392 3653018608 0 47680888 3788220732
started
======================
   8      33 sdc1 61188928 37012 5332437994 134707232 94999145 167852813 66181717968 3653192264 157 47682460 3788432508
======================
   8      33 sdc1 61188928 37012 5332437994 134707232 95000574 167852815 66184544208 3653948464 137 47687752 3789191776
======================
   8      33 sdc1 61188928 37012 5332437994 134707232 95001914 167852816 66187210736 3654661304 139 47692756 3789905004
======================
   8      33 sdc1 61188928 37012 5332437994 134707232 95003239 167852817 66189875208 3655380136 143 47697756 3790622724
======================
   8      33 sdc1 61188928 37012 5332437994 134707232 95004551 167852823 66192488232 3656045824 137 47702664 3791287540
======================
   8      33 sdc1 61188928 37012 5332437994 134707232 95005983 167852833 66195156824 3656768832 148 47707684 3792009584
======================
   8      33 sdc1 61188928 37012 5332437994 134707232 95007382 167852844 66197825304 3657421784 156 47712688 3792725916
======================
   8      33 sdc1 61188928 37012 5332437994 134707232 95008832 167852856 66200492400 3658206100 148 47717692 3793446292
======================
   8      33 sdc1 61188928 37012 5332437994 134707232 95010218 167852870 66203176904 3658916188 138 47722748 3794169988
======================
   8      33 sdc1 61188928 37012 5332437994 134707232 95011644 167852883 66205850248 3659646996 153 47727752 3794890456
======================
   8      33 sdc1 61188928 37012 5332437994 134707232 95013100 167852893 66208509624 3660339008 138 47732752 3795605520
======================
   8      33 sdc1 61188928 37012 5332437994 134707232 95014649 167852905 66211165192 3661082392 156 47737756 3796321504
======================
   8      33 sdc1 61188928 37012 5332437994 134707232 95016322 167852917 66213840592 3661797364 148 47742756 3797041132
======================
   8      33 sdc1 61188928 37012 5332437994 134707232 95017804 167852929 66216491264 3662514800 140 47747760 3797758304
======================
   8      33 sdc1 61188928 37012 5332437994 134707232 95019272 167852939 66219175448 3663239928 143 47752816 3798481944
======================
   8      33 sdc1 61188928 37012 5332437994 134707232 95020758 167852957 66221850904 3663888148 129 47757820 3799200072
======================
   8      33 sdc1 61188928 37012 5332437994 134707232 95022263 167852973 66224504224 3664679616 131 47762820 3799917836
======================
   8      33 sdc1 61188928 37012 5332437994 134707232 95023943 167852989 66227172288 3665329856 147 47767824 3800636152
======================
   8      33 sdc1 61188928 37012 5332437994 134707232 95025541 167853002 66229827960 3666051124 152 47772824 3801353380
======================
   8      33 sdc1 61188928 37012 5332437994 134707232 95027032 167853015 66232506552 3666755640 134 47777840 3802072820
======================
   8      33 sdc1 61188928 37012 5332437994 134707232 95028589 167853028 66235163048 3667545500 148 47782844 3802792940
======================
   8      33 sdc1 61188928 37012 5332437994 134707232 95030094 167853042 66237861800 3668219652 147 47787904 3803518276
======================
   8      33 sdc1 61188928 37012 5332437994 134707232 95031602 167853059 66240521688 3668987816 146 47792908 3804238464
======================
   8      33 sdc1 61188928 37012 5332437994 134707232 95033126 167853076 66243184336 3669702436 156 47797908 3804953680
======================
   8      33 sdc1 61188928 37012 5332437994 134707232 95034626 167853090 66245854744 3670432380 133 47802912 3805673304
======================
   8      33 sdc1 61188928 37012 5332437994 134707232 95036102 167853102 66248508344 3671137776 130 47807916 3806390412
======================
   8      33 sdc1 61188928 37012 5332437994 134707232 95037585 167853119 66251188424 3671862596 151 47812916 3807109872
======================
   8      33 sdc1 61188928 37012 5332437994 134707232 95039170 167853133 66253836504 3672572792 137 47817920 3807826312
======================
   8      33 sdc1 61188928 37012 5332437994 134707232 95040676 167853146 66256489776 3673279420 136 47822924 3808542244
======================
   8      33 sdc1 61188928 37012 5332437994 134707232 95042193 167853162 66259163976 3673761532 156 47827924 3809261360
======================
   8      33 sdc1 61188928 37012 5332437994 134707232 95043717 167853172 66261815936 3674731624 139 47832924 3809978168
======================
   8      33 sdc1 61188928 37012 5332437994 134707232 95045195 167853184 66264470424 3675445560 132 47837928 3810694508
======================
   8      33 sdc1 61188928 37012 5332437994 134707232 95046700 167853207 66267144384 3676057536 130 47842932 3811412860
======================
   8      33 sdc1 61188928 37012 5332437994 134707232 95048313 167853216 66269797616 3676853768 151 47847932 3812130444
======================
   8      33 sdc1 61188928 37012 5332437994 134707232 95049807 167853229 66272484552 3677526376 129 47852964 3812852340
======================
   8      33 sdc1 61188928 37012 5332437994 134707232 95051334 167853244 66275139640 3678303800 141 47857964 3813570712
======================
   8      33 sdc1 61188928 37012 5332437994 134707232 95052829 167853254 66277810488 3678963608 149 47862968 3814288120
======================
   8      33 sdc1 61188928 37012 5332437994 134707232 95054347 167853268 66280467240 3679758296 138 47867968 3815007292
======================
   8      33 sdc1 61188928 37012 5332437994 134707232 95055955 167853280 66283132024 3680437184 129 47872972 3815724420
======================
   8      33 sdc1 61188928 37012 5332437994 134707232 95057535 167853297 66285790552 3681191144 152 47877972 3816443468
======================
   8      33 sdc1 61188928 37012 5332437994 134707232 95058989 167853311 66288456792 3681891708 139 47882976 3817160276
======================
   8      33 sdc1 61188928 37012 5332437994 134707232 95060465 167853322 66291127328 3682628764 137 47887980 3817880316
======================
   8      33 sdc1 61188928 37012 5332437994 134707232 95061944 167853332 66293783304 3683345032 130 47892980 3818595176
======================
   8      33 sdc1 61188928 37012 5332437994 134707232 95063436 167853348 66296463336 3684061612 143 47897984 3819315312
