289.6
7.5
8.1
11.2
12.6
13.1
13.3
13.3
13.7
13.9
13.7
13.7
14.2
14.2
14.3
14.2
14.3
14.4
14.6
15.0
14.9
14.9
15.3
15.3
15.6
15.8
15.5
15.5
15.9
15.9
15.9
15.3
14.7
14.5
14.4
14.5
14.3
14.5
14.5
14.3
14.4
14.5
14.7
14.7
14.8
14.7
14.7
14.9
14.7
14.8
14.9
15.1
15.1
15.0
14.8
14.7
15.1
15.1
15.0
14.8
14.7
14.8
14.7
14.7
14.9
14.7
15.2
14.6
14.7
14.6
14.8
14.7
14.6
14.9
14.9
14.6
14.7
14.9
14.9
14.9
14.6
15.0
14.6
14.7
15.0
14.9
14.9
14.8
14.8
14.6
14.9
14.8
15.1
14.5
15.1
14.7
14.7
14.8
14.8
14.7
14.6
14.9
14.9
14.8
14.9
14.9
14.9
14.7
14.9
15.1
15.0
14.9
14.9
14.8
14.8
14.9
14.9
14.9
14.8
14.8
14.7
14.8
14.9
15.0
15.0
14.9
15.0
14.8
14.9
14.9
15.0
14.8
14.9
14.8
14.0
15.6
14.9
14.9
14.9
14.9
14.8
14.7
14.8
14.7
14.6
14.8
14.8
14.7
15.1
14.9
14.8
14.9
15.0
14.9
14.9
14.8
14.9
14.9
14.9
14.9
14.9
14.9
14.9
14.8
14.8
14.9
14.7
14.8
14.9
14.9
15.0
14.9
14.9
14.9
14.6
15.2
14.8
14.9
14.8
14.8
14.8
14.7
14.5
14.8
14.8
14.8
14.9
14.8
14.8
14.9
10.7
